4000
536
5338
2504
6890
9275
900
8469
7074
6381
925
1415
8022
7639
4469
9942
1632
9257
2211
9101
6468
9397
3107
6702
78
7466
7769
9412
1963
1471
7651
1443
8749
4102
3658
8124
398
6337
5895
3117
4700
2404
329
3263
9871
2191
8680
4231
1431
6563
1078
2464
4525
1656
6411
6488
2424
2945
9980
4478
9049
6197
2009
8293
6832
8392
9126
4837
6496
2541
4145
6694
2232
5261
4664
3732
1454
8255
8722
7383
8204
9365
7895
2610
3522
2703
3150
1597
601
4434
3759
7549
5751
4595
7570
5546
9639
2123
8911
5238
2956
4388
7286
9157
415
5323
1679
2994
2019
8689
4487
523
1950
1136
6026
472
5405
3933
8945
5381
9224
8702
4630
7350
1909
2380
6625
7613
1145
9785
7980
2201
7935
6713
2090
1647
5458
8006
2103
697
7716
7983
8389
3604
9355
5021
8331
7867
7678
8977
6919
7306
6261
8757
2891
1522
9846
3721
9713
8380
6271
3082
9704
8143
4511
5562
1314
9267
4787
5361
299
6321
8304
9547
7221
6042
905
6785
9390
872
3433
5037
6444
6342
984
8962
9559
8433
2061
6364
5105
5250
6103
4793
4978
3683
1055
9689
2920
6683
7459
6620
6600
3487
3344
1779
4730
7135
3057
161
3378
4943
8999
7365
5290
3574
4161
6240
3026
4958
3207
8588
275
2074
60
9076
7682
7807
9321
5925
7239
1223
6590
264
3694
9135
4673
4352
1587
69
4752
2697
9745
4191
4370
7415
130
1385
7504
5126
6318
5171
249
8454
439
3042
1036
8446
991
7907
1940
316
4306
8360
3004
9023
5010
8212
230
4403
8556
8132
7694
1787
2389
1465
287
3461
8832
6542
2978
9763
9940
9563
6677
31
2933
2633
9289
3858
647
1185
5741
1912
3816
2050
4934
235
7333
6507
4886
6777
3259
1083
639
1237
3761
9901
8418
7760
7733
3421
7950
5306
5795
4616
7005
8867
4452
5298
5809
2161
9660
8195
3925
95
4099
6477
8988
6804
3667
8645
2515
5711
7799
5959
1130
4131
7845
3329
9855
7150
8921
1011
9796
7374
6969
1716
309
734
1740
4204
8407
1887
5554
4341
8111
4643
6296
8791
7121
4177
461
8104
484
1667
9829
4706
10
772
8473
656
4025
6729
8241
719
2582
2431
850
2786
8739
3070
8619
7018
2351
4581
6658
5919
1291
1838
6820
7155
5696
932
2656
4848
3555
3399
5537
9092
4711
960
1681
3828
4823
5446
8361
4184
9816
6922
2734
1499
8826
4314
5433
4339
787
7531
9804
5505
8038
3364
2035
1859
8089
5618
4652
1041
85
2276
5047
5072
6932
3680
3077
1306
8842
7929
4061
2684
4510
1065
3516
9477
9051
761
913
9881
3899
7488
4905
6245
2226
6949
1764
8565
8578
1267
8761
3359
2028
1108
2612
2186
2921
5311
3442
1796
1400
4563
6166
3835
7021
9206
8525
8171
5734
612
7085
8854
8020
2774
2460
1550
5069
6254
5486
3628
9930
8623
4559
2752
9350
1481
2837
6795
5823
108
359
7407
2058
3509
6909
4572
3841
198
3454
3918
6825
2553
824
947
7650
6359
1748
1985
6217
4429
8665
5961
9219
3289
5164
6008
1532
6455
8230
2254
3140
5195
1556
5689
6440
202
1514
5015
9661
1508
3178
7839
5932
7163
6746
1924
7359
4548
7205
6849
3316
171
374
6604
5116
499
1356
6131
9896
8610
3410
9831
8888
3619
6631
2420
6853
6530
8712
1423
6669
6371
751
2400
6056
4274
6122
2624
3184
6063
4601
9111
5985
3988
3905
5158
5216
3955
7215
9967
3594
1211
9432
4124
6763
2527
3039
7593
2172
3014
1200
6511
5273
8165
8283
4153
6552
8273
4538
5769
7877
517
7448
4926
589
2727
8047
7432
2862
4892
7519
141
4746
6737
3093
2492
6899
5639
8099
9409
1093
5468
8489
1829
7553
9986
3419
5581
9335
807
1159
1610
2245
6174
4988
6979
9733
9070
5831
1845
4962
3191
1376
8779
7665
975
8787
6952
2826
6158
5726
9865
688
1330
8323
6866
8511
2872
1280
7067
5427
259
5645
9238
1346
2287
3708
9303
3158
4774
9495
5881
3771
4688
2335
2114
1367
6576
5860
2887
7316
2981
5867
3563
2315
6224
593
4009
6535
1205
9611
9169
9722
9532
9515
3631
6037
7094
8159
1998
5595
6990
5623
2642
5579
3237
7183
3499
9621
6753
5516
2487
4635
3588
4997
6081
9951
2750
3747
9196
9521
6142
9174
115
703
23
4286
665
4869
5949
9248
5976
3162
1255
3975
4416
447
4264
2346
5652
9647
9441
4330
1173
9144
4249
5052
4012
8632
8270
3879
5142
3802
1120
2152
3540
8817
6118
728
3218
4855
2304
5354
1956
6306
9315
2535
7041
1803
4223
1707
7585
7105
9760
5678
7427
3127
8691
1618
5996
7255
2964
9089
4297
505
7881
5777
9584
8898
857
4080
2098
5901
2362
4812
4036
4045
5842
2573
7774
9462
2814
745
3884
8183
8424
7264
365
152
7818
3864
9694
7963
7959
7034
7580
4391
3647
8802
9457
628
3477
9915
3950
7273
2860
1572
8057
7729
2593
2298
2450
7786
833
9291
5787
2792
2264
5811
4496
5187
3389
2670
9579
20
4801
9776
1332
4087
4214
8236
1972
7058
4911
8879
7177
214
678
9487
556
4450
345
9371
4764
6208
2845
8537
1813
7193
1290
6290
6874
5525
868
339
4378
131
1001
4058
9671
2909
9017
8504
813
5207
6012
2770
3794
5135
7395
6421
1626
3965
3273
569
5872
2327
1247
1897
571
1163
2711
5669
8591
2566
794
3308
1403
5609
3242
7323
8940
5095
7860
6076
5083
5412
6650
456
8543
8902
7118
5223
9009
8068
5499
5399
2471
6401
7479
1724
9602
427
2144
3549
7706
4258
7824
9188
1861
6999
5380
383
4734
8342
9999
4112
7294
7913
967
3335
1027
406
7495
6392
9032
8958
7603
5475
186
1872
6099
8492
1758
8316
3300
1691
7992
8079
2138
5346
2801
7247
4873
1565
9430
48
3711
7747
3786
2671
8655
883
547
3223
6187
5703
9502
9599
7523
5254
7623
