41422
95975
49323
26304
70191
6376
67273
7224
76417
80781
44703
33365
41654
97230
29371
65778
19727
21036
57200
46415
49872
83561
28196
73530
727
76764
84128
80570
10773
86121
38529
67008
11338
78446
58597
78367
74473
61658
98353
69245
36445
76795
35123
56336
51136
364
74982
64634
63907
85178
42746
19935
46650
17783
22172
90738
84531
20633
61979
32694
55192
77085
13312
38709
90888
7395
14271
47852
64316
73813
87143
16160
88654
42899
63953
2494
72519
83176
5951
72562
20423
32688
74204
19333
69791
26270
87137
2048
49503
26438
193
27891
59955
82090
19248
71467
50644
74894
58939
60010
76423
80558
21280
50025
30146
83454
14338
83771
35648
10175
14048
16303
29203
97663
22339
53595
7575
61518
24668
92460
70817
80161
86
2823
37888
60413
86969
43036
63297
153
57551
48789
32786
13672
4361
86304
66294
35349
91691
10404
6235
67270
75245
18085
19291
86417
43070
38230
89753
77054
80893
48078
32645
3940
15012
57062
4657
91962
35840
48691
41083
27872
55240
21009
96839
49701
779
16367
39487
10
81052
34034
84971
57941
45417
62610
25834
80759
65152
65571
50156
49003
23685
56681
93244
70810
44660
48533
75461
84644
20353
73990
29178
70148
13138
79972
61530
12211
99457
93842
70374
27482
48746
99143
79538
71076
65824
20917
45392
29410
86213
37806
89792
73261
75425
48667
27393
32920
30054
31046
239
78083
32572
22159
92814
16858
23948
53248
98954
55115
74515
99488
84577
70716
73780
73072
20969
76221
54798
12580
48215
18751
71747
26133
51319
75330
60801
13257
35087
64582
43442
97938
31879
75815
42609
88740
33811
58176
54844
76960
35724
49680
90354
10901
989
87198
74125
81720
23554
65729
6656
9412
28168
68424
49683
74787
17981
7438
8289
69120
33335
39963
54035
64576
60782
80423
74195
11258
95878
9821
48902
85947
70890
1017
86200
62693
10859
62098
85181
43500
61957
47968
50910
53834
75779
69895
1392
34263
96869
45475
80173
15143
1197
95673
27732
14924
63755
54542
14805
52689
83375
7282
15622
22220
49985
71955
32804
92399
69941
70032
16486
52314
23136
14185
65201
85502
17008
57926
40906
88572
5207
55048
7297
37372
60264
81482
9131
16758
51584
16700
34385
26767
9751
41095
74082
40311
57340
75269
15946
55994
63236
68470
94498
73411
69141
24164
63648
87928
67698
78129
24906
18491
81626
73600
64423
9043
21912
99140
1923
94214
53269
4804
4679
44925
62253
69651
59293
34888
84458
26929
15177
85828
70582
67566
48816
60666
91669
48957
26337
96021
82819
80903
23084
1655
57398
45435
76612
63974
8948
53562
28928
81809
16437
92069
98633
12497
18433
63474
73551
56485
71851
72257
64502
58503
60920
60523
10840
53473
71927
46201
78354
35276
66904
40204
76490
99634
82575
81452
77228
56168
40043
17899
71213
74579
52640
69761
67185
70499
97959
80866
53800
67450
86908
24012
46131
69880
7184
83039
1883
26975
94272
52308
85480
52948
33130
44190
8103
19379
43641
45176
21851
85251
52994
11249
96119
80326
8091
43152
54322
7441
31138
32142
99119
79386
71500
16877
4203
55982
56989
42099
846
96973
97687
59647
37290
96363
45426
62510
39103
13819
62061
92505
48652
68784
99668
12223
71781
12900
45752
81830
9873
46372
36664
31403
5356
93909
92261
69391
78837
5872
75001
17829
85929
211
26584
14945
71976
10871
75751
52717
58274
36878
51307
99054
7474
2936
77195
54084
29651
18580
51926
60422
32532
3827
35804
26056
75406
10972
6775
34324
41904
93165
33329
33094
16736
35901
61442
5774
49723
17634
72791
6189
32770
52552
5121
30158
1304
15659
39536
66053
45151
22703
23182
39286
37528
55628
55381
66379
35364
74161
15391
84226
54017
4166
59870
70163
69529
43348
68204
51542
74994
63810
89127
80030
30356
89533
93787
48899
90241
65275
35703
9668
66550
5988
68122
58301
54270
28119
87458
18305
94636
22672
26606
23276
40015
22995
64075
51981
61225
14603
19059
87803
30875
16785
74582
21946
65589
15467
16688
9055
30326
61966
58982
7306
2302
48267
19687
37397
58606
11179
37238
60602
77247
43024
20777
45621
96732
16617
36863
87754
96244
49149
19709
76975
77973
67676
37226
12351
86387
63868
89264
19770
17493
78632
16221
38627
21317
7267
46128
93079
50632
65720
58335
13492
59116
8625
91913
23707
2054
39719
76929
59757
42688
5246
16669
17380
11033
99000
21827
62656
53779
64908
52009
12443
23896
82749
54047
64103
9504
54368
3293
75828
40665
27698
85380
15723
31833
63855
90644
80542
33616
55439
48734
36860
85596
98621
36084
81330
60907
61545
35621
53141
28180
29770
66312
18454
69632
64515
70905
19803
95420
72077
70209
25647
57428
74973
12153
95780
15589
25480
93656
28156
52189
83500
2811
41047
24292
88450
13386
15415
27390
42377
34159
38788
64420
80625
4444
35233
65030
23359
12598
80082
38373
32212
41773
98212
48462
64167
92243
8780
27921
1090
29200
7779
8539
68891
67969
96756
63913
57108
77869
11567
32026
30008
45746
43265
20054
11558
64740
43738
5784
14081
91221
22614
83301
56711
60859
34684
8317
39707
10419
88160
40070
23887
2762
78238
56260
36536
19642
47690
33942
6534
17130
82978
79004
84513
92286
34491
46006
42923
70255
54355
93418
43332
89432
82883
99405
13074
93195
53083
32978
83713
2958
65626
53754
79200
20685
41913
32016
98377
98426
23505
54780
44880
62400
77579
85221
83555
32340
81925
13477
23545
92206
522
49994
76322
29099
57486
46155
74412
76050
40174
5881
88978
85697
47507
86188
7731
50596
9623
22440
93201
25483
28296
70838
90406
39676
69260
94358
89386
7749
49103
65360
56702
22407
11750
83680
54593
11979
88776
83542
57700
8048
43964
44034
52012
28385
31302
77561
57282
51508
74524
73298
17402
82117
91950
15311
42277
53397
44520
46094
21387
90946
39451
41877
82346
93036
88630
96943
97022
21836
46409
53119
9232
9577
29755
61075
11844
59314
27277
13120
73850
24537
75333
45005
96485
12470
47516
72059
74689
89484
12345
55460
6925
19184
69327
1063
80594
4078
38553
96845
57267
58738
85566
87250
97739
34244
27012
22461
99280
29480
5289
14234
73240
50705
11832
26920
99103
41700
52051
9839
10148
31580
45508
91483
75202
90131
20447
94535
93509
52921
28147
80732
9614
81916
89777
94983
85917
18210
81794
32447
37867
54694
39271
27372
46503
62003
55015
33899
14683
7764
48356
38712
66361
31928
5646
75351
37348
56897
74946
23093
7316
99372
64560
68323
38886
92145
56031
87867
88419
48920
79917
2503
78794
95459
25791
92972
98765
7151
25284
92710
19825
15668
50440
67661
36106
66282
31687
30335
11854
98713
2442
72715
44410
51066
8005
30045
64606
71131
34180
7462
19401
80967
75950
86487
14856
60492
49283
47593
30643
2854
46430
7679
80198
47294
81632
22413
94602
93839
26005
58011
72132
62369
54746
55695
66608
98588
40485
55320
77063
99567
59437
75968
45716
19513
46891
57959
10349
56061
80137
15644
61847
87278
2195
10203
16968
89844
87748
6299
78269
36286
20090
6193
52079
1615
42157
50870
90296
55567
18421
75870
49433
89203
43921
41431
62702
11152
18012
23755
28684
94065
67521
58042
44758
86875
72437
73908
63346
58530
97272
13791
99170
88755
81217
75016
71540
90198
66102
68104
46940
83982
17957
33417
26822
1438
40583
1688
30170
17099
65897
60596
93604
72129
67344
49051
32822
96854
8765
99827
79792
29831
11814
13849
80918
58771
27826
51230
26142
60120
49787
52823
37122
25437
22556
37922
42875
11142
98139
88273
34952
82291
12281
53901
70105
74872
44449
65488
18876
76154
56882
33805
83759
27619
7987
18055
7511
56605
18326
71372
36451
68525
2030
27335
78974
76316
72767
32209
14881
11738
52903
85129
86634
52460
69385
49946
40571
42829
50538
23368
48801
95368
73139
79145
17930
56910
46760
84910
15287
68055
84961
26114
33729
4084
77439
62085
70115
81745
24823
56354
79410
67621
1249
48881
80497
51911
19510
79355
37418
23838
12589
62797
31290
12931
23206
27143
60013
30442
52805
12452
20237
85874
24494
44571
98942
74778
32129
50358
40195
40976
66175
42676
2738
66321
53205
91117
41245
56177
56629
90091
4697
76197
84836
32230
91639
52485
50834
81046
60874
21287
56522
2894
53010
48606
33115
88300
78776
42737
84278
90583
35297
91062
61600
63794
83906
89142
49753
1545
48945
54416
76966
14286
68290
24622
28861
61615
81373
54722
26786
14295
50583
65522
38517
48475
34647
69355
11463
18668
29816
48041
38508
81232
12003
88913
62381
43772
54670
78641
18677
12473
90107
27933
8872
13038
18928
18110
3925
44590
33683
66880
14637
33002
5573
24207
47065
2335
34675
84162
23264
11966
71735
21998
82288
66489
30857
35248
34418
35380
20124
67545
2604
89444
30945
16144
34131
1349
60337
78937
53971
33780
74222
40671
757
21048
71967
93543
26658
21250
43302
46729
16517
50480
17972
59266
59287
90479
59232
3241
58643
65442
98615
82374
82856
97568
40641
92716
13862
4593
61054
82203
53364
54249
74933
28
41752
80158
80408
64658
12729
2991
96894
64710
715
60206
71555
12916
24869
26667
60544
81254
30201
79578
4474
75678
79416
1075
32731
12092
8399
94184
29059
64365
59580
50382
12388
99643
66050
13245
37058
5509
22239
30555
5817
2201
10257
18412
77479
58613
63401
84900
21540
31983
18223
20823
37027
42521
35337
64112
815
37580
18174
17603
78348
58814
59940
54511
23316
34879
64765
75846
6931
71048
5552
74555
40793
16
65473
38895
61731
56455
55002
83100
20597
76401
92533
78214
14792
86664
88855
90903
22721
71943
64621
92441
60712
42865
59083
1642
77131
92521
19251
13175
43583
62247
87284
86994
87623
32044
65262
61622
48127
20987
13010
43714
32831
2985
85434
98124
7801
53657
87073
36908
98044
50043
79422
70316
43079
84104
61359
58451
31824
901
48102
13456
35740
46219
35657
96079
4548
32151
73661
76139
37824
44974
98234
10358
20136
5799
81592
36551
41391
17487
68097
77372
22822
46885
2796
33674
36707
25754
47910
12333
80057
82905
39261
76624
91874
74219
62589
82221
46186
4392
73380
3916
44855
39206
10273
67850
12861
29117
44156
49177
9040
50330
59559
11664
7920
35605
30683
78580
82914
33594
17225
45029
71100
35688
73249
37449
51633
26383
87909
69568
23411
67328
63544
8124
35428
63431
24222
92740
28611
64448
6632
48084
86081
77939
56049
96937
89805
91135
17798
61167
25528
25181
12607
47382
33277
10746
5451
12012
82789
2326
19816
40549
36313
21793
8530
84366
1990
3891
13300
51413
53037
5311
92280
13501
4380
34476
86924
86780
33640
3660
13837
81672
98990
27341
54587
18583
41013
61265
69468
93232
61149
36780
30674
59821
70310
3797
82248
38819
95084
78077
61988
96720
27808
94654
65882
30594
93613
16834
56308
91105
35206
72843
33564
20887
18958
89115
2094
93143
79029
47339
5259
70646
24003
64536
43610
46915
37833
45337
83762
19367
69208
55216
64945
5213
88694
37455
52149
10492
27173
94129
15854
12146
1102
63981
54954
4523
4813
56641
79621
59095
54645
98884
18973
13920
72544
88886
62717
2659
38160
90220
65909
70521
78425
12119
63691
39780
75098
60361
34995
57660
86432
35959
12122
39444
76725
97129
19208
13016
71705
61802
45661
3605
40223
96229
11042
42063
9730
13364
42426
32721
79154
61689
44642
19611
82529
51178
28055
32630
47016
68296
14820
83167
87314
98438
90989
4282
51438
18146
62208
41349
88257
89597
24183
60242
15760
50037
20542
10523
79603
73496
99915
77030
10700
78516
39744
58320
88016
18250
57407
38700
88926
34791
21000
675
67588
36472
8597
42954
76502
49561
8646
48496
71906
39936
69648
83365
60468
70539
9784
38434
70945
21378
6098
31943
666
27567
88077
47986
25095
80436
32886
34717
57874
33841
25425
74808
56553
64744
538
98
66480
64475
75635
2915
6070
54477
47104
71235
70026
32193
55347
69156
71528
27356
81650
87815
46561
81653
66944
15693
76633
59122
5112
68537
78724
82877
8024
86454
24912
96335
2244
96744
36722
26780
97031
28376
99469
89277
24195
35151
29133
19733
89411
75501
36075
80671
91334
5839
56363
65241
71195
5921
61301
8701
36844
58329
75297
28452
9934
91401
20972
99012
31904
78785
34467
18912
90528
60050
50721
7902
18061
84610
17466
641
77747
72907
84635
50550
21348
48166
48502
71433
27057
48209
86832
16254
87571
58487
50284
33851
38447
12250
17673
53135
17917
27457
64454
74744
75693
40406
4984
73279
32276
57346
88813
35972
15162
79166
86857
85199
7825
52771
87354
7718
27164
18555
71128
73826
99476
12922
64069
90665
35181
85517
62482
58759
5167
59971
64203
43378
93717
70621
69318
68937
81135
66816
26703
95020
99793
45307
12238
2152
6916
79206
22260
4307
97916
38138
18726
68497
94697
22715
69343
35795
72266
40860
94553
24527
3003
87723
56379
32068
47190
67194
24347
94779
67740
3849
94941
24613
88318
88266
52445
26215
44791
36179
15271
67215
42115
15543
79880
61341
89948
38297
34256
9028
89686
4038
28287
94797
4004
20615
76716
24756
79221
27247
8985
24387
28849
69266
19175
8280
17585
30457
65168
68033
88343
12507
96637
97999
33655
26020
41105
98752
28776
44803
42222
87015
3571
8460
58008
83088
37595
82038
83155
51423
56925
84058
40952
26496
84385
3699
52881
75715
70844
20286
40271
6983
82068
15458
36374
66803
88828
49387
59736
10557
84464
91904
53516
73063
2240
22483
2637
84693
16718
76731
21885
59815
28937
13620
11112
91291
13566
49112
19584
22025
76984
63675
83625
29545
42014
7105
34604
92328
22840
97168
26816
26410
26221
30930
19831
33292
5146
49320
98270
74924
20694
67463
91099
29880
29908
94324
16709
25263
54651
78962
13807
93802
81028
45267
51078
91385
21760
87620
36429
48832
7670
31760
76276
53351
61466
63190
51706
58536
928
95029
66742
96470
42661
39310
69620
90149
27533
68415
86814
21338
28437
5616
85453
41443
48053
71229
22443
84943
61908
31705
36219
58442
40806
49466
5011
97471
76526
260
37308
79020
53330
59171
24021
26246
47553
94742
1215
90461
79764
16379
36469
51380
86164
30179
44895
84629
91266
11368
2884
79313
70566
25580
53074
6406
48676
35911
49579
55283
42243
68512
68162
2469
53165
44462
77674
94959
27640
40445
94916
11536
41208
34839
92295
96045
32944
62876
71460
36045
28467
59415
80805
54770
1053
33036
85047
3434
10892
92991
6281
18644
82532
54313
29630
75480
84198
84211
60706
86561
38239
59675
26441
51285
56281
63468
21955
13230
50293
14774
27094
43271
60080
89359
85212
52033
1667
81965
96534
70136
64356
50629
92966
88620
5292
79480
28971
80304
18625
61579
90369
1114
17319
54004
38407
87485
30820
56052
81208
53537
92121
62745
82517
4355
2176
14756
67600
50913
16947
60032
68992
20499
55204
2134
66758
31006
90796
23115
33240
5192
61606
87824
36030
21134
95743
74869
470
72608
44144
29352
29947
52259
8490
33933
34318
75623
56510
36158
22669
92051
81839
95957
21268
37998
72855
74045
20524
16169
99045
20737
32554
15033
59339
30939
79639
89344
33344
65186
40555
83072
61582
56998
61271
76835
95160
44687
33912
17881
33536
75440
62754
72812
43406
29068
30475
82352
96070
21891
65531
55228
67106
77811
10764
70359
5265
39197
82483
11008
53238
53016
68177
80146
85138
67057
63761
96818
26536
5536
31318
27579
4151
52344
2121
35486
39988
4642
50376
21576
27860
86036
17936
32670
31501
94254
99094
42722
75043
25541
70472
79935
68140
55649
58191
65302
82621
1978
31940
97580
47825
2430
83957
73160
86841
13123
26886
59061
8066
46592
26682
64005
52207
94437
82944
24122
76804
50336
1844
18351
29032
23380
86738
35141
43458
48096
24878
34116
13407
67042
93528
66083
99753
72623
98740
37143
68866
91254
46387
39243
23734
89011
35456
24445
68018
23194
74720
94724
995
60624
83991
75309
47526
51105
53461
35785
8497
1761
10380
11091
22001
2253
78858
2167
73108
80454
23444
72757
54209
92875
95737
47123
13373
2366
75229
77887
41062
43296
67533
44523
22733
28183
17450
64298
29490
27906
16868
62156
55613
95841
37723
1279
62281
16388
59073
65452
5546
67875
78159
35386
92637
30527
48621
66956
40326
95890
85813
89817
65610
97434
6528
69028
51767
63486
99674
28031
56189
76255
76093
2540
18897
95527
33515
5381
97464
52607
79667
59458
96619
57856
45185
52475
62348
9513
68442
11585
93302
78016
59208
21497
31437
38907
34198
42347
46171
97703
10068
48758
35755
58210
74231
24784
80951
27988
73209
29670
27231
58881
46338
97407
26429
10999
37436
82468
29966
22849
38602
56519
12079
51200
47651
57767
42536
8930
94993
77778
91279
36268
10718
75898
37549
31626
70383
52863
28531
87119
41028
62116
36744
86069
36182
88401
83597
13880
11121
22550
98331
18537
77765
24671
7786
44126
69758
85029
766
13239
18235
10724
93436
57099
3724
82010
49659
99210
55954
9006
9443
91028
62574
54059
65384
85297
50278
59049
37958
86500
32291
29014
61490
71293
68067
48038
34739
45209
77259
98472
37937
6513
75748
51087
5002
51297
26169
74299
78626
97101
88242
55808
85529
43705
20478
6321
40104
95444
17505
62598
16883
65174
97358
88141
48276
36976
13898
53055
78888
62238
7331
3559
19535
10117
15366
41034
72556
4114
25950
76301
31534
35413
99744
74680
40455
57538
92072
5485
41120
75876
22266
21610
51975
46363
25843
37815
35575
91321
31052
61396
74469
73087
3190
65680
88285
47538
7834
2317
6748
96659
12754
79728
92377
1539
19214
21293
27991
84284
90696
82264
23774
36008
55179
69239
44727
18137
89634
75913
77414
85166
24881
16395
61197
64805
1786
75571
82410
78708
56107
24775
93894
9360
53937
56611
61402
92542
60758
26624
1233
59565
91752
62638
30604
85969
88715
977
69687
63501
50528
89136
15748
92911
61899
39002
49012
64524
22910
94349
87565
69813
90064
20261
30979
22370
45096
5634
3522
38059
90223
95264
58973
91059
96006
15000
94172
85267
64951
19288
88456
48862
42838
4920
98057
16541
88108
97181
33198
28364
4459
27659
44779
59778
31492
47703
73115
77668
614
3345
86258
96763
39820
80045
55259
21253
40079
73169
17048
18821
54303
24860
91675
67435
26529
95163
86445
66303
79816
87388
48221
81434
85572
71674
9772
80719
65217
49350
60792
89573
64329
91788
49421
9534
15940
98014
32071
88907
56131
22922
101
52152
38944
2714
1130
43628
83518
69852
18366
23667
85068
29438
79123
26172
13266
67606
6687
98066
38874
54349
43393
72342
39786
96985
29572
24158
97800
31153
88053
65922
78821
70417
67954
96793
26395
62845
85557
18796
19101
79267
79502
58426
67286
83399
55716
19773
95862
78995
96906
86692
397
5393
1032
55365
8216
33317
29130
20008
88355
69571
78025
13697
21567
9305
94040
43
86472
90873
67704
7700
99848
94620
77427
23282
75104
84821
10077
71253
26459
45951
78177
87186
5756
84849
21634
38859
99964
40925
72443
74012
52961
99085
59992
21665
77366
26188
43870
60975
79648
82364
41892
78595
21735
80668
90760
23789
97281
18311
60386
55329
1139
17853
25995
51407
83429
44346
3266
86350
54734
89069
83686
8420
95810
70774
28782
73191
77543
8555
61936
97846
46042
82303
8161
95072
62223
84354
23725
32743
7618
27411
88999
50242
8085
63413
53690
70933
21973
14115
56806
44376
65738
49183
39374
24720
16495
1005
34079
75837
57001
49219
50364
8787
12140
23581
2643
41672
61673
22938
27701
51896
45646
16062
96052
54191
37681
19440
24488
67295
88227
57789
40516
45069
44196
77637
61509
89005
66117
79737
74076
25239
5610
41987
62946
28321
38495
47870
40986
55936
30283
17206
6275
41266
24576
75174
75660
5329
34809
38276
61106
56742
35987
74149
58878
76340
51154
68683
69419
25589
48594
2558
43543
37070
88175
53309
81174
79294
80094
66593
50577
74054
93866
70090
65754
83527
90638
83649
2585
33387
94886
74329
72272
95765
59797
54752
66123
27192
91712
85010
18274
99512
14121
95325
98819
88633
35999
94782
11829
42383
85904
21451
76453
47095
73514
78406
67862
56931
80884
45371
96967
17569
75992
44260
55469
83915
32038
78272
47931
24106
65632
80485
75599
34922
41361
9141
38032
24146
50239
12702
35047
97413
14057
26728
79218
14698
37168
35593
12400
72822
78736
5097
28232
64716
89628
89377
42847
3272
15238
6251
73932
55295
89765
2677
94013
41492
38166
49973
99836
55372
36933
65549
97828
82505
26258
24656
61872
84986
62015
94709
58558
71402
28733
28727
428
5338
44770
71360
84809
31171
52625
27131
27283
80982
31980
69007
58912
23108
51801
37299
64301
29075
83103
41410
78492
87671
36069
2006
51789
64048
87659
6870
70432
29740
75214
75162
84583
72776
74152
83970
5716
99357
64197
70917
77552
95252
37699
8674
55
61792
88212
66187
34150
53849
86249
97333
25361
23865
2417
58515
59034
15897
30436
32935
26063
77622
63819
48307
41681
3354
67631
72364
92930
11429
71564
48435
94523
58545
30732
28498
84549
10929
10138
10804
63892
39521
57517
70185
78254
27689
72870
41993
16016
33530
11982
84379
91724
71399
35816
31150
20704
90705
50403
88990
71250
39060
51954
33985
66724
59101
78895
72641
50342
35471
90168
51447
74665
54239
57612
95041
98005
28815
21518
11493
17267
86011
79343
77353
69190
35172
37897
5234
35117
31858
4419
63242
29728
93152
29789
49531
94425
10953
76911
52411
40522
20301
33643
78324
68607
39368
8472
88398
42710
69339
30658
37174
72928
92106
28241
69831
52070
63389
49125
89463
27088
67493
68451
43219
57224
62427
6104
44422
97062
14173
93635
13938
10688
89234
60816
45795
16453
3418
76938
45829
90818
47886
49241
36582
63883
37790
39164
70405
52219
97159
91538
22892
28809
68146
72730
67145
43662
16895
84244
51365
85767
10230
55262
39411
25687
1865
59507
458
68751
42139
82041
37552
76780
43235
54462
17157
98508
37006
44065
24509
16269
81519
56870
63517
86429
37610
76474
94843
96122
89283
70328
41074
50806
14835
15690
66465
7590
93467
47974
95282
39594
13483
66999
43937
61558
30713
5179
42002
82847
74643
15406
14454
68503
9345
73053
42515
22626
56006
67090
28873
76209
54380
3507
34665
89954
39667
8185
6443
4902
36228
76386
52118
20249
28077
23346
65018
87034
70008
38831
84882
19022
89698
59189
11780
3983
27976
52570
43915
34916
10181
25824
79896
77537
31189
62037
86027
38620
52643
27845
22458
79450
84076
73050
57279
22031
60309
31370
60944
78132
29169
55759
30991
15561
86551
14206
95060
53959
44138
9256
55588
31589
46622
59351
10392
80921
73127
74546
44263
7941
97886
89493
70463
48554
52790
56220
87717
18009
14097
8991
10630
51667
82383
47947
54908
13212
40400
88590
10441
91932
52982
14509
62412
89032
1316
42600
17173
84156
62970
95063
95701
49958
94449
97141
56699
15378
69013
4532
63608
82190
57569
59882
50208
41288
629
2292
6147
90452
67655
23234
88489
79526
47721
64084
3489
95197
11869
81421
17994
18198
47733
26413
67817
75385
2567
67353
78058
6223
23423
58109
6489
20209
3974
40732
94391
72040
44211
60764
13190
76944
33201
67154
8918
1337
3193
41169
37183
47574
86292
14905
81418
48517
83710
72455
73539
1679
73026
91822
40821
76789
47611
89029
69889
61719
83732
72989
45917
35251
68332
49235
65796
82413
82441
19169
86750
29227
7093
26240
19095
4847
19443
8506
47605
42554
14524
16462
18592
97098
70075
58698
2698
54142
36405
57059
71619
11805
49378
83127
29914
33079
58396
99866
31116
80225
58478
76063
7953
93760
66416
98935
94565
14380
25986
99180
62958
95334
37137
6302
46494
38654
72172
10590
9894
56330
63004
94282
86649
60849
22800
21329
65790
94050
44959
92490
69492
9198
226
14222
80539
65006
83231
50992
31867
24408
23078
72413
38468
25260
6180
84498
45939
77790
49604
43122
66590
80359
11872
52045
89713
46808
81189
63147
5674
31785
85706
97236
98514
33906
34971
89896
61255
33454
71442
6470
15497
14481
3037
90790
59989
6733
93378
52533
65815
42182
8610
86548
96686
20383
96610
25083
7639
45817
30115
55634
11326
59491
85721
86603
17814
55036
46521
33741
28641
5088
49860
70511
61765
83667
5280
56818
3260
10297
27778
68042
50138
68241
38721
85279
62171
15201
42090
80848
99186
93644
57688
47477
40992
97220
65937
60651
46964
10642
57123
19959
39182
40687
78507
84009
25245
35898
45850
91556
39658
22635
40961
82071
58237
83939
36167
65659
65375
88306
1453
59653
26691
51096
38764
30759
26847
61185
23911
87873
41471
88526
40946
1517
20563
48407
98157
34366
63447
30790
15128
66199
68390
18506
89316
51328
31360
245
95121
23462
1401
93052
3815
95395
97049
63065
47287
73810
36115
35264
51273
28342
28315
31763
49863
22577
29465
58854
95096
39472
20621
39438
51264
34025
13718
4215
2930
69373
12699
92560
9400
24964
80188
30405
17194
28705
98368
42127
92386
5134
1856
80207
69434
89405
25971
86207
6766
90253
7377
47584
58158
11417
22641
97306
87610
8967
63712
88431
31620
36359
95920
39142
92032
4963
43525
69370
96476
63492
41642
40601
16999
48313
10019
59144
8579
44019
40308
47086
67792
32792
89197
62146
2964
98029
65119
67020
61631
98792
21161
89872
17457
74912
7856
57447
37485
13334
87552
21714
60639
3885
30710
88065
43757
70652
66520
50507
14243
20115
96436
34440
23172
29599
56434
6669
79984
24686
71210
95966
77103
72306
6357
88727
44986
80472
97617
91233
59467
1465
37461
36146
79096
1725
9714
90003
43412
35932
4389
98209
93174
89924
5182
24979
83793
91797
99335
38199
2662
28205
51252
33014
81080
4960
25611
39097
41562
26465
81528
24271
52030
45539
30423
99997
99344
55063
21216
90122
58967
75190
20402
24177
93064
50858
61457
96528
18653
87046
12021
31720
51053
498
18866
32416
90604
14548
75602
60996
93979
46030
31342
82779
14475
90427
40217
32108
7871
88199
73481
12711
85285
17292
21360
70551
35462
17148
45286
63965
84015
97873
92426
36194
60285
72703
59366
37623
70487
7422
37650
87491
75528
36234
37977
33222
87473
76285
68909
52698
41630
79847
67804
29560
31916
36280
72010
90915
71711
84089
39518
54883
20759
73719
14319
68952
40592
29954
41468
85337
85636
67420
84659
52097
97623
480
78657
47959
61707
6025
14765
3834
52262
30036
16196
63114
64484
8176
17414
60676
62623
32633
86976
57578
82331
36020
15778
44007
47156
91346
7792
49808
14979
39899
71576
4053
33628
91437
22101
75852
14161
7728
30027
18744
41932
85734
20044
52527
1142
10239
73731
33213
87888
25538
29676
82752
40256
9855
19999
46958
60489
30140
36338
21653
93931
96396
68259
94404
68848
18467
5970
18714
51758
97727
97696
14563
72379
5225
46863
6266
52125
8698
63175
95426
80530
22953
54557
39255
52738
35358
77155
81702
48569
8310
29349
93985
29218
87336
67386
14139
42447
59894
17521
73282
77607
15058
60068
64435
78043
14747
39902
93592
81162
95142
61210
97443
63138
12653
95383
89975
35636
68113
92936
19388
14145
39332
4191
98282
70273
80707
30375
17133
85450
78107
48527
38093
80683
65101
60590
15995
42933
4026
76883
64249
10651
32773
90531
81095
35096
74314
37916
56583
90485
68213
73752
13944
71335
70099
96491
92765
96201
32053
38016
28989
82313
72355
58140
82764
21094
42048
22748
64017
97254
45524
87262
25873
92475
17392
50397
48761
20936
25406
53525
36765
36826
74180
96039
14408
6510
39118
4270
5527
7599
2524
39359
94855
95353
47925
31724
86884
26941
12885
90049
5732
3461
62790
16648
41327
13160
96149
93482
87327
23975
84144
53385
66025
63831
78333
77955
22684
80286
40082
28840
36490
39344
57090
68628
58588
46744
91761
80387
66868
30188
17658
49482
97178
92692
28742
7459
97715
91547
4221
55250
69602
47818
28602
96705
65088
40891
53486
28397
87980
10059
11347
69901
98328
11509
34162
59131
75614
17286
86265
76090
91892
74369
25123
64795
60553
7206
80646
36689
83246
35666
53043
5726
12406
83973
92112
71662
2222
29291
85883
36561
2482
1587
11472
16810
81910
44498
12644
3058
99421
61179
32258
66266
28226
77891
19419
19843
90159
96827
26792
60840
55875
5063
70975
79804
8759
59766
895
21766
1935
26355
91990
38126
41456
89902
38971
73630
45698
11310
97593
60346
30381
92219
16187
80311
23328
74378
80112
7755
62052
75791
45118
16590
16108
68885
27213
72837
55823
50742
5851
52085
3782
9653
35779
53708
36969
24070
16794
60578
77594
52939
49814
35132
92792
67893
39838
99369
23960
68552
657
28577
60450
46604
6836
28022
24436
34897
18787
50977
889
84562
87739
49582
80262
79929
54801
11631
98096
68406
90745
98249
26832
85865
57581
54990
91999
12531
86957
14219
80277
31489
87845
23639
50446
1603
79612
82056
12958
65864
61240
82895
2143
19043
12522
20810
83899
42292
22135
73545
40165
13440
28101
68268
38190
17356
16474
36600
29279
33442
287
33957
63660
32370
89588
20347
14917
77445
80774
25742
70594
2784
91425
99265
2689
10193
85468
62912
38337
82129
53809
91202
17338
63089
73328
79838
84784
21698
45240
589
8210
22809
29029
6165
87165
11927
89869
32981
51038
55817
47788
13349
11683
95380
9287
9559
68393
14847
58246
44227
86139
79783
39689
37531
89530
95835
52741
85749
39429
35868
556
17365
69559
40027
69706
64670
85160
85407
9110
10032
34009
75785
9903
54490
82566
32868
83603
12543
49418
39011
55591
41944
76520
54966
13288
86225
3309
26569
72144
31373
43686
93400
15424
28135
19468
82837
272
71836
39405
34546
9745
34623
94239
66425
23304
70673
40839
77497
19660
72944
84556
84528
55167
56836
7544
87345
59253
37208
28797
28486
44840
56073
45569
29999
74247
78379
96512
90519
93293
63318
87021
52543
57190
60099
90653
42856
59021
93494
67023
17310
29447
87967
25803
54868
65000
99531
84205
27262
62735
6385
49891
79499
85099
75977
18485
24839
39646
1230
39737
2723
12031
76606
29160
26371
87800
49305
87128
7200
29334
10563
19132
14643
57935
75568
91196
7026
93628
64332
60776
40760
35212
71647
69471
87391
7078
80948
50736
46619
57251
73642
89042
37851
82541
2543
70987
60160
36524
77585
34931
12418
94388
40915
20817
31479
91861
76584
95542
93100
53183
57975
8542
17713
33439
42457
785
86710
88514
736
94028
24552
88797
8750
82193
32474
82236
43781
41315
50141
42496
93519
90940
36573
45499
19578
74421
40537
4761
63224
37879
3400
69590
6907
81891
49448
47626
7926
2945
34012
28211
58790
34058
41971
57322
14106
81312
95182
60236
50260
63932
82801
33829
27079
60053
94980
22587
90809
72391
88556
7993
8848
87665
13102
69089
74268
5500
60883
69828
46036
937
15302
43653
62821
99235
25470
76993
62293
53437
38251
60981
39869
46857
79755
71116
10862
25324
4319
65369
36304
19626
73441
38343
88947
12775
82029
95179
13648
72507
83210
66337
86045
58118
11701
10666
98838
58707
4825
43891
88465
80344
42634
88086
84745
11084
33179
43976
89087
45017
82102
70249
15552
46677
77875
47449
94135
45481
47840
92685
62867
9495
93253
3403
74442
6113
20224
22916
11628
22077
81492
28422
64124
80936
63459
79969
18046
87540
75400
638
77091
2353
9293
88965
74839
3443
26276
58954
24927
62900
26639
12620
47849
91163
7413
85843
28568
47141
76438
97904
62217
29984
39844
86622
80250
13514
82459
42545
89991
26758
10920
58689
75318
3132
24946
37247
36609
71274
44297
18476
28599
27729
9369
76026
41382
19965
52680
49912
68824
2039
56394
39606
70286
27311
35929
15299
50681
95215
94861
45597
37497
135
35230
53788
37101
70270
45652
15928
84070
43598
70505
10129
93107
84766
92182
96134
84690
95572
83698
16202
53913
42334
60566
56849
94309
60965
87412
96665
24933
70365
79743
18699
8716
97809
88593
16004
78861
4068
4740
77714
36243
7218
66147
82709
18567
2833
26291
53425
18607
90900
416
61695
80820
91959
78440
33759
50797
93406
6244
30256
44025
84308
96912
27329
63260
56119
79047
45347
72388
22568
36692
4709
73722
73993
67902
9687
29828
2594
19391
29850
10578
52842
68677
60132
16083
48545
99772
97867
81876
6812
15531
45575
81775
82981
21842
58124
43509
73002
78675
15619
28257
67981
30750
24326
74354
6205
22526
98188
40339
37354
83484
10264
50089
57663
98642
75342
62464
26154
47049
34986
88340
81769
40040
20859
35764
56534
34125
67426
36292
11442
26642
21961
93281
96930
55942
52897
27955
67890
34226
44825
37967
61670
89512
34095
91172
72025
49515
77942
86338
51023
26615
49799
46464
56092
9470
25736
76072
50556
1993
49161
85804
76551
31568
99732
67093
90494
44474
26346
29703
64179
80292
11435
48649
11692
17011
88743
96876
71262
15336
80726
98597
55536
20258
53986
85892
92862
1731
70453
53748
12180
87299
98484
84775
41224
87174
99415
15635
32996
64252
31952
45609
46283
21479
42698
14463
11887
13859
43985
37516
38389
48444
59211
15525
38456
56208
91929
32355
5365
50959
24112
65833
75586
46772
81296
81144
57114
52573
59488
33030
57038
18635
63169
37363
88324
36796
57435
34821
97550
34961
78461
8732
11796
19562
99656
85648
14893
32401
73676
6821
98722
47410
77903
83256
47175
54117
71311
53275
40845
98102
9070
47464
34620
63639
41004
57963
82935
61478
28760
54975
3763
50898
90326
41218
14255
46549
56467
32547
1917
65568
63367
97779
74616
8448
62323
32093
47135
98920
23160
30237
25718
21808
24762
9598
44736
20032
52131
60254
64878
72184
40937
39139
16938
40351
33787
7132
14597
60184
56675
53547
22046
870
48026
8664
63779
65406
18854
57547
74256
53318
66538
13303
19016
65040
96424
96158
87681
22886
15345
81153
62882
81101
16724
93015
49698
9675
89615
70334
16132
10737
19947
68970
3330
40119
89646
43137
1267
40284
69626
11783
9644
8353
15803
11384
21723
409
4612
92240
64158
87519
67115
66779
56757
28010
50303
85669
87851
77033
72577
30503
31470
88389
9610
87638
42359
31449
15717
89057
28272
28528
63996
52399
68583
33863
24097
61533
75538
88785
78162
46903
84867
4621
78486
66443
45765
16214
17038
57370
26969
33884
46534
10370
44303
20905
74384
71088
98679
95591
3223
693
12433
38282
42035
30625
31022
85541
97764
32432
31745
70707
57044
10706
51499
84345
16324
19278
85145
31632
26023
71348
31095
27948
13523
89887
32111
58384
58075
21927
23694
39942
8378
92499
8835
40510
79361
23847
17273
7972
64847
83652
76569
69663
8857
66797
86323
67365
8051
3748
10010
17026
32087
14197
42911
18128
89911
67206
18113
53336
12967
93189
50879
10331
40818
11219
30890
21619
36362
48066
74845
83433
52979
79886
29529
94516
90033
39548
11915
74500
7868
67783
78397
72486
54856
20865
62272
17170
8347
11292
73017
9263
42029
96314
47266
73038
48292
70392
59345
12101
68183
26514
92908
71821
19330
76148
35877
52662
4136
31659
72672
10422
63584
17389
79181
25107
95536
16776
65806
1029
90961
56769
1359
12201
12046
49741
24604
4145
16959
40775
79328
8433
95463
7343
21863
81510
18256
74567
15119
69785
27744
75199
89789
42994
50422
56977
64185
21750
86109
84757
86008
30393
90821
98578
54526
29715
71793
43845
47895
28885
54612
86374
98179
39823
90626
50928
62543
82477
59015
55854
68815
29569
15107
54950
25666
27021
55512
95908
35407
99949
88935
17746
81995
54386
46763
74064
8881
28913
94736
58661
30308
49210
76346
47394
25272
6955
52726
68708
20200
1771
65134
31107
76496
27622
1169
16291
55964
54834
35563
18348
7242
36124
48148
29746
94199
7847
51868
91446
44663
40726
95554
28669
22757
84321
99155
6031
72287
52192
84958
4325
66037
97376
59549
82721
60297
18708
48423
9635
84427
96283
20145
8338
59913
1178
48234
59159
7013
85605
71543
1508
78669
58942
6678
68595
19074
56443
12055
90763
43195
73459
67066
96625
42438
51737
42808
51908
10050
32178
67478
32462
34693
38141
45139
78586
90415
16599
11612
86097
93387
72092
79377
12748
65690
99881
31888
66205
22876
33991
33542
67038
72474
92981
49460
76032
55085
87900
40149
58030
75809
84433
93686
4606
63328
35444
95716
66651
95432
57917
94486
39222
97458
22776
39640
26081
42817
70240
82325
67072
20438
14512
208
96726
99024
34287
62305
95633
58063
46320
12366
72016
20173
59525
55124
82013
46360
10022
23679
19495
63740
28501
63050
28049
94550
69285
96164
28907
17069
50824
10169
13987
81885
77823
31128
37668
99299
78812
72593
82969
95942
48996
41053
74796
70688
37702
3534
77311
85853
4334
62336
91361
7627
77396
41297
22507
32264
16501
44938
16120
53495
90558
78617
19455
19608
94105
45929
21818
68738
10312
3379
83814
98450
6421
76829
13593
24216
64814
37720
35434
28586
86680
79569
17612
53028
58741
29792
73966
37113
23816
75062
91883
39298
25168
17597
30576
91071
92307
47367
26679
68696
92408
91974
66971
39890
60727
56791
15445
44611
22492
15134
28516
57358
85117
59607
55542
89542
86799
96308
51969
84818
184
47715
16077
38740
90778
82926
60108
24991
7352
11728
24360
72584
1450
73899
92469
18079
20295
56141
82590
72892
44672
46329
91819
6046
5304
77796
83014
87501
56226
70041
29142
4258
3672
17429
5658
19144
57718
98343
53815
33359
6000
22056
83808
76896
21436
96506
6492
15064
67246
66077
82096
56125
74183
33378
67408
85718
25071
26481
40293
44388
91507
89103
37906
97980
92753
5402
10383
85056
78745
78113
94501
71006
91733
71512
16843
45997
94675
60026
60615
45319
83042
47437
21058
51566
66352
53287
86319
28678
4834
49836
93317
36921
70664
26032
35312
61567
35328
53644
51993
79996
2381
5463
89301
6809
94459
24378
38544
74454
10938
49628
13724
4929
73578
68
31666
63578
98844
94962
27665
90024
9842
57477
87302
48792
94080
96454
30662
43146
77286
54407
30866
9964
24253
16050
10502
47254
16272
87064
94712
23990
63080
28269
36915
98871
9974
64396
55158
64914
49558
74302
1719
6370
74283
93042
27817
46265
39066
88550
68192
48188
43696
42975
40568
28415
20762
39722
52613
39695
75940
4294
91010
20368
11939
40473
16123
34430
91471
96082
41132
63788
41852
46479
45255
14341
3995
27002
82142
65049
85618
66926
34336
2344
47767
80796
96402
41187
98163
63721
19529
83283
5976
46689
6720
99076
69455
2909
51630
4017
15217
59376
87986
88205
7276
27183
67911
29365
19239
89167
84858
2625
9098
86078
63273
7084
82670
14078
72464
53061
49369
70896
26868
77073
2018
39158
41379
41547
22376
55509
10755
50666
24692
45981
55604
85245
58991
96177
54871
56193
22785
37754
25660
20395
44282
45966
36731
33396
98392
17804
76124
30320
49845
86823
47541
36100
79941
13447
16639
80106
23594
72962
10514
45551
10248
39872
23438
52421
66254
9244
58439
9919
23713
32169
33579
18882
34763
608
26047
95569
13209
29853
42399
35306
8256
69806
85630
31400
64386
5570
80039
66398
16828
30613
6083
4429
49592
53342
79084
40247
11408
76450
19062
62766
19797
93027
13559
76847
56913
8039
70054
62650
67713
4719
17728
14783
84098
19697
77308
1835
76395
64493
1041
16578
61381
58085
93995
25300
37620
27256
49500
64380
84403
5475
80466
59595
73142
40003
85999
51008
85779
65665
26093
92609
16678
36411
28657
37568
568
42789
80005
9708
22287
67853
7117
90870
19486
20664
72699
8240
50196
82999
10883
24262
41730
51532
9925
90726
4490
19553
9409
53293
96644
23230
64692
88874
73786
29804
21686
68653
34372
71509
78690
87253
39463
63282
19315
72410
1749
54172
90171
73618
42420
65427
58674
22815
14307
95279
27439
2268
77921
97898
61332
54062
22535
29886
47226
32758
55771
49637
33469
39554
80375
1151
95667
56736
78550
83347
77128
65952
15189
95582
25373
58295
32010
25208
83506
57309
9372
16355
53718
44919
14679
21183
45636
82166
57627
10615
45441
23807
24430
58094
3205
43769
46818
20466
96216
74656
83149
98655
93662
8011
35029
42508
8249
3312
5912
1963
25702
73697
20951
82496
95603
950
48938
32569
89856
43467
32654
13764
87461
84263
38566
96351
97263
86237
28693
53092
37153
87363
89740
8820
4435
28898
72236
53885
30466
52820
52271
34659
30570
7706
51652
72297
73304
65348
84702
44968
14551
30549
86594
61780
36680
46631
49030
45466
93369
59723
69733
80073
89606
31516
29285
65598
49048
76755
21628
81479
54276
39084
24817
51386
49735
43259
27295
34232
30121
22977
15595
80253
14069
25818
99903
98569
48365
85959
51017
6217
96384
42258
11579
11896
95688
65851
90564
69693
62443
41193
41504
23398
75116
43531
74820
81989
46555
49195
43317
24799
66437
88810
84391
7563
74027
3452
46659
45127
70865
36832
62836
11197
56724
11655
33701
35035
41233
72992
39567
32844
78763
78150
15329
81858
97004
69217
72632
32233
38913
84253
33878
75287
56012
33057
95224
83008
596
94462
28089
92191
84876
41126
5662
74393
72193
69123
40696
10477
54294
20572
24000
91581
33509
3705
81336
1374
62262
23218
46842
79072
66828
88129
97074
15577
75644
51719
61744
60959
71995
28303
99820
38047
88865
26322
959
99399
40387
18775
17051
99683
71888
34217
93741
61826
79511
34949
23966
93134
83637
14435
4581
93006
5079
58869
93451
72620
78876
28446
5054
62537
91776
74274
65845
64289
52753
21229
63828
76056
3083
79853
42985
5024
47208
84665
39231
98407
13169
98221
11548
67136
50266
32248
12974
31199
98496
52494
57840
32706
6626
25605
4777
6586
35679
20649
45353
80512
82700
17344
21125
14002
79456
95615
99857
9522
38599
31211
53873
33252
83387
27106
86762
1905
54493
87916
95481
75025
50934
93223
52762
33301
73655
95005
25678
60737
18940
81946
26557
63685
54719
86149
86280
71656
34775
87232
67487
74885
99924
65998
62620
21644
87424
47214
57218
7370
99613
56495
54157
68308
74039
8429
20157
30488
27045
29316
88169
81348
71012
72046
63129
32184
89182
73761
23572
68317
95752
79053
81193
3180
68345
95820
63193
20188
38218
72428
96103
80442
48963
21421
58054
95496
19117
91181
94248
84488
57895
90235
75889
37043
89173
89560
71158
89966
66526
24045
99311
95313
73746
44889
27915
25562
63617
37403
45948
26893
75690
9766
35520
30494
46988
56348
70151
90281
64267
1597
37333
58262
83317
95234
35700
47117
4184
21778
25342
3147
59229
22986
13752
25443
55555
73465
10154
4862
59922
57245
96253
31528
57023
68854
88685
2115
9272
93769
91050
30298
58375
25120
45865
7059
2515
71103
54166
69510
64725
65943
32526
43094
36503
32853
18036
12308
443
79117
65098
38010
89258
82825
73954
33832
50983
90995
46460
31418
83857
9736
24646
12690
38312
9089
62433
66770
46238
97425
49546
22480
92664
1252
55842
52173
11512
31165
58182
94156
83298
31040
44593
28766
25922
49137
92417
16770
35508
43427
16233
95646
2280
72220
85306
78910
94571
27863
43058
57416
48343
37732
45734
12299
41959
13352
92170
19712
4688
61374
47272
41514
54123
11527
41590
47568
26130
71863
20847
15253
46146
74106
24039
81470
54392
27970
52164
16410
89722
47745
99787
25907
29181
47999
89475
17692
8072
70792
93915
38428
35590
60682
58921
67936
68665
61213
69971
65281
23877
27527
3760
96808
84476
11020
42316
47324
64921
10093
6153
64274
27039
33481
45588
28064
36252
66666
96271
79105
65644
32282
51514
41334
9385
63212
45035
26734
91086
67518
27155
6873
13321
78290
49720
22278
90680
36887
77451
35523
78296
77463
70447
54636
27225
63263
80619
81403
72880
67972
81019
13465
42289
33246
75235
60926
48847
54783
25138
76743
23060
71683
40186
67179
33155
51941
47312
41257
4752
66785
53452
61329
34507
14368
45801
71985
55332
66697
21110
47358
42365
89570
49473
43006
63025
67374
56595
6751
83216
92099
5622
48975
22123
7651
60395
32511
70749
22693
67948
48176
49665
45612
6547
91498
88001
25931
9861
74970
5701
93821
60895
34061
63929
51700
42490
75925
55405
21470
30961
21589
327
86783
87787
7068
20453
34726
92679
35889
5829
39917
71427
11673
4996
45905
27115
59839
50568
501
962
15513
67838
24589
1639
73707
29416
4178
43830
87952
16745
99573
64860
54685
45893
39808
93116
71778
29258
91855
25312
80335
14582
18686
9958
15845
75126
57828
66095
41147
18442
92331
29682
25596
6943
14661
99256
52854
87449
78943
68726
2405
43680
56632
88703
36991
25043
20871
44080
62995
22318
62079
36628
9479
59009
4633
51120
1572
49906
87089
64866
23334
87092
40763
49259
1529
22349
72318
86896
39628
93427
68567
13746
4465
69443
70823
55655
88953
41865
97330
21872
24808
88236
43909
45102
34104
79715
50412
68573
46293
82251
89155
47306
58768
87647
14576
64347
86985
1752
38202
59168
95859
85987
69986
52335
48414
3599
93479
44547
57886
73914
99555
70221
53193
12323
38266
24466
90372
37476
59617
73316
61991
46055
84049
55073
30069
55744
29532
24250
77207
50617
45511
92365
46876
73478
23063
16056
28855
14499
98527
5695
73856
9806
51349
3626
66935
97199
43116
86579
10608
25852
38636
83582
51938
48719
85938
62803
36945
791
90201
40784
75910
18293
97947
75251
12986
43357
34400
53855
3513
67457
10941
24738
52353
99497
52295
47056
6791
4096
95893
61094
56424
50492
62162
82676
99433
36207
83191
44431
83118
65320
92841
15677
83750
31897
88181
30848
28016
89506
72651
14155
38749
46839
84711
46518
76236
3614
14426
98087
22962
21171
58899
80994
28623
88602
40626
27445
20066
92353
37656
13736
72977
85499
69162
98465
36542
23938
63599
45679
21366
44849
29615
46998
74851
22199
6434
51481
3852
97312
15265
97138
22324
49280
53663
25721
85755
15198
58567
85355
12256
34861
38797
86719
51212
72886
84180
60474
46702
98298
43436
41593
30414
34189
92005
59708
45856
70856
91150
19477
16337
37842
76249
99955
37311
29587
10218
82593
70768
4105
46161
43042
57172
88364
73838
42106
20215
42310
81223
31995
45044
11078
5045
83225
24704
86155
91242
78605
85102
48777
28995
66166
61295
44626
98548
78565
77347
45408
54569
97538
7383
32486
42478
74506
36716
3714
71036
27601
2613
54337
61316
5765
90857
24131
8326
852
57206
38471
82633
5423
61246
78064
99549
40262
45228
61118
21061
21445
7682
16535
9311
51645
81815
51798
9812
41617
70740
27204
11057
45292
56388
56782
61646
16987
38993
54447
6391
1792
3492
55976
20487
61020
9693
15079
81577
21015
78245
59586
97675
92576
95505
31849
76380
51236
86393
44532
65976
61863
17844
53943
24412
12067
35169
13196
44693
26316
16419
91803
25306
38367
72681
34086
8387
90577
47236
38022
2778
78528
44248
62855
87522
90958
38825
97245
44111
53638
78388
20582
41712
25013
56473
20011
1471
59388
91840
92655
33472
48285
49650
60212
43882
18812
62128
28357
75721
73877
8515
69407
60691
31601
48688
56293
97492
18021
52225
34354
31064
54627
84919
97815
8729
21528
52466
47876
14399
62357
4505
3116
3367
54102
18332
25178
74723
96885
70063
20096
7938
26957
32313
3772
45710
41556
39588
60227
97370
42969
69199
11268
54096
16175
79551
63395
16654
12427
4511
66214
97837
48722
70298
15787
41770
56415
9162
76709
66236
14933
46348
27305
30518
70011
7035
55710
57819
98697
82157
98786
33661
99933
3736
77234
32813
50171
86683
69037
6131
79691
18842
74534
48118
43836
12372
6556
19263
1325
13053
84510
41306
88501
81037
86936
12998
77967
10828
45078
69965
96198
97400
25391
66883
15976
90082
5933
72327
90439
33735
17075
45835
58164
71879
23536
62986
37793
49033
85209
42780
24338
72117
17435
98319
31812
4871
12848
27421
13541
7508
57499
59784
55488
25785
72226
20313
53620
2103
39496
26474
55448
39313
7407
16037
32593
5518
53580
89985
40348
39573
79288
77
13703
61493
44050
47495
19083
91419
94581
37073
12482
21088
25220
97382
73792
22205
4725
78315
25358
84598
47080
38578
44950
59662
79392
86283
31333
99762
88538
50129
77643
3068
81608
51243
85538
38846
87229
84028
20023
81849
95728
81244
69721
72245
6455
15989
65229
49769
67765
49265
72806
11023
35615
62934
1429
89216
65076
59949
21543
27717
9482
9183
12311
12803
379
95981
66672
55787
29773
45054
1893
42624
81125
13971
93323
32453
49335
36637
85413
98072
83069
55573
78034
57902
51871
11487
61289
22385
43104
21195
92835
64615
56858
76572
84937
95408
41883
9321
14954
32609
67688
55738
48588
73401
66227
38801
25223
98118
25007
57508
83448
74341
97083
56159
55094
42078
22147
5744
95652
17518
92255
94056
73563
437
39972
21595
87766
27753
27405
12165
42148
45725
30835
65195
65513
13083
3382
48380
26282
61857
28403
65500
1700
44864
16526
1566
14728
92890
2454
92621
10813
75544
39930
58719
19224
89100
20533
78098
24515
4896
93924
20414
20609
10679
27588
34571
49613
50846
39036
45783
47699
79438
17246
14823
80839
25553
42060
16813
99509
38328
2707
65619
66990
87003
24082
51203
23038
18168
55353
4279
86753
61130
83271
26203
81687
98823
11164
76294
56247
88041
37504
31263
64985
50882
64216
16028
6980
66556
73435
14737
44813
24543
42884
30097
58835
20331
15763
6601
59693
66633
98707
69745
5433
51182
62101
68714
64899
71604
59717
10431
45200
17118
50788
19883
50052
76212
2439
6595
26548
90848
38535
84232
24286
79957
71729
13572
93445
34595
70579
69178
15488
64405
69718
37772
84113
72156
78534
53895
17688
43812
95139
70789
72089
33799
42618
12946
96012
90619
94758
8268
9156
55521
14417
40131
50779
85328
96326
8637
81366
37766
95478
95112
17969
78959
91706
37674
98978
77265
13926
52375
84415
54026
36802
86722
53415
78559
53409
58353
10105
51465
17710
79490
47001
73340
51722
29398
67576
31559
94928
7496
59690
83021
68943
68976
76105
81785
89667
64689
44339
9583
46949
61817
60141
28480
76114
62925
16318
33500
88898
34815
13657
15735
96598
63096
54532
11185
64097
34443
74405
71937
38935
7322
47773
11240
50766
66459
67301
46073
35846
99714
95933
92948
86515
85782
52109
22013
23246
82685
80634
78418
23606
34528
13532
24598
81757
82279
87378
30723
82609
92087
5152
23621
68152
6614
43366
113
59858
75141
75709
5344
22516
85080
56086
42902
36438
96998
19349
58829
68073
45249
92515
44715
69870
32963
7523
40638
89292
92350
86524
69297
43250
32425
27887
6312
92725
98929
63151
46714
96692
2869
64545
22114
58902
71482
18805
92585
18265
30954
53867
6073
94593
66276
36060
23026
76169
97294
22352
95304
41800
61155
6846
49930
58405
4499
74634
577
97635
4795
75052
22599
70923
21204
43082
91688
3583
98749
31678
88770
44098
25495
75498
44483
11948
14536
2475
30536
23792
87934
88666
19550
14011
16913
10459
76694
23520
46738
76008
74097
43879
88831
71384
6708
6348
79865
544
93885
84311
85978
34583
43561
90836
68436
36643
11371
43162
19129
25055
83729
94687
88035
58802
58573
35077
91016
16349
74903
42170
87595
1291
64142
53376
49225
25150
66962
24073
56403
5600
13959
29001
96344
67746
11103
43851
42795
34858
43479
65391
57020
75138
47413
9174
93268
59806
49521
43329
44632
73948
62137
61789
35718
14969
71183
333
24891
15156
62687
34910
18967
15952
63053
77704
9992
6882
30777
80411
61881
18409
18543
17328
62772
43186
57319
71894
52872
79303
12812
52366
2372
3156
29978
99213
93540
32505
93570
71848
11280
95350
16562
24451
93812
81354
29328
74610
15009
8686
66495
33976
91846
94120
66642
91572
3080
80506
49827
74692
38675
65705
684
7532
77652
82392
65912
16446
69953
5869
15610
89335
48246
77295
40235
88373
66004
26810
70127
837
48017
13889
60746
29865
22767
13627
85676
47678
76813
91453
91614
50110
40885
49064
69108
50461
38776
73923
12668
53126
8368
43226
60862
60196
25696
66849
80588
57642
21393
69080
37098
17908
51609
44413
23649
49881
18519
72062
23404
81733
39762
77613
70545
9437
7648
32905
18384
77839
68619
52402
54673
57453
23145
19928
14264
11905
26572
79908
92176
58143
91153
83921
53922
40000
54603
59275
68879
55683
31254
34565
37388
85489
20279
83863
19425
55729
38175
27363
20105
29456
46796
85386
12787
2759
55277
93589
19636
40436
2189
57792
77524
19901
52387
90720
29310
51572
73685
67554
86942
18393
69059
48200
51474
69672
92746
33045
65879
35828
4407
73093
67167
11316
94291
39127
48710
83414
45325
23014
48823
83475
17621
47809
94822
46662
7163
93552
9220
53821
34781
50098
30808
30893
34
27472
21409
43992
3943
55182
70878
55149
30268
54227
6006
3016
7007
53678
27833
46445
14710
88422
42713
1493
52652
35288
85318
15229
19855
41523
3098
17762
5445
5945
16602
3861
72745
23523
8463
92316
56879
6858
61045
15027
3217
8191
22306
53699
69596
92225
60312
86466
41733
50458
1703
89673
77338
5106
59513
81959
73581
71763
78699
92808
98420
32383
15970
29090
99244
76859
16248
31247
47199
89228
62198
44327
36817
83875
32380
54822
12262
38392
48578
56318
81083
31080
66388
61030
69062
83136
92783
97754
78010
46927
23859
18522
15824
70728
37262
54429
23298
32956
3806
18943
42469
10328
1624
26505
40870
65128
50019
32712
49299
94642
61365
13413
23499
28122
18216
4346
57526
51398
97519
93354
85654
55427
82428
91129
76175
74738
34043
48255
3290
75446
1807
30274
9076
27591
99228
76645
30350
8909
24238
98560
63666
98868
74701
71598
17661
80066
78480
20929
42768
31385
67615
55866
63108
65293
60438
43802
47025
90012
53251
50483
1389
51844
12797
83408
37192
7886
80219
85038
9113
83823
78803
55832
95997
9946
5686
85422
10288
34482
46583
3641
8567
79242
19153
919
84034
59961
8973
63355
66132
31235
29422
50116
92600
4575
75733
31803
165
47486
68833
57999
74766
80851
20945
83783
6992
30765
58658
99308
98801
57703
72532
62977
60453
88022
19880
75086
12192
12513
42219
48133
56669
2076
97205
46302
9543
85233
99982
78306
71698
77189
85581
7236
35499
1185
68546
37015
58722
69132
1957
37745
41819
24561
68235
96186
6055
11646
87201
351
87403
64594
83268
83463
90925
68488
17646
40363
65415
64676
96235
50968
44233
91306
53763
63874
61435
23383
33069
94874
18766
77323
23765
56022
45972
17865
40873
171
11954
31226
73639
4551
47751
64881
58844
20749
81550
93128
65336
90598
11600
90116
55890
32676
30250
3953
57804
59330
29108
42643
31968
79545
43555
40616
86652
68744
25028
71000
32929
98459
53583
12879
78711
41962
37946
39029
57300
61912
19031
83359
21903
74753
91288
67753
42179
99128
98966
9336
64771
66715
66892
80231
42234
44397
34842
8823
10532
86353
8588
34458
55393
98276
55927
44086
77848
97507
61948
76532
81556
46436
70960
67228
36326
66404
9882
54816
33082
55478
17475
71637
3907
99604
41922
35557
80747
35193
49408
43210
65558
59391
3046
65766
69520
46116
81971
39612
33552
3022
1285
41352
45878
98777
42573
60502
69999
79688
60645
58420
23041
80573
89426
6333
77390
68024
67829
24845
74482
38648
86115
12830
3541
97858
34308
57755
29249
44169
13825
46824
57639
30222
30634
17240
50818
68766
73362
63553
71473
2747
93339
44364
51746
24729
29645
34208
86539
40702
31696
40058
55900
14026
69306
26932
54703
16288
60932
82795
38114
71308
5588
38956
87436
38587
88648
82212
26594
14872
8896
74006
52244
50312
83838
80765
85087
84675
12568
66630
91218
84992
94764
3663
75412
76682
14713
16980
64228
97641
37635
34537
12858
44108
91312
92951
20673
64469
97989
10547
61036
91352
30011
78922
34742
1551
81284
75556
62565
4044
41749
38868
19352
15247
55909
37031
8115
38248
25882
51142
21708
67643
83841
54184
14618
96564
97745
96955
75156
28544
19675
76664
99708
10462
20795
32343
13028
5039
43516
63535
62320
8652
39753
95032
68802
33188
43381
72736
98856
17106
89744
82642
67334
81064
94834
47425
31452
50004
73603
43177
7255
5414
18992
87549
12739
81940
89655
32325
71146
19193
69928
30213
73868
61924
17090
56778
70966
48856
11207
45780
33402
71802
23902
82551
71583
88678
14359
2579
10965
15387
3129
32139
30915
93274
3876
46253
56952
41416
41849
80658
64570
309
15479
71290
46082
1825
90400
69938
75037
86615
25956
54136
80979
55137
85682
85395
94819
38685
75486
75989
79175
77042
12275
57233
6016
22660
55500
4932
50065
49967
71180
25193
69849
20508
93799
12085
13962
21933
94086
30082
78916
98307
52955
29502
2070
78205
91626
63209
39957
57148
80399
18100
31278
28824
74119
61139
129
45273
12629
67725
9568
42756
9455
19599
44056
16922
48481
96787
54438
53626
69538
43284
17212
57981
95783
29511
21552
53962
96100
23826
22425
29499
38758
83329
85349
71756
70603
99521
77271
65967
3476
44175
21113
82956
89832
19782
74436
8136
98688
77683
11603
57673
50229
81275
50751
15885
77738
13993
90052
27509
12552
75367
14383
12836
57865
60822
20325
39509
58365
52796
65506
97120
76655
3336
77167
33964
93778
50181
141
1209
43580
30369
31644
68357
14628
58341
58225
33692
47349
45362
91648
46573
90980
77756
72529
37082
85798
22165
57468
76905
98533
13910
94202
79777
82432
69278
51337
97605
483
66688
62458
36033
49079
22950
41538
30076
37427
47641
19971
46979
64237
33106
53998
46241
26990
64029
17777
33585
26877
81870
92856
57728
54938
15702
50077
1099
43793
48990
96296
79279
11759
68277
46399
76267
95929
77982
76462
40461
82734
824
28095
93573
312
18982
26078
23923
49082
31012
69050
79038
39853
61008
81302
52283
64136
19898
76020
71161
47455
97962
8158
25626
82660
60535
77915
52710
47638
24366
79465
98389
94364
42585
60376
20652
31327
10309
7898
41810
23456
41483
88138
17536
43729
36756
85016
79676
29691
90543
63337
17872
3232
13093
56275
7490
99387
47165
9205
58256
45163
48871
73356
63013
4972
34754
72959
3632
65436
15506
63706
39048
62516
41178
63529
79068
79587
6580
44312
77503
45389
50211
3568
97651
39325
57374
99598
51047
91514
86057
53553
98032
92646
89710
25898
61069
82172
59907
59192
37327
41837
87589
67997
82139
48929
42405
33164
48340
17753
8802
11359
70429
50165
37217
40159
56562
76365
55027
6562
4670
23005
93955
15351
51883
68650
47248
14325
17252
36899
58622
87217
53449
37989
16092
33921
15915
71915
27070
36960
85834
28632
33286
84339
2973
13279
70215
43744
89823
73212
65989
23166
66013
94092
66507
99875
61759
73508
67231
50657
4883
79258
90275
11225
54252
67399
20722
5805
49100
28553
57746
65461
81116
81666
32877
54920
6696
54578
73179
77405
98896
81727
51130
50672
48008
69230
71418
95298
35010
68772
36619
43488
53223
77173
13047
53727
12769
42206
44452
9989
60322
55411
92618
68378
46061
74140
56547
42197
5906
46277
46015
74622
62024
62815
61414
43012
54078
29938
22867
41575
20557
51163
43635
30198
74335
38926
56656
79706
51526
1362
45218
49936
87708
74598
11762
96555
71058
73182
63950
48151
90305
26102
13590
79139
99979
94141
93964
76877
27558
97928
76868
27546
64054
30982
11451
94162
60129
15799
51615
48398
89399
68088
39176
27463
40720
49152
70759
86863
84449
69550
9421
71818
25919
15870
98606
72492
61728
96671
27781
91037
22230
97553
8796
77723
97584
75766
19745
97788
98142
66831
86176
80362
82712
75379
27680
71366
36139
56580
90333
93702
63846
26996
81382
59479
40741
2286
69913
23569
65259
77118
3687
13685
27796
4746
15436
14985
56266
25068
94932
59635
13669
93674
99900
91376
11133
94895
90317
25452
23618
73389
93860
31083
69489
15839
91749
4566
61084
61426
37272
32392
35108
77695
33606
30823
1819
59534
20899
61835
15082
56962
33146
5848
58796
6965
35544
92777
60087
55109
38352
10782
90262
55662
26902
18735
36350
66568
72913
94471
36500
21308
94339
40375
84726
69095
18906
68989
51453
72165
88480
90683
42652
27491
38486
52918
11716
25773
77482
58466
23746
3168
80826
32303
87772
19916
72938
64829
88099
26749
24985
23127
1871
77997
32496
93949
24393
13788
13639
18290
54288
96448
43958
63749
22852
11063
34293
56946
2219
59748
93735
99589
27512
99003
22062
37583
48328
30692
56830
89368
41703
20713
64753
25034
66248
9015
96573
66160
44510
73429
62528
81006
86405
80124
63306
77851
68009
75519
93085
25968
35056
22092
29892
83881
34278
83051
48459
66913
8228
59241
12678
56238
83182
65064
7041
53214
17945
29233
78849
5893
26719
71024
16559
81394
45685
47034
88498
99036
65748
66611
64979
13602
89933
39219
80610
38105
68473
35950
63627
10636
21674
46692
742
31205
18616
57773
95249
62678
24311
44205
8939
94379
40421
93873
70640
75663
24308
89246
19758
22291
29389
87949
10846
93699
94669
59430
34409
59446
51829
22083
94007
34559
38669
31428
10596
78754
26197
87699
41608
62406
79593
84797
13392
15046
78187
55915
86503
17579
24634
53736
1413
7123
39792
31775
72785
73221
76355
6476
95691
709
70691
516
90445
13776
87992
297
33268
95511
66062
59842
33716
80011
66703
64646
55057
83579
6641
74823
269
63569
90073
7963
95206
71329
88114
11991
37259
71625
88566
48383
24058
22248
15098
32590
63379
57734
65323
54215
50693
80692
44562
41822
58033
96412
52329
9223
85367
21503
27125
81565
70176
23652
11286
35969
8402
2808
25382
35062
90345
26853
43946
69776
81696
31800
25867
78986
42328
6415
67502
49775
83945
57169
342
68915
45453
60166
16907
94266
65146
48639
1944
79654
59055
30796
83533
98664
86582
38416
92048
52582
3968
89075
4789
91398
95627
6788
97013
73887
36399
72202
94413
23252
81611
87101
99195
30903
6724
22187
42945
19004
73398
75080
73349
93216
51774
99286
38065
19983
67319
33133
27762
94224
57844
14866
41633
24750
70344
63038
84186
2396
89325
20377
52240
87153
47379
38965
24958
41276
38990
95826
70615
382
97522
76188
68796
25770
75278
25632
28339
65696
77515
90384
45087
25516
91468
68631
66733
76673
17551
57139
12183
47791
58289
25336
60276
73252
92011
66575
44556
17832
96586
21985
79825
8143
51560
8298
33762
27649
6894
45545
68369
39399
3425
54929
67258
91654
66349
12635
76600
84736
14039
36985
29639
42566
62183
57383
53159
74958
1490
7172
77808
77149
879
91608
99622
88843
78452
94904
44999
7816
2842
18833
45881
31598
80872
64838
8863
92136
36381
93342
55762
29267
31293
25159
28714
15873
64039
83616
84293
60355
82868
96372
98194
50715
15909
31739
77015
10798
43619
96772
91593
18183
38086
39386
41785
35746
20835
83338
90510
87052
94626
33423
8957
11399
58216
29923
21412
55796
10990
84922
60511
82618
25501
67927
12909
50608
67130
7148
95792
51600
2872
62726
57078
52598
7605
77219
73972
53602
40125
58640
21073
13144
46225
78193
81269
32612
72336
14441
2085
55304
59629
34342
35856
4856
92563
51813
95102
46482
92438
77002
23487
92826
46106
86912
46192
93729
40653
51359
92026
9122
4947
44901
18372
42261
38074
54899
51688
51679
99329
99729
64936
29606
49393
21152
58497
45145
91526
51859
72107
40494
50943
44275
94803
22394
53171
81540
31547
59409
26362
52436
32892
55671
86808
21787
87836
65058
71064
64969
28959
62491
21149
94312
84620
35398
13425
60410
7554
79331
40098
98908
50519
21030
8619
54505
35016
51838
52518
97342
91562
99442
99695
16623
57605
14655
76542
65235
4245
10090
62903
99061
69422
803
9800
17542
46790
86368
13062
99808
48615
97056
49354
20075
52833
44748
68223
79236
17731
53110
72663
63422
36512
59873
44788
34705
44605
20786
19666
75458
62372
67777
39075
57154
19867
34638
96265
59302
53504
28965
41153
62555
97489
90183
38306
4233
64783
19306
16425
28943
18152
89454
25416
57596
44352
30103
10486
78223
30588
52503
92154
81586
35535
34519
60172
92893
81443
3101
6125
75953
21488
24473
4126
98258
54453
84131
22608
68921
29050
20167
47666
47919
41666
66852
36652
5375
96543
54999
36786
20514
62476
62665
21238
40418
17182
23472
62046
15818
