1906
3654
4757
3616
4408
795
215
4102
4838
1434
4431
2168
4114
3846
2310
3317
450
3030
2530
2279
880
1249
4986
1674
3121
1114
2048
1269
4738
1823
2932
490
3734
226
4463
3558
416
1239
602
1443
1333
4308
302
1487
1164
2747
2730
1372
3801
1563
286
4128
1971
4625
3861
683
2424
4536
1835
4603
3079
2476
2626
1762
2991
1144
1180
1361
4210
3280
2219
4319
1686
4829
3427
4777
3107
2031
2862
121
3497
4865
63
2702
4167
1886
3669
1756
188
350
3730
928
3020
1084
177
1621
2880
4565
3919
2734
2845
3795
1289
4195
3290
1344
2335
2896
1130
2602
4390
3742
4058
2943
33
3250
4554
3525
1584
4131
3900
2108
3209
424
1644
3629
534
4363
2373
592
4245
155
261
396
612
866
956
2687
111
4474
1274
4768
914
170
4092
437
27
4009
3820
236
2860
3502
4502
3154
781
300
2585
1577
4458
1540
4717
979
2908
657
3168
3836
1354
73
1099
3095
2513
492
1896
828
4596
1079
2072
2432
1399
203
1015
2654
3473
3698
2815
99
4802
2125
58
1461
4422
3222
3713
1059
4517
2544
586
4148
2292
4854
663
3773
3341
1868
4289
2153
2285
1929
3260
49
779
3460
1312
1474
510
1707
90
2665
4642
1260
1009
4063
358
4254
4679
105
2313
1555
4322
3040
2192
3490
1737
2469
4179
4050
1601
2054
1613
3326
2381
1997
4700
1543
4231
2778
627
4152
17
4379
4271
4393
946
4085
3117
2644
3948
4703
2715
1874
362
3081
2270
1632
986
3981
1792
2967
2558
3175
2186
3938
4542
4226
1503
1697
1030
4575
2768
2454
4298
4016
718
2012
634
4667
3679
2441
1110
1322
3389
2567
896
2345
1726
676
3007
3148
2676
3878
723
3972
4494
3133
2637
4350
3396
3636
2230
1215
3590
556
2807
3219
2140
1188
3469
1136
749
2506
2026
1410
1716
3433
3306
141
1778
4795
3822
4896
2786
3069
4411
2245
1820
544
1225
907
2830
1857
3953
4935
2392
3298
2598
1807
816
371
2117
3710
3770
2920
3566
4992
2147
474
4486
4213
1983
2231
4340
2921
327
8
1848
2251
4612
4958
3358
3545
3759
2176
4639
2886
1943
4590
3053
766
3649
1955
3572
3596
3362
4000
1782
1516
3441
402
4968
643
3238
1385
2353
3261
1935
3786
315
4072
2696
3043
2361
3337
522
2064
1968
334
2796
966
4819
2839
3190
733
3965
2208
4261
1741
4522
1430
1201
4881
703
2405
1043
3372
4942
3517
1499
1669
1529
4726
933
4880
3199
4745
4685
1035
1306
4901
2493
753
4450
197
276
2975
801
2089
2951
3535
3405
3860
1419
1065
4351
1153
3888
2981
2753
850
566
4919
2618
390
1297
2091
851
1598
137
2533
4847
464
4038
4929
1453
1913
2484
3416
2003
3688
4972
698
2327
3926
453
1655
3603
2414
242
991
839
889
1192
4788
520
4022
4660
253
580
4182
3906
2579
