20104
47095
49117
33591
14963
22199
4232
48545
14457
34897
49886
8483
49515
18396
33455
5279
17501
36692
19716
49312
48128
43047
46662
8281
18316
41692
21642
24996
30024
10560
34414
34507
40142
17873
38640
25847
6492
40380
28412
18729
39010
16080
11345
484
20154
39216
4827
43578
33631
30378
6977
48996
15468
39512
18859
35830
16526
14649
19547
22358
40488
44178
20565
18949
46409
5451
1301
28092
29870
27567
1926
21871
21816
1114
25411
42186
19127
42702
25170
44050
35994
29926
27256
34746
32338
26740
13035
27572
42965
6952
47947
10737
36112
30535
25245
13309
39158
46637
28661
15558
41874
19166
41794
15745
27349
40293
38834
14171
1037
49531
8591
47353
19535
3681
25898
30085
45609
17983
9417
38236
31067
23761
29950
40085
4017
12882
8304
8986
12089
14357
16749
25217
48172
23369
23177
49779
10238
28066
41977
28000
21798
4413
30730
5726
14585
24427
46749
15917
49991
48101
2559
18482
30839
44330
34365
1131
30053
11168
22551
24090
37781
40687
28324
16465
3547
48800
35506
7085
24967
15334
11580
47629
9630
4662
27030
10849
11670
12214
47048
21702
19619
7190
34664
4207
47078
16770
29365
1844
2805
22133
40264
4282
41735
11623
17890
38289
23537
11339
43638
5596
30242
38486
974
25560
19529
47794
17428
15420
15197
16318
41459
15955
11435
36915
43241
45377
42394
3438
39260
43674
44080
29032
9296
7265
39730
10264
28740
28431
7741
27308
42580
10473
33803
3360
39296
32898
17170
36199
37386
12583
14953
6257
15201
30500
11115
6019
37209
42496
15387
49474
6873
26877
1760
12922
25495
14130
574
14930
33587
19082
33297
18274
36307
20807
4027
11654
39554
10619
36812
4009
48267
3414
22817
3487
32734
16425
14217
9758
24811
7645
29421
21949
16663
3013
45363
509
4265
18787
3859
21097
38619
43564
35570
25915
20131
23729
33165
32230
13735
25686
17779
40648
646
31676
39965
32619
12127
46090
17054
39683
31159
32290
27266
31484
23621
41115
28284
8889
4897
17251
12520
4308
47396
34047
37548
4313
4606
24325
5298
11205
37963
107
28460
5959
40061
141
21193
13804
14734
12450
32413
14318
24831
4761
15114
4986
33490
45888
13173
28226
16301
25490
33323
11715
21619
29390
437
8788
30573
15786
10169
46763
43358
12635
18023
15989
43346
31556
28910
7424
15607
18546
26255
21367
4720
26496
5007
2088
45597
38042
35126
15613
48946
29513
15299
11532
4198
2794
40178
14615
48209
1680
28586
10694
26557
15432
45347
23195
40259
2053
8257
48258
27297
43421
9223
22597
15243
18668
316
46566
8338
24170
40096
26438
16880
16659
20498
25011
11690
31054
19596
34548
11501
49564
560
11173
36063
23610
2117
34726
32782
25158
40824
33198
9714
28989
20475
35750
32711
2512
18953
43433
4638
47825
31632
38817
20316
23310
46462
32259
15822
47127
17658
6455
32721
19472
42997
39042
14493
44527
18821
27048
23887
45635
31498
29448
17389
37945
8872
16160
5547
14251
672
49393
17536
30413
34176
37774
31130
17197
49825
36757
24610
30794
30918
15806
6511
19849
33796
49753
29296
7569
31739
36326
17467
45070
6966
38794
10859
6737
13726
41390
40015
41436
9862
30666
28948
10198
38625
10427
27944
39103
2065
36146
3156
4888
34839
34249
9130
17478
11498
43117
19602
13982
20734
21601
8249
47719
4574
12690
13898
23813
7819
48028
7946
8063
27372
9806
21575
17031
39425
17814
5385
21106
23673
36675
867
27776
26366
4332
39142
33840
39870
3608
42153
36722
48937
19912
22970
38265
18676
7006
39528
41289
49321
4490
28112
34076
28049
8465
1166
17061
46070
8233
11353
46619
41585
25466
29282
41077
42092
36463
16259
47692
37288
2724
21004
45618
38761
17347
5663
49132
46578
44167
45815
21087
20720
22204
11397
1384
585
3124
33733
36281
43329
28840
535
21483
16559
27096
5810
33993
22014
29137
40516
8472
14623
35712
19999
918
2508
2663
48530
13613
10285
19576
41671
35161
40767
24413
45228
23076
2582
39081
38947
27210
470
33039
20252
2956
49526
17646
39179
23732
17124
37269
33436
43973
27620
26377
19570
30956
20842
13201
22612
42313
42208
32113
18902
38215
18650
4972
9878
38294
44420
14580
25477
42698
24181
6640
24515
38859
23453
49834
4561
8422
21064
24889
19874
45405
22785
47452
21845
22005
20914
42800
45984
30852
15133
47924
10155
44591
20539
1981
13660
34026
11477
24192
43688
8732
28632
41984
3342
28277
11675
6193
5565
32473
30263
15586
5837
24529
40812
27802
25599
32045
20789
24201
22400
23665
43779
2210
24096
31428
21889
43870
30620
38933
3393
31533
38392
1481
39885
45351
34258
5312
42762
11757
17206
47526
33730
39757
13280
6035
46265
4833
34401
25754
48894
747
14748
7280
21456
20035
23166
48484
27958
4151
36651
2538
41639
37095
33524
13340
47556
5047
11017
20546
46335
20756
22376
27125
6295
46819
41311
34131
48165
33532
37276
44253
29894
44645
36231
26392
18842
4619
27120
37473
45772
9020
35087
29157
3731
21839
30475
25329
24560
12282
7486
27880
30303
12381
32644
43718
5826
25766
28599
36731
12064
42510
39927
32163
24726
46033
47323
49733
18253
5236
15481
13353
30889
19187
29458
49964
237
6202
20145
40128
44407
41378
35178
32947
48520
43607
22936
46129
3148
46903
27137
19977
43133
4740
43378
32055
2320
46279
6135
43331
34842
36878
15094
31194
31011
11110
35454
33617
5204
28220
12818
22188
7287
29236
6051
49439
17280
36222
37566
7335
6679
28782
27155
20046
49285
46998
45105
9435
18291
48226
36864
11835
36023
25902
14710
10627
47840
347
8272
39504
9234
42838
32688
27704
29014
49335
9722
42539
40677
35537
18456
48055
17826
8767
32326
6069
25861
45550
17919
25629
45694
27964
12623
12656
30279
9954
41146
8381
34864
13991
46459
27768
7934
39472
20824
47664
44748
21206
8017
16648
20060
43473
41234
16640
38172
8817
30686
20092
10798
17150
23913
31418
37360
7547
15056
17000
26697
9198
49408
7787
365
15426
5269
41187
10526
15938
301
47735
21911
11907
22872
39957
46248
27747
49383
47677
36741
19755
47320
38784
4970
20484
49280
9217
48403
24909
35055
45081
13971
34981
45656
41782
13418
49128
29146
1999
10810
1761
3298
20907
24120
46358
34447
2039
39895
20388
42067
48629
41070
21586
48882
8379
36953
32804
12850
29009
46285
18262
37891
2930
12601
24381
26220
5527
49047
41422
18703
30709
25940
19709
33095
34624
2701
15532
9531
35907
36176
12578
23827
11522
43548
43653
35230
18769
20780
22144
22889
65
33413
2050
8939
46554
2457
28080
30123
44938
14103
11452
39495
18755
23240
8519
18009
5034
28408
37137
30909
44382
16538
15716
39119
17107
30512
47287
3699
6115
33306
25251
23374
48610
14640
25422
20591
48014
15510
23081
17136
18813
34792
31226
11615
31688
11442
26716
10036
19402
48061
12594
30141
31049
31708
2477
48278
32522
1934
41013
5687
41335
25951
11850
16617
44784
42380
30970
30849
15009
35816
27358
30672
10296
5571
23249
2349
15694
7587
9530
25602
22407
39782
10747
14199
22942
9990
22262
14800
32955
6757
14777
34739
20893
15014
27814
20203
26807
2242
25532
31995
13253
32404
26680
15351
18326
22442
3751
5489
15128
4465
15186
15407
34276
33507
21979
12008
43416
13282
41834
37485
30945
44855
38686
2488
2436
34577
20582
3713
17284
3478
28347
12706
6984
15229
10055
9029
26085
14975
7108
42363
12459
15894
34115
28657
31858
5224
21326
11829
33271
20344
39194
14676
399
6904
20861
30108
19387
14335
24614
32995
36612
779
603
25010
2598
25101
48723
18525
27535
49254
1702
15633
48472
35705
12827
1789
38541
48496
39606
3962
49224
21181
28545
36976
37304
10212
42547
49175
31966
4993
37397
20691
44719
4509
33312
36033
44536
41848
40888
16945
28528
881
11976
13158
24450
16346
27472
16247
10688
38404
35329
22536
45669
23908
43067
33181
33025
9047
20994
18071
3104
17679
20269
14287
36420
23395
28685
39058
4752
29584
9502
45017
29534
27192
41657
13917
36599
18038
40323
15880
46314
5649
22922
13935
38906
20853
19454
41263
11022
19321
29375
6354
43030
28397
31945
15667
19761
1635
18737
18683
21810
49901
39341
49914
31205
24254
31479
26848
48412
4363
43703
21753
21425
29804
30898
28693
17800
22078
47884
25089
25190
20438
14811
18743
10708
7061
29838
43442
17515
8536
17315
5779
40000
31443
20971
48983
30355
16672
22840
14716
15729
36426
31301
31788
26502
29940
16720
15568
15075
32576
44468
3183
6156
48032
25095
23263
11559
39763
24001
38250
49090
17418
92
43461
1076
4395
35740
5082
25402
11924
9586
45965
4918
23993
35544
14463
2294
44126
40427
42272
19132
35839
22683
24856
23691
49691
4224
43799
40224
31347
14231
18796
2649
34490
7320
48766
45113
14502
20794
15688
45826
17571
14245
20273
11051
17435
1125
564
15174
25515
12949
24842
2874
43740
22991
24486
42861
45397
20470
1346
49482
30608
23188
16732
161
33344
35656
46430
10401
21404
23784
12166
37642
45281
41416
44948
19646
13578
47425
47497
40461
12964
23472
4654
47658
46929
44724
9264
31978
19491
1005
16283
30741
43961
2184
28379
41124
11960
9520
45992
46073
1500
40748
13814
16883
40201
22487
46329
32859
21036
16143
40566
46225
18555
29613
46502
43805
1174
16166
6550
39597
46218
36507
35244
24331
25031
35160
1406
33008
2382
17173
21250
49184
19373
13903
12528
4293
11152
39832
21497
19944
4589
17635
29670
2981
48249
19059
34528
6333
8367
11747
39301
25077
11040
17785
27691
4480
31891
36847
26313
22231
20453
39463
35624
25150
20282
35935
27482
5932
49372
43497
30329
9549
35730
41706
17077
45516
18200
36185
19021
443
30333
27642
19834
21166
17696
1853
3867
38476
18563
24582
2697
9884
11124
205
45940
20649
33220
43105
22574
26015
7509
10494
15368
26441
33976
31521
25579
26169
2744
18128
31920
5977
24933
3846
5764
8579
31566
17602
47646
8663
41491
23259
7607
37458
38379
49093
25522
48537
18244
23809
16628
29914
28971
21267
4777
36126
33820
46100
42406
9856
25786
25838
16547
29630
37746
28502
47445
6887
35462
3904
36443
33408
28646
28447
46862
37362
40989
28876
4061
30369
19175
27677
28368
19655
24872
19515
37113
18133
20981
32816
38590
25435
34351
34307
41996
30564
42557
8443
13212
15069
31177
41176
44668
43531
10964
47916
19626
48575
29180
10959
30008
10361
11886
30996
22112
5257
46641
3312
33965
35584
17928
21921
26490
30489
37192
18407
21938
3283
921
18503
49604
44283
25710
11490
9394
44277
38305
16935
45482
14159
27276
9174
38675
32761
3196
7392
10517
10453
43007
25504
36409
3409
30979
36080
11808
23122
21767
19440
1952
34830
38167
29693
24395
22300
25123
44007
9826
17409
17240
34064
31759
13563
1246
15815
47136
11294
38669
39353
36797
27211
35341
32963
9850
7126
27242
14184
13559
24465
1375
6127
11767
48115
37995
22663
11080
27526
31217
28678
38230
46157
5408
33111
49721
6263
24350
9935
16294
5132
42714
45278
15659
23296
10030
33869
20392
23046
17545
44771
47170
8626
1821
44452
8999
38981
7132
36103
10280
30134
48906
34340
13823
17896
2239
17739
26001
31339
41524
21145
4531
32137
7500
2901
35756
39223
18218
1603
49689
11263
40476
32342
44442
21349
245
7219
5066
47344
19272
5430
15793
669
18895
41021
32917
17586
39672
29847
25452
8968
16239
3917
44265
40392
10868
31438
23028
30069
18970
9115
22469
4459
47089
37554
43282
7917
43528
8840
30507
5094
16112
12865
10248
33387
20820
36644
33074
36565
28490
28310
28711
23009
28580
8320
11518
10483
13410
19002
4346
17742
1417
2393
13062
15677
31579
4801
44922
42583
5350
29168
33700
7674
5167
3600
10376
48783
23420
39019
7847
8565
47570
43770
30443
1185
32204
25969
43055
42638
42611
28171
30658
23148
22852
41207
4429
658
8947
550
19504
24689
49819
18596
10897
42214
38973
35677
32985
38207
1229
31742
45646
28089
4940
8864
31583
46171
32369
24297
731
28426
8396
2149
26426
42440
36536
26824
16225
8225
3638
22083
20939
32079
14683
47638
782
20379
28960
23563
49209
38993
22716
35277
15156
10904
14652
4514
34321
13601
44060
49611
7998
45978
12546
16207
41305
16922
34881
28968
30629
15450
44336
38537
9670
3533
38572
3776
39231
18538
37984
29548
46810
33579
9310
44037
18879
13840
13469
35340
35915
28853
1877
49343
16196
36300
43760
44379
32067
1146
40619
38494
403
9185
29642
33428
33210
8170
39267
39402
23494
6804
13521
28702
28885
16832
47463
8977
11048
7979
7325
26462
22367
21967
5507
32657
25805
29432
21660
2335
32313
37540
14786
44828
12424
28357
34185
26528
37578
21378
46494
35019
35181
22515
16958
29599
32840
10392
12131
629
34429
5013
32178
10470
41616
38964
42074
17455
12232
22159
48845
1505
41958
6539
12325
28472
3501
17307
14223
27782
14013
29752
858
14150
2944
10981
16216
17717
3791
13598
13343
6244
2015
18018
4860
23510
37914
32587
4120
15265
14411
44704
13262
26600
39329
28258
42228
42013
33767
14406
25644
15922
7967
16039
2851
17222
29503
41961
47782
18285
14365
21056
43905
38465
14856
32294
34652
12015
14884
16784
41756
1868
33660
24016
8028
20199
17370
21561
6609
41060
9903
25228
36359
15529
37067
44236
39065
2671
32151
5735
48195
8300
9151
7224
3783
4450
7624
25342
19925
26635
12728
31713
16776
39121
3710
47373
32200
4165
10656
31008
35801
42885
38801
27916
13077
5964
29737
35380
37934
36622
4496
11568
25712
34917
10999
11710
44315
36454
7888
40835
26772
18438
9328
24363
18445
45910
36709
26413
36257
27285
17269
18931
37716
38602
23775
6463
21718
2262
23032
15102
31380
23990
44068
48392
41913
16355
29554
18493
2819
39620
34678
32508
7726
14342
9284
7360
38596
40944
1427
9949
48284
8344
17595
47730
13741
16822
2094
44423
30922
36948
43271
48653
11187
7342
40783
43264
4870
3066
29279
37232
31594
18157
22843
9578
2628
40934
16990
47011
48821
48916
7079
30161
33844
620
14202
17833
10587
44352
34708
18586
38125
35894
47370
36474
25730
26096
638
34925
28808
9833
48852
42197
20087
21476
40714
33445
4435
22793
12092
21016
40346
28533
29261
28913
47051
14487
42846
31026
45928
35404
23462
10412
45052
17864
11094
17759
34519
28730
24744
49668
23523
40162
21311
46982
16964
18992
31817
28939
17763
26409
41936
44024
22626
40407
26767
26623
3722
38735
20218
16898
21723
17357
40334
3930
45852
26476
32604
26284
42414
49352
23635
21990
5282
39971
15456
2933
25824
38845
13958
49157
44224
40355
26758
34697
7239
40601
3115
9800
24103
45723
3611
23873
34963
16843
35300
39077
3673
4798
11855
28867
10204
48646
22272
44620
10938
18802
12832
48977
25750
19858
32680
38863
46775
7432
22916
45205
13787
1668
40047
16488
21464
44634
21824
26520
31930
10947
35473
35921
5393
25637
42672
18108
7659
29981
49442
21256
23642
40107
24454
33860
19208
31112
37174
1211
5413
38189
30649
10000
42174
37378
21860
41092
40523
23386
42891
32889
21274
27453
24561
3232
5340
26972
420
43560
26708
48867
5124
37906
2500
49578
2968
38752
8652
330
36608
43921
32020
16684
14425
45167
17008
2192
6572
1560
17183
15391
41407
37845
40867
48150
10338
13929
42908
23598
42972
28159
13324
11893
27907
42054
47544
6722
40772
26619
2155
17843
33239
19724
18233
42023
8724
48639
7618
15735
1520
3003
10019
28843
20339
13636
17623
18461
29685
49497
39168
24921
19794
25586
27384
20527
23134
9813
27320
6746
43403
15964
26198
23
26063
22053
26580
26690
46201
11982
5918
1240
8796
43822
32750
41810
1772
42081
42296
20875
7256
45682
9246
7525
7248
33704
15288
35364
1532
43088
24247
12253
24123
19639
7767
10679
28928
11313
18776
26119
42670
25368
48368
6447
2523
44678
29334
36004
33143
16807
36762
35512
24038
47263
6762
20310
16610
9099
36272
19423
30208
21227
36095
11084
46438
46917
39849
49843
184
47841
32010
12711
44588
37130
9618
36377
45197
46898
40275
42322
6003
48702
38009
2410
34581
44159
43917
40304
18715
36153
49674
21908
34498
43786
27410
47068
896
45182
46692
33881
36684
44349
12768
47983
936
28292
41622
41042
35694
28519
47255
30932
40694
12700
16794
47175
20006
21892
49926
32093
27929
46943
37681
34635
18471
39818
8910
33622
24621
8214
45879
14066
35944
36350
49932
40845
16277
45498
2308
18204
3515
44838
40706
25988
34096
41033
8854
21048
26723
34682
39036
5716
26386
686
45031
28795
46517
3078
28899
33776
24378
983
12359
6655
12412
39916
19411
43206
21431
19068
27753
42951
39094
40980
24317
10888
38828
6614
38155
29197
15909
2366
25855
27855
18921
15769
21628
23336
24663
16106
48613
20832
26159
31389
47765
40053
49556
26134
1566
3026
22770
6429
6562
46006
36434
5448
44806
26954
33898
32552
34995
3626
21552
6086
16021
19195
30802
7415
43624
18120
9557
13025
24790
23618
995
49012
5910
36782
37084
31408
30192
5375
33928
20168
27004
47155
41950
23346
42722
41556
45765
27073
15757
47291
41106
26992
47979
22976
18302
12203
1806
25618
47997
2883
48380
19864
2576
37186
17492
9002
14444
16590
13697
15944
28765
9746
40856
26743
20447
5079
44138
19776
8144
34757
11237
17025
19935
14374
39948
29075
43696
16706
43818
19263
42170
31357
38141
25210
45444
22216
39824
19347
24805
5742
6861
12533
29046
48809
29209
24943
9040
21550
48095
30718
23064
47390
32863
10578
698
42811
5553
40288
33179
44910
14051
45
34812
22507
6232
11275
29526
45340
49595
3832
14905
29679
22742
32905
2912
14046
16338
35068
7988
14661
38743
25564
10814
25390
47332
41134
46824
4088
11735
31806
1355
33014
36777
1581
24152
21866
30079
18520
1819
36489
12438
495
19300
47509
9708
15499
3528
47101
3133
45893
42045
43616
6850
46372
1204
10914
30260
800
24595
9108
47204
27833
30982
32845
22339
7898
44970
17612
34031
14525
19828
46787
49503
2752
41367
31101
18870
38530
44011
19109
39382
6302
4040
49080
6096
26299
14116
24279
13195
9919
13012
25991
43151
37040
40590
806
23897
26833
27717
43844
40139
12291
35608
20925
44681
6934
44767
49950
6710
28168
6713
7030
9479
4094
7406
31875
42629
35145
40964
1279
5054
18580
3821
30439
7058
35669
35102
30776
13364
6661
9272
39803
33753
1749
13443
47803
43233
5930
4728
42383
39487
23867
21953
20366
25927
13134
33941
24030
46102
21665
41562
13773
35865
12334
14841
27068
23096
6411
41399
17093
41514
48090
32772
18059
12851
25307
3328
39798
33610
23060
16369
29220
15621
5874
34087
33152
32493
42270
40957
13849
21677
8104
7834
46837
17396
32445
32592
29744
15993
12038
37972
33690
45148
24135
19141
30158
21682
34386
30820
23229
14985
34130
27636
43198
41890
14864
18384
42138
38038
13581
28057
46535
30866
47962
20067
14751
14936
40992
6814
29702
9366
516
4218
39670
33461
38068
8419
44491
32457
21746
16407
31266
21775
39579
13161
17554
41576
8590
41277
32438
47478
2891
35439
16572
4560
42516
353
27730
29636
2428
13851
42473
4749
14264
10108
39318
32033
4685
8077
8329
23424
13248
38433
3980
29601
30765
44362
12467
12494
14548
12111
37800
21637
43163
34144
33083
29966
45736
28628
46137
10537
33262
41605
5997
5660
45455
34157
6386
38891
13941
12346
31185
3043
17328
31321
29056
27446
43148
1362
45749
37407
8048
11005
38094
33046
38700
7758
13387
18339
12198
29093
20122
8680
18178
34397
28240
28463
34376
7447
1323
38920
7044
37241
44956
6798
16901
44849
44184
42653
3451
41247
23215
4043
5753
25441
31656
41906
7158
44213
36088
33745
48360
9762
33370
47951
27088
23407
9388
31313
46685
46883
32395
22104
25548
31073
38349
959
28141
10117
13422
11245
3226
24503
31246
31232
31502
20954
4790
6560
24920
40120
49546
45295
27630
38329
24865
27431
46489
34597
5787
14168
30590
44199
42124
30695
47580
39022
8613
35357
17685
15706
41482
35256
48720
43516
27982
27555
2326
37809
12072
22162
27019
29952
24267
25815
40366
49457
17980
17046
34101
9441
43453
49004
4813
29113
14600
28319
49369
11873
35558
38715
11388
6167
8509
17481
34318
2640
22529
31281
12241
23583
11306
28031
12665
39458
35212
39718
24779
19813
24494
1194
762
49810
20228
1891
34560
27738
43647
9693
25391
46847
28823
13538
8185
702
21354
37029
22780
25179
2169
34934
7369
17336
39739
27866
22677
28605
48507
46860
17960
7778
33500
46251
6641
18380
38416
8111
49793
8684
3386
37107
1684
31511
37439
24579
13718
39283
22603
7299
22898
40508
1574
40632
23929
21520
32270
13
45180
20670
19234
35268
19282
16015
36667
16694
38361
41597
42521
48450
27974
35962
32186
35529
41257
4279
16500
2286
48755
9256
19684
23758
2569
45508
45308
32213
26339
24703
6218
46059
2030
38518
42772
27038
37052
13454
3577
5248
4708
22458
1618
44501
46306
173
31954
30752
48740
3745
35988
34783
46660
12974
41341
45832
21299
31667
12801
21338
22304
29258
32625
10602
24692
8754
49053
1592
5198
24679
7862
44800
49651
11933
33712
16269
3876
34856
44974
20076
37345
14277
46625
26548
13706
20575
1966
3093
49218
18660
44698
1050
39271
872
1053
48960
38318
44205
19661
33104
9462
26171
48079
39777
10781
46471
45861
2550
13097
8719
34009
34469
38703
12793
18700
44091
29224
13083
40152
45577
37723
42986
45327
12565
12270
43296
15575
2360
29419
35682
45846
38360
46543
15519
42460
37867
120
20247
37876
19463
31643
11405
14515
29410
24224
47683
2657
37705
18067
19445
11724
13485
24770
7924
35878
20658
46871
19315
41163
33678
28992
1285
19748
23848
30097
41813
42684
7958
47745
45437
30036
30291
13118
6173
24985
35428
23153
8135
5863
41353
47938
22179
3765
32702
5112
17569
29883
1949
48588
46969
37528
38927
37295
49866
37143
31150
14040
21396
1066
22698
7375
37046
40917
28002
38022
39371
7717
36318
23838
26967
1108
42232
34287
47870
30019
12784
2617
43100
44895
3211
18189
42804
277
48661
5852
19484
15162
19242
22727
18363
34711
30384
5843
14840
19077
34766
49149
40906
36899
9482
45711
4403
22495
14008
39206
45134
4630
6313
28266
6585
5158
14303
8126
2106
13376
49880
11371
38103
14132
1656
32758
41465
6948
46727
48421
13967
754
2685
45789
38254
18616
48322
30457
29567
44915
5176
33904
17449
2849
33397
35193
16041
9566
10636
27897
43488
13509
13106
23966
9057
35576
7015
29725
25332
33480
27497
48388
24216
42913
22570
6345
30288
47875
13479
18148
9424
31769
41681
31624
12678
42350
37252
8356
49894
34534
21076
10822
42594
20403
1650
13003
42928
34610
19013
37954
29796
3444
8744
8036
6774
36216
1092
1908
23115
48293
12000
49979
34226
7111
19370
26076
7689
26359
39370
42786
20963
15148
3461
8648
21387
45072
9351
26815
24238
42248
38956
12755
44147
21445
25052
30524
46348
32279
31695
12023
45562
7575
2225
16185
26105
27230
39588
28029
36164
45253
5477
13671
29821
27599
36545
36362
5613
5216
5144
40755
42603
18000
6222
12409
40894
26856
47188
6591
13875
4072
19680
20626
17855
29720
26146
33935
17019
7032
12476
10563
39394
29769
43219
7879
42737
11139
12938
47609
11326
4381
44118
36590
5512
36268
45560
21175
43256
9206
1731
36396
26206
22254
37833
43984
7480
19733
22869
15345
9499
39937
14821
35778
24534
127
22094
37752
37670
26301
15593
34943
1798
33333
41152
4146
15650
19339
19906
41926
26185
47309
46393
20025
36638
24720
5813
48218
16474
18358
7793
16857
23011
35853
25277
27411
34054
25025
26906
49036
35785
27329
43589
40809
20553
2762
14892
40880
8091
36498
6392
49585
13224
39641
12877
29854
15214
4360
5881
31772
43303
6914
36210
24064
18976
36580
12891
11941
48331
38509
6275
9150
24973
15777
9787
4110
29491
12304
19309
42753
14565
3275
31162
18047
49633
46412
14075
39437
11634
44874
21419
45911
20510
24479
8523
39985
16449
27146
26935
44086
41665
10183
48597
14805
38556
41823
14095
13500
4696
8059
24639
35045
25281
42481
6997
46296
47197
5698
28811
6505
379
4679
29397
47513
13184
25231
4252
44736
5587
49198
12226
24173
47115
46715
32696
47274
10354
41216
48685
35642
23208
13688
7810
4960
31846
27370
4137
29310
32935
26581
33227
21155
9639
40455
44439
12502
9595
18621
19251
4543
37504
20946
25661
11783
21503
15372
46581
12616
22437
43729
14913
40546
46239
49300
29879
9079
10256
25298
6832
29773
21126
15548
26662
20710
3037
25800
42942
37513
47034
23548
7694
3368
30556
6043
9974
21131
11255
31545
42443
43012
16056
12551
34972
41228
41869
17904
14533
32309
6528
45473
8898
30048
34472
36332
12365
25948
9343
44516
37314
27469
18918
33826
37
4180
18343
16063
48679
33553
29349
9337
16008
26601
47141
47005
36132
25379
264
33643
10973
29471
37212
22242
48314
26644
43505
10100
20614
37679
44391
6684
37423
599
48232
32142
30221
3208
27189
16861
47593
22042
3269
43129
841
22324
38280
8173
32351
30465
22287
46732
30175
41300
3643
8779
47030
45235
3426
45386
25116
21023
47223
16179
48565
25358
47219
20882
28138
30425
20769
35112
36382
43891
30547
26272
722
16436
22028
11199
23940
21529
18227
20681
37339
27056
12320
24756
45047
818
26531
37883
5308
16459
49708
11968
8007
38088
31455
16721
966
23105
17296
1478
49428
37005
12043
29354
14942
457
33669
26989
8808
27396
35952
11863
47704
2973
36558
15081
6403
6150
1624
12056
155
44246
15474
29580
19042
27845
31881
25197
14437
2785
3820
32483
30240
2218
18099
45791
22703
43400
34011
17946
41198
10549
35203
27544
5492
6823
42005
7163
21534
9641
10775
1319
27883
1696
37000
48465
35026
12906
10079
42338
7302
10010
23275
49103
19112
36020
20182
32102
5469
30391
26925
4841
10084
26264
7740
20330
14554
49714
31905
6926
30317
837
4595
32927
31833
14477
11222
37700
30181
40734
25048
4946
31469
7517
36889
44985
22986
40319
19893
16326
27178
5895
41501
1014
3173
39444
19353
25675
17702
20420
29110
28780
33959
43038
8440
37624
44758
35633
44999
48928
46610
20722
30111
37497
37655
15850
7091
2277
34347
40448
22756
4903
22039
1
11069
42827
38872
28190
47532
48342
14327
3655
39135
38654
47759
40593
1157
16375
13050
4328
1433
15316
2416
22655
8495
32975
35309
5434
24793
31257
24955
5950
10302
26883
2868
2002
2994
49987
4250
10126
47820
47909
383
7390
42569
22472
28389
44861
5358
45249
35285
34166
24048
42426
5027
38054
32668
14397
901
1725
22736
31295
14385
5982
35975
12392
43860
26241
6376
35383
28016
16916
22350
47435
16134
22803
49625
22129
15037
32248
45623
19095
36529
10433
423
16399
48435
30872
45673
7595
38012
1294
15044
16979
15256
6473
48452
8196
35036
23519
27422
1450
9682
45948
36852
41321
25733
29329
42464
17249
36902
23482
32535
31823
18606
48812
35233
5185
7633
38460
12743
37740
39698
21219
42037
34647
1464
40557
2720
33918
23681
6327
6365
4130
12377
2376
15978
40185
25776
40244
24079
35074
20116
5626
42142
29314
1392
48302
39335
20673
32125
42356
19556
3995
23282
33066
37151
26563
37418
34299
26223
40075
28202
38424
41718
33284
1337
6102
28498
34232
48873
15276
35761
8925
12958
10840
44881
41858
9734
41646
27651
34907
3243
10149
27689
7535
213
40386
44605
10062
42748
20234
30781
42118
5538
36242
1261
22316
21781
41898
37764
7207
16820
35595
42283
44486
10930
9672
16515
39567
31727
33515
9374
43221
10770
8603
42856
3934
36060
22425
45756
29790
21599
12999
8635
40420
6188
24051
197
29818
31034
26122
13889
10042
4188
23432
4372
8822
11608
42875
46149
10320
46953
20359
19951
26656
12273
39638
18839
13759
5710
12154
16387
37224
19031
32871
23652
36715
1975
43387
48780
49646
34455
32461
43175
15328
10137
14603
26233
9084
7193
25980
32378
1084
45589
43831
35450
43882
38721
23798
13544
39904
47239
16123
15021
12488
12912
11593
1885
6897
10595
11144
31276
45521
12647
3885
1713
23446
6283
46592
11776
27166
15232
33878
40004
45707
27608
7172
42937
26790
24302
38881
48047
3083
3307
47892
45540
35132
35415
21283
25268
17373
17937
11417
25660
10878
3805
4873
27582
36838
35311
37470
40030
27509
34871
37162
43361
14762
48745
26348
31939
42255
41088
16570
47419
23958
39538
5796
83
31394
44300
7459
14083
11542
5329
6783
29082
17721
16414
40491
32430
19220
48552
3161
20179
228
30596
17087
33562
8408
26040
34569
25879
29029
9404
37607
24547
11425
35499
47490
4925
12180
8457
22646
10444
49308
11365
2448
23708
43949
47408
47243
3554
32232
24659
10721
44568
45469
19224
13054
39242
40659
37450
7822
13865
39748
22411
20424
46041
37584
17527
29123
16756
3565
19881
39702
23859
3667
4523
252
44108
39621
43960
43075
6485
3058
39188
5102
32386
51
821
23716
45156
39655
2256
35796
38649
43934
42304
40236
28750
32567
35848
21309
46389
7464
13317
11699
41765
37076
40792
37638
21697
38198
48963
23574
27932
26862
23322
14878
29061
28563
49953
44811
26800
12740
34197
28122
43746
20295
40433
33126
4642
8954
45122
33251
284
8207
7663
2462
33989
46674
1920
19692
26919
49164
6695
34212
19803
49746
33059
9963
49248
17156
22823
31614
48691
32636
40622
34205
45311
49064
26056
23551
38135
29909
17803
44307
24437
18165
32792
47590
8082
7560
45093
15865
15854
14728
41442
21998
46799
45266
43596
43320
3959
30735
37818
46447
9066
25066
28554
336
49854
19787
39853
26458
38448
20743
8843
28617
8553
36986
22905
38564
10714
22065
24642
23314
42643
43879
13294
45809
29490
13645
3257
33785
38112
10329
37822
46029
40729
41779
31795
10177
35395
11796
26030
8916
33547
15839
46758
23748
2733
46193
14298
8710
2840
13627
21232
33352
30405
17969
31868
49264
10650
16088
46187
9170
5605
11915
41744
2079
35486
7708
15888
2123
28248
138
25884
37327
41535
34807
28196
13517
24825
31989
37592
49413
2138
47611
45427
9452
22585
24735
27826
36803
35094
26899
46120
13149
8547
9778
7148
32511
38080
6856
16506
46938
35010
718
2179
26050
12981
19588
43996
28335
26328
38334
13762
45028
43662
8158
9131
46975
8695
525
46164
1030
24404
48185
18427
45952
22640
19986
3896
24358
48151
17219
48009
27233
16094
18984
24900
31370
42103
7908
7854
39415
37922
35613
41546
21120
10759
13668
18413
44623
30344
47773
3331
24282
20511
29249
20011
11466
19391
11649
1255
40574
9607
30214
11283
18636
45417
13797
3945
39550
3589
28103
10390
38776
44651
31099
48832
41007
44576
24143
2823
1452
40664
25692
22953
23359
44541
37612
12150
33371
36518
23975
1832
3374
38389
32026
31605
48134
5674
9891
18082
45220
40532
29975
13239
37859
49027
10506
36933
18888
36042
4056
28759
12778
11812
27334
49784
942
27517
35888
295
12110
14994
26949
12186
13122
20609
40198
21740
11211
19970
11588
6621
17663
40038
22541
9658
47860
33242
15304
22387
8268
27797
32830
46018
34266
16599
34957
41727
49770
14029
29183
9925
29999
46361
27665
41475
44555
40217
5640
1526
17116
75
29468
5367
32547
31136
29651
472
14695
43186
34432
39879
46526
30637
49463
46709
10228
40922
36925
20632
36823
36963
3496
27106
31083
10341
19156
13439
32085
13396
6023
34614
6080
3989
23946
49239
10663
6440
44472
45008
2776
9316
22228
30828
37012
2608
25316
25139
33140
1549
34778
