3994
855
2627
8443
8003
2085
5201
3830
6840
7638
1196
1334
7485
7342
3834
8194
2527
5520
8859
6026
5565
1051
5615
3858
3339
7217
8752
9244
3666
4145
2156
2740
3241
1656
1637
6083
4360
5347
7953
9366
4636
3695
6728
7538
9021
6827
1526
6375
105
3754
4301
5141
9275
9623
7196
3013
1790
6286
6795
8839
308
3154
7695
5315
2271
6302
1464
3368
395
7103
2021
2409
12
3316
2814
7842
1931
7923
2843
1380
4925
4705
5460
3879
8650
2999
3903
8170
376
8675
4219
5691
3675
7380
3719
6067
5041
7555
9984
4948
9471
9742
6034
4957
2447
9895
3224
7181
9193
9359
1711
6720
8640
7622
1571
921
5139
4487
6907
6079
3192
5490
2599
4422
9827
5004
8247
8369
9888
9531
3218
5261
2316
3235
4318
4272
5635
3528
6391
2074
1683
8495
2746
3502
7410
6019
8034
3164
9433
3938
9140
9759
7091
8931
2698
6153
5936
4131
1236
5062
2532
5170
1449
7041
957
191
5359
8796
4005
9805
9173
2613
5856
7964
6442
1902
1921
441
842
1669
8353
62
6888
1600
9917
7237
6935
8339
9644
4999
7505
128
3492
2809
3135
9683
5381
3490
4886
4558
5868
230
9448
6694
8614
3924
5985
2715
1511
4526
3183
1369
2113
8056
9495
8013
7040
1970
8877
4873
6300
83
628
43
3448
8883
8823
5673
3896
1554
654
4961
8742
7739
3391
2508
9946
9257
3474
8292
4667
8342
9967
4263
7985
6948
4804
6601
1304
3355
4400
8769
5115
2454
1088
2400
2067
4659
496
6176
9392
538
5474
5656
2060
4195
4071
7471
7579
4258
8187
7353
1881
8657
5798
1318
877
1743
2564
608
8711
6121
4906
2560
1481
3110
648
2902
508
5129
7113
4372
456
8812
5921
756
7425
9656
4503
4065
4300
2543
7024
5189
469
5246
4692
1325
3593
9386
1026
6671
4610
5752
8118
4233
315
1695
9099
1431
5522
9011
9205
7806
5951
170
2360
8894
6879
6335
5643
4437
8986
9997
5624
9868
7451
1164
3627
6227
3275
9343
7438
4128
9921
3848
5322
8416
255
2984
3769
6663
738
9709
5809
3681
920
8106
8608
1766
5230
153
7303
9190
594
2007
5790
682
3968
5073
985
51
3985
6474
556
2467
6527
4513
2834
4345
1091
6897
2768
8941
2945
8284
7142
5584
1277
7933
9229
1102
887
3047
4753
9034
1119
5718
6490
9424
7159
8909
98
8303
3773
3549
2265
4791
5965
2174
3022
8920
7285
4712
3098
9061
9692
5377
1014
4735
2859
519
243
1757
579
8805
716
8234
1854
9674
3572
4620
3795
2685
1648
8227
1988
8786
7858
3732
6278
9779
8433
2576
8843
4030
4408
6414
2475
7468
4494
6041
383
1178
5495
8930
962
4939
5277
1959
7718
8215
2826
7399
7065
5036
7327
5370
896
7127
4159
1406
6214
6652
5507
4990
5236
1740
9952
7728
7782
611
8730
7056
5670
8581
2185
2033
2017
5688
8082
2244
6051
9762
3607
2919
2435
2200
9574
9148
2609
3310
9120
6134
2220
6192
5094
5420
1604
3811
5331
5704
8973
9130
9285
3064
9848
829
3971
4205
5575
1080
2203
1549
2923
4837
5828
2894
7612
1044
3748
9000
8122
9234
7643
9542
932
4411
9316
3003
1299
2105
7946
7242
7887
9610
434
7500
663
3581
2582
1477
9072
1505
1040
1722
3631
4897
4582
8402
2635
7815
1708
9977
4173
4860
9583
6731
1949
6428
1389
3725
2308
6987
2230
1977
1360
7176
3322
2656
5433
8278
5401
1913
1537
1877
9153
6246
6252
4385
6709
1999
9715
9216
6584
586
7005
6170
9523
2361
1285
5609
4106
6686
4284
1242
3266
3386
2938
7780
7666
8508
5421
7530
4166
5871
9410
7135
5596
284
6092
743
7829
4453
903
5444
5837
3124
8071
8378
7081
8208
9326
1002
367
9591
5771
6977
3658
4727
5978
2519
5950
7078
356
1836
8776
8666
76
9451
4340
979
8050
1140
7278
1459
4920
7
6777
9908
2722
2976
7686
3551
7205
3950
542
177
784
8487
7544
3076
6818
4623
22
9168
1801
116
6454
2232
7915
3420
8629
4545
6954
5257
1252
4369
1069
7657
5910
6615
6499
3179
3788
765
2146
4243
2869
6181
2703
1152
7386
7603
6143
5997
671
3461
1211
7708
2662
9508
9001
9873
8547
8097
9661
5889
861
8474
418
1142
6635
5400
472
1847
5919
991
6749
2379
9792
6323
3035
2253
6852
9561
5845
406
6591
2771
2782
5770
3089
7679
3424
7978
8425
6566
6232
7168
2954
9632
4761
817
6269
8399
184
8451
34
296
7585
1393
1563
6111
344
2970
2498
2490
4742
7014
4046
6389
6366
7750
4680
7906
2418
6752
3146
779
1416
6548
793
9334
9488
5058
3617
6963
7291
1122
4477
3203
9055
1894
6920
8565
5463
5725
3650
3519
3343
325
4784
2291
7316
2428
3254
6864
4649
1818
5011
7365
8029
5539
144
1201
6844
9782
9413
6502
4846
1630
6514
4447
4600
6555
1350
5213
5750
6010
1794
2164
9814
3118
273
8327
2341
339
2645
4539
6358
7798
6346
8967
3704
802
6535
4773
8061
8253
8146
9467
6789
1265
949
831
9552
2672
5180
9740
3372
4971
1222
5193
4569
2882
5541
6466
3293
7229
6107
8517
5082
8737
2325
7833
6440
530
6763
7000
4328
8595
2390
4225
9087
7874
694
1587
2751
6204
488
5158
2045
5022
4091
3912
4090
3454
9831
7420
4119
268
7257
5283
2123
240
6803
429
8526
5302
2871
1185
7866
7898
1869
1616
8155
1680
8867
4055
9618
566
8955
4014
5819
8698
5735
9860
3534
8575
706
9516
3957
4684
5897
635
1423
8689
7761
7443
5102
9050
4821
220
4034
1830
2098
3888
8268
6405
8390
8560
6625
8461
7267
4181
6313
4464
5559
3567
7999
3402
2282
5291
7561
3287
4814
7598
6645
1776
9101
7756
730
4864
8177
7511
3055
7340
4579
3431
8131
8319
2791
9934
3808
136
2137
8537
9728
208
3868
9306
6925
2340
6579
9295
8706
9380
1499
9264
