41514
91190
39975
87220
53489
14225
52762
26822
29920
11918
40641
34577
49717
51688
38898
41984
56305
39426
71320
3324
59952
75068
95954
20859
74613
4465
62018
36646
55036
70667
68546
19068
49634
17734
65418
22220
34830
50239
87424
46287
46467
1517
61933
76987
73911
13877
80826
32282
32471
83814
77317
94407
79780
75409
98279
55405
91715
54999
12714
54236
63556
50287
46949
33631
51929
86954
87256
94785
23203
5976
40452
78052
23969
14701
93134
47693
39200
74848
60190
8909
53751
80555
63172
35178
82773
29569
29184
34101
86725
40754
50913
29819
36576
20987
98395
90198
44813
34610
23194
76816
27909
78534
45554
45966
15864
16144
65220
78748
74421
73108
86484
68372
55619
48224
98145
42847
42298
42457
98945
51105
2149
59214
9162
90766
16984
79084
58945
5594
2814
62098
94053
30835
86374
80634
89573
14512
53724
36146
12296
92832
36524
62778
22333
47809
51673
71033
54627
25254
59842
70966
41218
58616
73487
23127
55066
75806
36518
17780
37262
78602
36432
23786
9992
64155
40619
12476
88791
47236
70627
71598
3254
10599
13611
83481
24976
98804
8130
80854
65021
42170
61774
79844
54880
12311
31601
31339
12183
20844
17212
83274
2955
90256
39466
58060
54920
2460
7355
14527
84223
81138
83478
13941
9849
10984
38804
18259
71360
46995
37290
98740
15577
16932
41025
83030
67823
70047
76511
18830
53391
75260
52674
82328
84791
21833
71296
9443
80475
25748
20423
78077
30622
94846
91422
19449
75611
55893
10297
86664
12815
96683
23871
58625
97367
26301
31498
7438
52448
6681
2894
7404
54819
58576
72727
13743
11142
95060
52598
89161
90751
85706
51023
6415
30506
4557
42035
4963
77338
64972
73081
29825
84104
94574
52759
24384
53312
9092
50358
41886
47822
58918
77555
99994
45228
79053
97464
47168
39448
19828
12864
63791
73182
51618
67148
6064
68686
85047
12620
70466
88001
89444
52997
11969
76349
38746
96616
2836
49708
47394
84705
95881
403
559
25281
26465
94065
36161
50141
12552
86829
5781
94636
27802
68500
57615
11286
73316
7160
20252
38639
42078
11188
49903
92637
46744
10685
70496
94889
84025
58347
74189
68201
37690
96283
4426
22898
4743
99527
87906
73478
7953
51014
72172
38288
59324
63599
22025
62821
52695
14792
77833
57282
13563
9812
28873
89026
38572
4865
20521
72474
42255
38761
33420
41782
3974
29407
36805
79133
48429
63761
61924
43506
94919
29099
80585
56208
12671
22526
17475
98954
64588
23908
99112
98527
21647
48893
45249
68143
44742
66532
52207
55674
72919
60865
76236
25654
15842
86353
32404
29059
61982
62662
7923
43265
34751
85099
57636
48502
4404
97916
70206
35450
82459
96262
52811
79276
91559
89570
11237
88358
12986
73996
27659
82526
42569
21860
39329
82654
71094
96570
59604
66529
64457
44205
45456
76447
66718
67505
56928
43549
78336
62027
80747
63416
4328
48581
63648
78611
92234
8793
37958
10566
72547
16880
34012
59336
21888
62555
34836
31867
56965
16269
35102
36744
62226
30051
37278
2985
35251
25632
16916
33857
26429
21229
61225
92206
23832
72782
91877
94513
83555
45463
63022
79343
36799
54886
50120
3385
14356
56199
95209
68091
9119
24268
30164
7016
97089
2240
98923
7767
28666
41404
73710
24738
99238
28675
24485
5930
41248
87494
68680
85810
40989
39887
47486
68970
84366
54676
56180
70170
55265
21085
3422
79151
7889
54560
88880
93918
11783
38297
31281
46235
35227
69974
739
32880
24817
48908
31962
1719
30973
91852
20655
77805
92038
93201
5344
30365
95908
52607
47095
46180
22324
60575
35181
25062
18964
82709
96857
14448
33216
39371
38758
21363
78269
2314
69080
32483
59919
48465
48929
63251
81104
71204
41550
43686
42429
46692
34531
12842
71335
8878
27256
18897
34260
75477
65445
78064
72449
3074
88379
95411
52018
99436
4447
696
68885
71183
60639
2393
34922
21631
12998
36109
70008
24012
48749
2714
41010
21393
56873
83188
68039
85920
73527
61316
73041
81873
65488
80210
76951
58805
7328
98615
6901
7428
64213
65174
59049
5079
80271
76120
90455
93329
42533
85056
46213
69159
13236
95740
93619
45017
62119
27729
37726
64557
31708
82978
34031
27158
76246
91575
63822
24375
64890
64664
87842
41395
89765
32755
43918
26697
69544
97477
4154
89173
74967
57303
82483
66309
58954
31989
85199
81720
26346
85956
88526
1017
59742
74622
67893
91095
12198
27497
43580
65970
67121
68042
74177
13010
22989
69028
86713
65033
89609
26297
67945
88987
34549
81907
7364
19352
49833
32633
14417
23584
47324
27988
63508
74946
76304
23328
13410
19178
15394
11536
42710
18454
49213
35651
32129
49482
85453
51825
33283
73896
66980
83344
34964
6251
20945
87745
840
29371
73874
47428
1246
98087
23456
86921
66037
5451
51001
90708
89332
49759
21018
35322
1093
48975
6025
73932
79542
5192
37214
89942
791
89597
23722
75925
36982
6638
71750
6455
5335
70383
28223
31626
32972
17283
80311
50333
92002
65339
43009
13831
80069
24686
72513
98996
14667
17188
6305
63129
27488
57801
63056
9656
79966
97043
36756
69919
88089
1536
1270
90595
88810
50242
21238
69285
69935
13288
82563
14393
20456
28025
86780
39917
20966
20438
52128
42865
34876
51273
19495
28550
21921
79264
92090
19135
31211
95966
6925
83909
96763
56601
42380
57682
38346
33191
38498
2021
76191
220
16202
71003
47541
97596
50943
2775
94428
79728
87943
86332
25907
41364
27170
19080
7819
60831
56165
20868
83198
51258
58841
20087
76493
60434
78385
77457
84690
9949
62391
63144
8481
14191
68332
52808
26587
69855
57529
58246
66379
56598
55707
58194
73902
39451
8274
44993
36460
13581
8466
52656
60843
82111
26453
82038
60349
7544
17566
88694
27439
49042
29136
74985
44245
76328
95078
10096
61133
40027
96540
29783
24607
97815
31061
44935
95841
15491
39582
67765
83173
83121
56623
30485
32578
84882
13291
38846
79599
5817
29532
57886
4569
28608
36240
8030
56794
23539
17927
99680
63312
84739
16462
84409
86634
50846
55536
18174
44034
43461
9220
84617
96000
12650
52265
96155
66507
16974
13224
62974
54725
72574
10627
36173
57950
94794
35492
36417
84455
78290
61789
29725
80332
86118
83402
35267
35578
55729
15558
74589
33844
41324
30295
77741
93879
78821
28635
9339
53943
90317
8680
6824
95630
721
57193
63706
92902
79569
85416
54474
37021
28333
27741
15690
24729
34769
75748
19855
77753
15787
52396
82782
43985
34290
98609
79020
30527
9263
88840
6040
26844
76658
15601
10325
56299
72211
33408
3040
50831
38334
30427
98694
85184
26993
22306
50455
44773
12391
47245
11359
17612
39133
95484
88453
99213
20740
54279
20618
68024
95478
27314
69626
37967
70887
36960
58256
43766
39679
16593
62809
95392
27646
59760
70090
89152
21610
85907
66166
81485
90622
77778
83112
63303
43244
67862
45533
31791
32157
78095
33042
48191
95545
26777
8085
4526
47953
7859
92365
44471
43860
29267
85019
27247
57728
32819
29554
81492
12494
69321
68415
55143
14774
10956
43619
92676
22281
99390
31580
98179
56910
80131
87592
1319
26337
42280
2674
3235
87116
36347
63346
76377
49784
46824
41492
48108
62406
49051
29596
16312
11179
39808
29429
38489
14203
18378
41916
23005
94898
72962
89933
38410
86161
39283
75916
34897
64969
53281
4072
26389
67435
44153
42713
41157
14179
87858
45173
18396
72535
10721
78303
27329
80353
4715
80094
80057
16849
36728
32944
86847
40995
2192
39405
59256
73542
54245
56251
23496
35117
50892
84281
7920
59073
91242
74155
9369
79920
69956
45063
88141
81180
83283
13645
33619
10392
10355
83579
89628
8140
19422
36789
5646
67042
80872
89615
28913
85611
49772
39823
16175
15333
80039
8918
74720
5683
20603
23673
7251
19309
21268
71436
91416
54169
45450
40159
78849
86475
81919
67063
29758
9488
72297
4340
82700
66489
18360
69114
61847
11493
40503
85218
9101
53562
51297
76389
31434
81559
94169
81598
76029
41727
69233
53693
86323
62250
39332
64536
56431
17624
55210
33582
11161
32096
14783
38694
67234
73417
97147
58069
52152
69782
75986
53867
59415
89200
18525
50632
15702
21409
96219
61973
46250
42511
75330
55378
99808
2601
66581
65705
20673
72138
98478
37775
33436
50272
4850
26175
56000
88209
67322
30448
6605
30695
93717
20377
28852
39756
42939
41089
27384
64698
98890
3748
79328
94770
33970
73612
91495
51783
6019
57294
53663
87540
46210
51554
54715
47947
45395
17011
3541
41150
4654
31382
10767
10080
1233
5961
70829
48209
22730
61347
62433
47974
56153
93589
76178
51301
84562
77002
68662
99766
99082
40589
95707
47461
22861
8725
52778
52149
22
46732
806
10401
52823
1944
5439
52274
60080
80939
67917
61207
60016
53473
75669
34714
30634
23865
50776
51548
60328
60907
94947
22974
15195
59366
65082
81058
40336
71106
12323
60114
36335
97095
51978
9586
18772
48844
24753
58448
32352
61515
2298
97880
26032
40796
17161
21155
74723
72977
84491
31656
93424
3177
24235
53602
7383
11945
75870
75239
81791
63926
14835
12098
94526
2079
32425
79792
80234
28000
42045
48774
59028
46644
49509
31238
2710
25358
35050
56632
1005
81083
33002
24625
91388
1508
84009
15650
80121
68055
31644
94397
88505
80326
68696
3245
77137
43299
98798
83500
72699
53647
79758
776
71058
16019
12342
36731
66511
56379
35038
46598
42307
95020
74350
2991
30018
21561
44648
85514
11109
57569
98359
90494
55463
31696
53791
92502
39261
26664
82340
8881
56916
54783
20417
36033
73328
95893
14237
82865
10645
29142
22770
19776
321
78324
32435
57471
63331
1365
50824
25773
11735
28205
8960
20881
38541
27396
79023
88471
60453
13599
86680
492
18039
63978
53812
81199
18863
44269
20337
99796
37403
49729
28089
24674
56849
93702
35517
81833
6852
81165
5002
58527
76697
74381
9452
15729
24891
76063
48646
16410
15119
87369
92392
81287
44831
87101
40857
23853
8320
57209
96406
93064
94858
60593
60730
86213
28324
7596
19120
88041
66257
40296
51243
91816
24582
9403
47138
88154
36991
46488
94489
29627
67334
72855
6354
87647
52463
19053
8161
48731
4688
13163
11438
48078
55503
31879
36133
45426
34736
15201
78769
72742
88096
46262
20939
13788
19745
12256
68793
96726
71027
71637
55872
25193
60474
46924
94623
28592
50907
95032
28211
85669
31324
23224
62061
48572
90076
82129
47260
5106
90549
51160
86817
72452
52533
6940
92911
15351
73227
12595
24994
37839
74518
12800
92618
61533
61368
59403
47764
82062
37644
35853
75220
18573
63877
49341
47635
5399
81019
53834
6745
78226
90278
21332
25342
57972
66691
30234
91950
35465
11841
33185
54032
78016
73008
57651
33475
50861
11747
65223
54642
94138
37818
72565
64081
72895
34409
21909
85605
38920
26813
64948
14936
79627
97776
96833
18586
8243
89512
7
40513
48288
51288
70676
55243
39722
22672
61869
950
61756
9311
3055
83643
93277
49585
56818
61307
55353
42417
48371
54795
35471
25187
16034
47843
36390
77768
5768
95768
62507
25873
73694
67392
60987
53071
5015
1325
49674
61680
93027
86347
50138
35669
48145
88447
38883
72263
76600
64921
90333
26972
45383
54328
37439
13505
6775
19333
8399
99412
90809
93659
97175
20154
68393
96500
87717
93995
25995
12946
90064
6992
27277
13917
79450
52723
34562
245
297
1035
42960
7349
25870
38709
34598
74918
26380
35541
33130
34556
96451
50953
92060
1587
55912
48264
43076
79520
36884
15983
82297
99875
77588
62998
71393
41559
83793
14255
49762
34775
38480
92182
31684
76221
99531
70722
48188
49439
74393
74500
16007
15741
44513
22089
4282
43158
29490
33646
65665
84318
89646
23560
20917
35206
12275
54215
44101
47300
41523
86368
52845
70636
2183
87891
72876
92115
60215
83298
98554
74207
31421
82602
84553
90302
22550
43903
21549
96207
46866
28736
58304
63959
54285
24711
53824
46900
16691
25538
33167
91306
73176
76215
32224
6403
36622
4801
52247
68134
91391
3107
75754
6116
21381
76999
94541
42692
76008
26078
40418
9934
95170
16865
54044
3946
928
55814
46012
83838
39008
10218
2652
38382
40912
97181
99207
56449
36591
97934
86469
19541
25223
40702
5030
4700
2860
41428
2906
7984
11088
39573
98066
52515
41129
44150
4239
39301
69721
76877
94474
71506
59879
59549
36008
39899
90519
65799
10883
9888
51532
55295
30542
57462
593
14100
31095
12925
67637
82718
10331
27427
69092
21531
16553
25074
72202
22556
46915
99274
60758
86014
34983
2283
42475
91486
98133
47352
63819
41678
53217
52555
94828
14124
82905
92878
24320
64994
30683
15918
16089
63209
96872
67072
4169
15949
62912
70575
65549
85862
55369
3891
40528
65204
93821
30842
8735
85486
7633
75562
53769
65818
95661
35193
96058
32343
45115
57105
74650
98151
39240
11216
69452
42521
19202
33875
8582
19642
56864
56214
8448
824
26603
40104
78422
23072
72181
40070
47532
71384
69339
78910
98041
87504
61966
80689
57663
9385
59946
80103
87070
64982
81440
91596
2201
38141
3266
8347
78208
56641
9473
69520
19245
73978
67524
55192
12626
21946
10386
11896
45121
55338
42435
35645
19227
59836
56516
39942
28992
72379
58024
59818
25052
39542
82621
92310
715
50330
65238
14570
78504
18631
49289
13706
72703
74808
77512
46369
50052
63837
65626
27289
71769
48713
5240
87864
95923
5402
18433
49253
89557
5546
23429
1301
35959
88633
26230
79862
9876
26548
68076
83866
20386
94047
72199
95441
52494
57877
19047
96225
29273
98078
58851
11817
93628
16388
89975
96753
65879
45350
30716
290
73493
81312
5982
46338
55936
63801
94251
73926
4068
31553
90052
57676
77543
43409
38315
19404
82444
46631
16813
43570
24787
26514
45704
83524
28379
35428
6333
69251
87336
208
33985
974
21064
68955
45499
80262
50812
27240
45780
60499
13898
85404
52665
24827
78657
17743
17765
4944
69761
38953
62278
84131
39536
50974
75974
39600
42447
27762
33021
37104
92756
11957
86554
73737
6556
93100
24131
72089
15955
38462
6626
51075
52881
46052
8619
31162
73380
98258
87235
64750
93302
73963
78400
8198
60535
19932
22248
7139
26883
44535
10495
29389
87809
1938
67875
41285
48728
44111
52622
56836
96024
18467
36542
22397
47309
84296
89286
23087
26658
9064
20997
76462
80173
77012
66993
40748
97440
94028
52640
41269
1371
17447
71650
77082
88511
37543
58759
94584
49296
80994
15009
36365
26767
1874
58469
30384
77201
36118
50083
19587
76255
62616
28718
22001
16770
3455
70322
60004
18152
39438
93979
78370
72318
80671
59232
62674
46940
45627
9720
43165
97068
28470
37494
3013
71799
49430
14725
68583
77567
92579
29731
93958
62858
74683
23813
52030
12067
97458
44663
29456
66984
25892
43036
34943
4346
85340
57969
13019
74415
24503
70331
26160
83954
85236
31116
33555
86426
56043
26575
83808
19837
68866
4831
66736
28629
3876
18482
5329
57508
72834
98789
71668
51130
17429
57547
10926
7270
65751
86054
13242
70359
75351
86988
22812
19636
64197
70856
22092
31125
90180
81470
71525
51709
83698
49354
19568
17322
91776
57981
62488
74137
10114
107
54261
15635
21299
1108
22791
69864
55890
90116
70078
43287
15177
82502
8838
96546
70768
84632
26990
30332
6586
75855
47333
83719
382
88108
16242
94593
11268
36075
81653
97648
49442
1468
45374
97053
8472
75043
30982
42408
24003
44346
87702
95218
57700
71753
86698
18302
69700
92609
23615
26392
8387
45487
31543
91407
77399
99363
30820
75818
71512
66782
2216
46781
45975
43226
36472
29960
2503
59659
16517
52912
96991
90580
70133
77283
43659
82306
92353
47687
84977
34079
41309
71839
62577
84989
35788
73566
6849
65745
16355
96967
54947
75660
97306
27839
73307
9504
56653
84263
35416
6513
89997
83454
76713
64014
29322
16364
83433
48240
38089
56412
64731
80622
70905
61600
25031
92698
75181
44285
55314
44330
96628
31193
57251
39499
86435
89725
22135
24399
90165
12043
28299
65644
49912
94272
61451
33902
20322
22538
63065
55185
22040
88849
78779
425
44056
12540
89457
11606
71564
19959
74903
23716
20142
17112
90897
56067
9141
29700
2063
58237
57859
94556
94346
65680
88538
12439
66843
32459
23029
91541
7877
15665
2164
60959
46280
9052
2964
72107
50788
79786
28003
18500
52134
26484
21454
58506
10785
23948
43540
50260
55436
40320
95560
15860
6717
46671
83964
82801
58774
9665
50315
29215
97529
14307
37385
26682
94092
3293
13767
2094
49405
7071
72419
39148
24164
181
68931
52308
43186
67795
91462
10346
98856
40690
7993
80918
87208
94465
40354
11582
7117
41440
3095
91022
58329
72654
3818
29685
27405
92667
74378
10416
29850
21848
46088
69309
71924
16922
64374
1767
19037
22785
63163
82245
31540
58188
37400
70701
45859
62046
32630
59305
63480
76420
59809
99708
39094
21183
91691
27262
37015
35074
78812
24222
36976
90796
4038
81690
84244
57099
85798
41468
48520
57071
4090
64097
25083
32136
71985
87153
34342
74216
81693
13657
97498
76542
1850
89896
54313
10187
43451
85499
87665
467
76746
59672
58173
24869
1886
11771
51624
35068
54056
84382
29023
41535
43018
41843
54731
5857
13843
7621
70936
45508
14863
80549
95609
44809
8603
56055
33280
84623
6293
89094
2118
73624
28382
79484
60483
23307
41138
63379
19123
66944
49964
56553
14509
50263
52582
16297
6443
56003
47190
80042
60398
28174
65958
45914
25092
83506
11204
96982
79169
25239
13324
61448
40180
42212
6131
178
85062
40632
17032
32868
77158
38199
15476
26017
46546
40763
3922
87323
37552
78293
53620
69510
42661
58378
74012
58985
74598
67682
64124
11316
19236
79923
69922
73346
24021
95539
41166
81321
7041
59144
2338
8429
10361
41764
62293
24058
63883
73505
94013
24360
94220
22699
21283
69950
12900
550
77964
69999
44730
90418
67646
93815
23108
62565
59986
76935
78681
24982
49732
13923
17939
99869
70188
87174
3583
7724
73765
13416
52366
65497
84916
83381
70594
47141
53418
31836
43693
78544
97565
23319
65128
72684
59717
22425
82731
41810
31830
64026
11469
65241
54456
68763
29352
80292
62961
93525
71494
11365
97327
16810
94001
81360
15928
70609
67713
34113
88282
36124
75385
73890
7053
86130
69394
39506
75266
62281
66773
48349
68345
56525
70475
73758
61405
33832
76032
24259
45292
64490
71677
16568
84855
8213
57532
59995
99845
24662
82023
77579
93961
75052
72867
10792
89002
70160
54084
45835
12824
16745
21808
98166
79096
5951
90235
89344
8820
7575
61381
34864
4389
93406
62430
31
11701
78440
79975
76487
65055
12146
49012
89588
83243
94809
80759
61585
54154
17075
94983
28693
71805
44462
66346
45847
99192
22577
10715
95783
69037
89429
37128
89045
11475
86313
4581
99885
29633
84208
75629
29288
53119
82190
55631
75956
75205
254
96326
25647
41456
63529
96372
27964
74323
60233
85364
78718
90400
38569
65436
7245
55530
17798
74811
88590
40055
33829
67469
29221
81894
44425
1334
61820
88035
32419
76267
29041
80158
3800
85087
92426
81666
52192
27533
25693
99268
59903
66871
30478
82767
56672
54307
28681
53464
44373
60276
55115
22223
62232
81159
33173
33094
54023
9824
89353
84907
1346
23392
40580
96793
81540
86997
81922
42124
40012
20585
818
37824
56955
67170
59226
48386
38730
68314
22629
44309
586
58762
38923
70270
94712
14170
97925
73453
91684
26087
74253
81843
34208
7523
8625
58298
46955
57825
67710
66474
31406
30417
63425
89853
37488
54004
55646
58814
90033
29242
28263
92319
92255
56382
88727
36396
34412
41865
91318
46802
20929
26627
23932
30564
39780
525
75904
89658
93610
36670
51670
97333
37928
3843
64579
44138
8356
18998
37665
66837
36866
70487
88230
37345
58500
12919
75849
19001
12229
58976
6003
53443
44526
24158
17392
87348
38242
39670
35926
81049
9391
87089
36762
33112
74790
20206
34668
69745
40275
97678
5701
65857
45945
34330
2323
91626
2045
13736
77183
9223
42203
17228
97584
53354
18137
66623
31144
61115
90220
27039
50571
8805
5185
95423
62864
92176
53974
35752
81186
32917
68067
84433
46445
96412
78516
66218
60972
73404
83735
35166
62308
58796
18940
89637
74308
29590
87183
40116
98511
42612
3135
85123
77
1774
46711
88315
2878
25406
87757
23432
93180
18503
78190
10849
71610
81418
20768
11194
20118
85898
61429
14606
41575
5301
31757
53409
94190
602
82349
78983
21769
63044
85029
22706
69556
25812
5869
18549
59723
75647
60642
41706
1951
8710
72776
37079
96119
94080
19379
96720
46140
2222
84845
1389
14539
50306
23359
68943
70533
3028
86854
94239
60096
18021
751
64032
46769
9867
49494
79227
86570
67664
15445
22126
27375
13105
81962
97550
66111
86
26560
70942
21100
26740
15293
16059
574
67609
26917
30027
39939
16825
39481
41996
81730
89109
70652
87571
28281
81748
33051
44047
9916
59067
44861
13755
27338
51328
446
5115
5735
52405
18747
35813
32233
59900
82377
50498
67173
27872
95530
79203
87452
3998
44315
17258
3373
92786
13263
64768
33698
1923
4596
7468
36228
35309
44199
660
3739
10236
65006
17521
85383
89493
75947
83042
34940
72736
89771
71711
88932
56708
12403
81586
5253
95041
29978
2244
1691
29236
34000
2472
34333
37906
79200
42774
5619
86027
99070
63895
81229
75007
86548
32618
93247
32602
60065
88950
37467
19364
63462
89710
78855
1737
38904
47913
85550
26948
83725
47172
56983
5662
89478
21326
23569
26169
32316
96198
44404
35978
60334
66727
29020
51813
51203
77353
87769
37934
30262
13624
66044
623
73273
50666
93342
69639
44211
45899
67270
226
39112
78803
50568
59556
98450
11509
93839
66459
87372
69483
87287
72025
27695
18668
20270
99619
82096
4096
86796
22059
34003
98765
54072
18445
19980
18052
80002
83039
85163
85529
1679
7605
7648
88755
91584
25968
74881
56287
50443
34440
43552
986
74604
50998
1624
33353
94227
84485
36261
49518
74054
17511
95127
73267
33317
6217
91193
91800
73716
75724
79508
77909
55347
22202
56244
94776
72156
30823
63541
33262
19321
19675
44660
63663
98688
45633
58338
86088
97974
71738
23334
17353
6797
17438
71702
24427
40735
79130
18094
54099
78626
5381
52344
90650
5475
19785
6507
89362
49314
46760
76633
35059
1789
32883
77817
83063
52225
96552
58274
88553
41340
74122
71790
30466
73749
7755
83060
81778
91929
51886
22809
41599
88761
92103
64646
65351
85273
33759
47861
76722
45939
17145
10447
98130
1810
32117
42493
81458
82361
78556
64325
45148
15775
32148
24762
55091
31470
27112
89188
62928
36689
73801
22593
11863
70844
12119
87876
49103
31089
39164
69187
43961
71283
88291
95102
5097
46515
5289
34995
28834
35279
93647
56104
94083
65116
24241
99048
87827
76102
34623
42289
87192
14554
66108
4609
60553
75593
40217
38120
91160
20722
2863
83356
92923
85969
82355
86899
46689
16651
89124
54822
56757
82538
74473
48792
51572
87638
64518
84070
97257
90372
62006
37702
59736
30118
78034
45606
69880
18946
44004
43714
86878
79670
36927
88059
62848
6592
43622
62464
62000
50586
94205
59852
81946
82920
55137
16446
4368
92460
42966
64271
73832
44098
4355
11887
45575
46521
67316
51877
22358
82090
7108
19199
48786
7313
61356
47022
2643
19730
80399
63782
24344
55497
90439
10315
96848
87970
86518
66068
39368
55832
30701
83256
94269
44074
59864
23044
16251
95176
59827
87012
46793
46424
86191
27707
24299
16413
28147
77494
79462
62537
82020
11393
38022
16196
42322
81278
99775
31562
57517
16236
43897
54566
40079
32441
18223
40882
22367
13453
27634
90635
4877
42542
84577
68738
80460
96445
23990
27854
30781
5906
70810
2088
89798
17728
39060
44397
70423
42743
95063
18885
50519
95023
73356
53177
20502
82596
47208
21360
82990
31720
39692
32084
29963
63297
21961
27308
32258
86625
24103
68906
87302
39530
348
59137
614
72825
1191
50925
5771
70835
11591
57215
16855
51938
86738
48810
88025
53422
76438
53574
44944
6672
73795
9736
14087
54493
96280
61747
3348
23349
6733
18693
49558
47495
59766
29902
20469
32367
78638
69532
95633
71479
40082
86381
68805
24457
48084
9903
59348
97342
52701
78589
71460
51099
95383
25043
12412
16730
68128
11460
68989
28061
70783
52259
22620
90955
5533
39344
10145
10022
3220
33625
93665
92148
89057
18659
85697
400
8790
76273
24518
73664
78724
20353
49646
85596
3852
81443
64069
93778
68363
43396
29465
41587
90430
73536
3623
20221
54343
21900
60029
98819
76423
3229
5491
21711
64637
24479
92157
17350
24616
1722
57050
81113
17609
15091
48935
36704
2936
71573
50556
4221
1499
63453
65571
94330
77689
22956
47284
37186
67380
50876
47886
97806
40943
54831
90244
76401
21729
76459
86918
46604
80414
64475
20240
21274
22584
42676
44907
5759
24302
93366
70691
99698
89664
20481
77103
51795
92484
76850
65275
75770
10666
14597
90262
38773
65503
73423
83841
2463
33887
44700
41834
75107
82010
64853
45267
69813
92774
24335
53492
98975
55930
59537
77198
23407
59522
46155
25501
10679
99134
66681
8182
60871
10840
31583
16373
46476
53534
27222
37989
68570
28937
96467
8780
53379
57734
64386
28617
71689
99814
38520
55716
5915
25022
72553
78919
85154
23823
85654
73060
6540
95243
73575
19660
8155
62839
44581
99335
91349
17658
63190
77979
49173
663
31812
86277
5060
46070
49268
51355
74112
25428
99292
99027
83365
79883
65638
62546
25019
93781
77619
15217
63224
54340
73011
53266
14576
84818
55167
65137
45026
16648
59202
95139
99973
23035
34977
38535
49900
52643
71116
71268
12366
24799
53275
47046
84018
74460
50168
85871
70398
73295
41379
2128
67157
50889
51267
81305
40500
1862
87134
47608
91126
78522
27466
2271
97849
46415
59031
3617
34650
52384
90992
47263
48404
11423
67722
69132
65168
3309
43024
77094
82432
28657
14008
94452
38010
43415
17362
9198
36081
64896
51841
29090
647
34302
71409
78580
13355
91263
30881
94147
5063
58597
4413
52781
46702
45521
34220
81955
39393
88743
18006
37357
27625
58109
51853
90873
40558
67411
61625
27073
48392
46344
84098
47458
68900
57840
17716
48566
14744
21479
62476
29062
82648
28309
50181
37095
70102
76337
98649
60669
36323
33606
64145
12601
12583
90772
37568
52054
90619
73035
20478
77033
40607
64832
17499
72400
53367
10547
89316
455
79532
90323
7374
45090
33893
66294
68152
22489
56391
89820
91883
71949
82071
27942
91831
48044
72901
34250
6263
48096
83158
95615
21348
60950
59784
19877
91260
7822
58909
74576
57081
62198
50367
60318
37473
41620
49875
95585
58548
55771
17701
15223
1999
33948
14621
30607
1429
82416
6473
57844
4667
80790
42728
79947
25492
38523
11390
53803
36371
99631
99543
18982
12122
5359
44382
94965
36066
92951
96885
18650
82840
20975
96930
7181
22458
96680
25205
86402
13437
16831
5695
53156
76673
16077
39609
1087
24659
43943
67228
92997
72324
27591
46814
10962
72342
18876
19455
52320
47345
11417
76911
4630
40433
19806
34955
38834
1838
91980
82963
42222
51941
58887
83979
81803
50596
56083
81998
50623
46198
83396
72013
33225
86304
5848
71082
92347
43375
39274
25306
11722
30799
54908
6876
6656
33741
38797
8756
11719
46183
61521
55213
21668
8964
45139
97761
65098
40287
54606
4648
76072
90815
33347
81620
86582
79233
61414
22944
57645
14649
73511
54615
58112
48432
55552
17466
46357
54935
16538
9806
55176
65159
33338
34232
13724
99457
89240
23893
59189
92701
52433
7029
48063
41892
87549
23502
38581
84522
81254
34726
93570
70218
83994
51691
50968
7715
38740
96894
53653
50376
24537
57789
58823
3168
2948
29719
47388
21485
22275
89847
94568
61069
1169
67277
35434
5082
87980
91614
77378
64289
90699
44559
32764
60917
51951
82999
35560
16303
85352
96338
23700
10996
39930
1230
29667
68631
23212
59922
32648
10221
98502
16135
17978
88779
87098
25629
59156
37583
77790
61954
92371
51343
75129
3766
44413
13114
55765
64777
60813
47080
29834
98539
95865
51133
23182
77350
26499
90934
97382
32825
68555
35792
48176
70514
49231
14374
87052
18168
62140
75632
99302
63938
62089
47562
3190
3122
43174
94129
54389
86258
67511
40326
57792
47007
95371
4896
57706
36210
63862
2576
56077
79303
27472
73819
52741
8079
75559
39649
99509
53736
4502
21799
91358
83851
39249
82468
47733
14014
38456
23975
62604
27546
66321
13132
94901
30600
87659
52485
14673
36606
10154
30207
8436
53989
89380
13987
69892
54899
21140
70304
13633
66614
96937
84464
28034
29807
99964
28885
37049
80964
15329
5655
29169
882
31778
32557
47364
72287
35880
91965
17804
43796
95649
3061
23572
90540
92042
39658
58634
82874
97443
35627
20002
58484
69193
77228
45047
15024
88895
8008
35090
35294
60041
76767
64960
1435
45209
91639
88913
9855
16422
25785
12302
18555
67612
21314
61634
74250
11857
20817
74762
24885
25315
61643
71326
79651
28898
63920
370
9308
94709
93168
5933
18219
9595
37235
71372
38672
28119
55976
4044
66242
58603
4777
23243
55387
17505
18247
66575
68171
41193
59772
34296
95270
82685
87629
96149
5631
21503
38367
52091
94684
35483
97715
35984
13791
3711
1392
94864
38437
14856
24280
85776
14808
46979
6617
2155
13422
35679
65552
35843
4709
1816
36829
49799
88270
90748
8378
55988
99689
94880
57862
57239
49277
45801
54142
1484
14887
66077
39814
42942
9546
59635
76017
27866
33933
64652
73450
60624
79874
31391
30991
27784
71772
65452
23624
20749
38215
37949
96357
56275
97230
15189
3003
59595
85480
48301
78199
38065
26313
47712
18198
13028
71888
2790
38096
24958
51417
64753
77958
83677
25669
23157
67341
42658
96180
30924
53006
21045
53547
46985
30378
16791
70459
24070
33323
98871
78214
67487
68189
99823
15897
26709
43134
85746
4886
53083
65265
60682
28721
82258
77433
34473
3406
57264
22925
63993
54352
94373
40125
69401
7068
57364
37638
1523
51172
62034
48816
84037
81501
42237
11487
57752
21598
16047
43058
49973
91221
93052
41074
98200
77936
67908
63132
26056
37861
62256
74039
10489
55610
97211
70365
21210
36680
15732
98499
99039
69220
1456
66443
73655
33738
52530
77594
60770
85447
25104
6223
32273
65986
12931
65943
59379
37082
62528
62812
33014
43598
78168
99244
26148
53965
27195
83741
50644
47214
99665
90784
97159
13376
80253
940
11130
59018
97391
9076
99189
19922
14847
18387
3776
70450
25263
48420
96698
84412
68512
93357
60776
62491
98328
87815
53901
37204
30677
58317
35801
94678
79001
16886
23777
9034
47651
87467
3153
82398
68625
91828
38938
23765
36570
75333
51868
8851
79526
20560
78135
2054
88672
75071
93259
8829
53785
79993
29609
25440
41745
17917
76645
21528
31595
83237
22840
56452
44257
40836
43326
92542
65403
31733
87995
65311
9470
55457
21308
24149
66858
47034
75794
80909
43940
49808
93894
16160
49006
82428
30213
96503
14899
93680
6897
14341
40540
91703
3290
19388
44166
34427
52799
57572
90012
39853
36487
62171
15546
27454
30347
83225
13685
67936
69013
88428
41172
28989
19944
77530
11020
75272
75608
12430
44291
4294
29648
79831
58869
21586
67698
19187
10901
32020
5719
22260
28708
68485
41416
61048
63215
73850
5417
84177
74549
40662
69962
19257
88968
69666
95673
32782
74927
4258
91135
98234
66803
1755
10691
40592
19083
66239
8237
78595
28315
78956
7657
10254
88907
15345
3803
30967
34311
75715
96778
39292
68998
40671
61860
62769
49210
95594
57456
98377
62186
21775
60566
52567
83619
22779
97953
39219
89298
74402
90369
60404
30045
72037
40693
38978
85438
9958
31159
5213
48029
65809
49186
25211
5677
17881
42026
88608
74778
8454
98630
29480
90149
64209
75495
63563
63944
88465
60785
97837
69709
19791
67014
80198
39029
95194
59290
87555
45759
21241
75193
22068
39075
52216
59125
48527
28492
52573
26798
50034
75348
58130
1618
69294
43104
98230
40928
8924
3275
68223
36554
16486
91288
30662
71073
84195
2637
84519
80765
44184
24802
33152
28516
65604
31949
33796
65329
66883
1633
39258
61735
54682
40421
9159
16092
40479
89066
74338
32493
56717
85010
88193
92417
28574
64496
14921
75461
15406
64176
12745
31763
26420
90403
50525
93519
93311
72257
93009
92191
89264
26243
10584
74079
75440
56931
81812
97944
30948
48038
17560
54810
501
33521
84876
47474
53126
10032
95295
32953
15592
1185
11542
57380
87732
1822
78171
90854
87729
39902
95688
18906
75895
45234
19397
47788
42600
46042
91294
69590
93128
25919
40729
165
15381
37372
91211
23594
13883
31208
76737
38038
4758
45322
67533
75879
99860
6315
38996
32041
90986
91745
43436
5317
15796
99360
48276
40238
16968
65384
85575
8991
25605
76944
17981
64350
48954
78126
41944
25489
8692
25364
78782
60993
97904
6913
61332
3562
74534
91602
88544
62790
92295
21628
24198
11063
76661
92939
63407
37116
19315
70585
68421
65079
8109
28425
94693
99717
8268
57929
17759
57435
67368
10044
76581
37919
52411
26401
42603
57013
95517
30649
35776
51490
73124
65711
74027
73462
54755
54746
89963
516
42389
37150
18805
22190
48490
73609
87400
12455
97291
47129
76154
96601
7416
56223
23649
33866
18619
9498
76774
99146
53940
70237
64353
336
52173
35343
61271
98362
86420
12809
34903
82575
16904
6766
28849
16620
40470
20197
45722
20063
69620
77176
13907
49073
59382
76557
63010
71235
29151
49100
92130
77503
20600
2521
29792
16181
49546
24088
41953
77067
53223
87443
25174
55393
90888
92447
26212
45188
22651
63151
72950
38172
43216
5222
73551
16773
38950
22071
96637
98020
57175
95493
49683
70096
48008
45676
80079
79743
66822
2564
70228
46665
23252
43253
45356
26120
28126
3867
33429
33381
81409
98938
22916
85224
30311
92270
6388
22849
16718
1798
93189
92963
10059
12287
87800
36493
49222
31034
86283
53043
21827
29130
376
37613
20102
37455
88855
7737
99958
88395
63572
90836
82282
43528
73240
89878
7334
84830
89869
83133
63358
88682
96830
99909
13074
50025
26255
39960
98755
10938
73133
20035
5121
22962
93158
55964
33085
69224
15281
47797
3959
87604
83924
8637
70972
30188
41642
53183
16578
90134
78156
62214
51114
60141
17484
68702
65775
32685
78086
99442
94105
89747
47577
28751
51984
1255
92740
11979
18689
84330
11997
85740
65784
4273
93451
22669
15976
22828
67197
69715
86902
55588
65693
47724
29654
74900
58216
31934
91727
13205
72309
97635
48169
18531
61603
93494
84260
56357
78489
56772
10511
37784
57358
25840
60059
53104
82724
42090
27369
55597
72761
9614
74631
58097
4270
16
98212
41056
97135
86146
39124
75458
17783
91034
49332
97864
72077
38184
47745
71897
70926
44791
15503
90088
67548
59708
42502
87699
20792
77329
4679
18812
93479
58136
40803
24650
54694
70432
17374
17896
80576
61371
46106
69846
67566
8594
89676
21814
91437
27955
27042
1648
50474
83603
4014
23752
50486
42634
84397
15763
93934
86579
92133
26908
12565
2796
89090
13480
68824
75034
34366
53672
27933
68815
22233
49955
65070
76978
52942
94388
66935
91449
98633
95798
62989
83899
98591
72818
66013
22178
62748
31174
6421
36307
38123
71558
7236
56028
57911
27979
42099
59247
77421
91276
18369
31482
86524
9980
71824
11350
88257
80796
90470
54859
96036
9745
19559
97788
49866
78565
43488
62159
84787
22159
95466
94977
42264
5582
16529
98917
62647
99079
85102
23517
71952
40250
40009
40394
14490
27735
72431
15149
34360
37998
66367
95694
867
54581
5506
68308
18924
25394
14219
63617
17249
39765
97629
91068
61484
36283
8259
29523
92499
47318
89490
93226
45255
61219
80942
51182
36539
83780
43760
27509
4001
83100
92811
27799
66318
76886
76612
64115
30039
27360
81022
1652
85032
61011
73163
33307
81009
70548
67652
66230
96091
43992
79648
15430
70112
68744
10279
97107
25416
77463
9891
63239
52234
99946
83939
28351
63700
83622
98667
30735
30460
79105
18183
17420
17597
53513
25242
31366
86802
19169
38620
74143
99311
40183
42762
31806
26435
22468
39988
97403
87043
77991
97577
66465
45432
53718
27219
62452
37598
55738
89274
23261
52033
13825
92856
89917
51963
68003
43473
84668
8841
55579
40778
95151
55442
60926
86454
50080
57898
61890
35938
20279
87076
76090
86747
14286
38352
8664
83469
29572
33771
98182
55088
71421
98905
28800
54395
1972
31223
51902
63740
96732
30228
7834
54230
56495
78272
63859
42103
9134
11756
11298
97004
51896
15888
50733
8893
69144
13691
81513
18348
94333
34781
74561
14426
6049
62800
94535
63285
52186
42884
7511
48871
41279
62720
62055
41825
97287
45099
20826
99836
76783
30869
96802
6946
98346
51832
70569
39997
15104
8719
13779
62705
64548
66745
5726
64393
43735
43146
55951
47440
12464
20499
2033
64167
98115
64847
86503
84186
84723
51465
92466
20176
21213
12217
156
88303
35834
6965
60157
84748
61261
76563
23371
48334
88138
84922
23661
44358
49024
88862
66279
32926
74311
9964
21744
98774
53345
32984
73331
315
44178
20667
56125
66816
56681
85288
99921
77646
80518
10975
10740
26746
92338
6959
90607
23139
15961
31662
34192
74006
80182
85300
74463
45420
38373
20133
44751
13337
68326
96662
55121
69245
80881
86063
39045
13978
85770
37894
18955
20170
71308
37797
40909
38599
43369
30274
12757
72120
69050
37809
9293
75968
27619
99161
60657
91657
81672
84546
89683
99424
84217
55411
76285
74952
73365
21933
98288
45472
74735
51996
55948
6708
9525
92249
12543
49665
17872
72800
46903
63434
77219
55848
79691
71653
92563
58457
72593
51084
21979
62351
87357
65592
25461
58265
79401
22141
76603
78043
44596
90183
3937
84601
46317
59351
73066
54291
55271
3315
21872
92408
99558
81565
76859
45871
71937
5744
24546
42823
20780
93805
82041
31357
99729
63270
67804
84992
87989
16324
81571
75837
63093
58429
91807
21790
77665
62330
40033
2732
89228
54255
99125
17200
15564
52118
28455
80811
78992
49082
20633
48359
62412
99100
56336
10428
41294
18332
97129
83082
32010
76136
5036
89908
36841
22736
40305
26957
31910
22294
32676
12031
93418
28559
4926
33033
97989
72049
95984
31257
81751
32462
85990
71903
31418
26127
79560
68403
28400
20704
80350
9321
91327
86942
80021
96512
90024
25522
27689
94495
10434
66352
2515
87485
20096
5134
12504
68729
15128
94739
99180
89039
41813
48243
54447
23118
65732
99988
10132
53092
42585
39875
80384
52833
18128
86597
67457
9839
92521
10248
7679
37424
45661
75513
34055
10944
474
14499
98029
93433
53037
57554
21512
25333
58387
39683
62375
38266
440
44562
13935
86133
4026
3483
91239
77366
8069
64527
24579
48670
27607
53306
43094
79419
99012
91919
17692
14142
33518
38224
12388
14640
17841
50104
96235
99006
39631
29612
11374
1706
72248
98658
96979
79606
30253
62589
54139
36020
4142
12702
64255
41938
4954
95655
48945
16633
27518
36969
51395
33442
71540
95502
85935
46381
63715
83988
79175
1600
21039
27067
9253
10746
8689
28647
12140
65836
83826
42142
59693
13086
87839
69593
1127
98310
35734
86222
43815
85849
96311
18915
45402
43128
35615
77256
63273
5518
3364
39707
21958
67444
77927
92975
38044
87479
50705
26838
64563
90925
24939
64429
33710
73685
79291
47852
7908
78235
23798
24857
85315
4618
66269
93293
28156
11829
6345
36252
64710
32581
37156
36271
55005
5146
56855
32999
81827
96573
80011
40940
96741
93400
29395
86072
23542
19898
95005
40348
56888
33762
50763
25586
60810
18720
96476
38254
56577
16218
76093
69733
24558
75153
65848
43863
84235
44928
42972
35730
35029
47815
65363
74167
40827
80469
31446
7309
43747
43638
35862
55057
18705
60602
78895
57587
33716
13852
60267
41718
14811
35508
25712
39969
50617
50412
61121
21613
38019
3907
84717
85532
67356
8646
3495
86759
58478
74866
26328
7847
93631
21756
67847
8948
39032
83539
90003
57624
16675
54200
42133
14951
91175
46146
70960
48679
48157
4548
61106
6977
26029
67988
87143
80732
69205
95365
47678
45768
97742
41315
58716
56980
44272
22345
23887
28104
98569
7615
72144
13041
4999
23163
79679
95182
34842
42808
18516
27131
70408
73115
11551
38105
75422
13523
90659
25562
13572
31516
89139
52295
93946
27006
1963
62150
58411
42066
97358
3147
35587
34681
42573
36811
25599
88971
46656
88825
2265
80927
79285
34519
55549
45304
73679
15040
2134
65296
77250
59968
1905
75785
33570
19709
16581
37531
69471
52863
64335
59507
30100
65375
46113
9171
46778
22904
28867
68924
29520
70200
25379
199
59797
55750
3113
95978
48984
9534
23465
36912
38648
24128
40717
53846
81870
89960
36905
46409
61548
47410
29871
52878
30173
24100
35962
25330
99344
17835
9189
72635
26935
68854
59687
25153
34745
7779
2918
34501
24970
30289
59495
23655
77634
42734
66095
58698
78345
27417
86786
8051
34800
48368
76053
22742
38508
24173
49198
275
3208
75162
50721
97272
88242
11027
67994
90107
32105
45643
99289
55042
85145
95945
80692
99759
26233
39838
78943
84479
22507
55689
71045
31849
19278
30585
72065
30134
93729
19416
25770
64914
64908
58079
41382
87040
94669
32337
31312
22431
12961
78931
79398
61255
51456
64469
97501
54404
61182
96528
74552
53058
37714
74839
29111
96811
65308
88654
8503
97797
92862
39554
4218
19468
15519
84055
78834
89823
62943
41736
9424
70731
8042
85563
92170
6104
32792
43662
63108
75089
92277
35709
55829
95432
49524
147
64811
76209
71628
32651
18430
16169
78977
97730
95
57126
33655
35453
16437
3480
35993
70023
98298
66495
71869
50437
15314
21915
44703
67215
41047
18604
37226
65867
72641
13398
38712
81391
21192
41962
75226
69166
8655
86094
46329
28974
1859
66861
41224
47901
28486
80777
91019
74680
77384
79316
90903
9553
1066
8329
46375
82169
49991
66639
25733
7285
15619
82172
35016
42490
69904
76536
2378
78480
17856
47553
78760
10639
17310
40229
42341
10660
68845
71692
49460
25684
13804
12668
17176
89304
68458
38865
52170
3632
15589
28272
56403
67255
45051
82264
48890
77610
72162
27552
91077
74509
13276
69425
54178
25959
68110
88169
13343
48475
43839
30106
70771
16755
34495
33951
12888
99643
65473
77851
29868
68873
70243
20295
32212
14271
25293
64448
83332
69431
49534
97513
5805
73243
86268
24521
78705
41190
1984
98722
66541
11985
58365
29447
95749
93262
52903
9760
97117
22376
25446
5796
59299
32718
97651
89881
78116
54419
6205
45682
45960
59272
33466
86106
1545
87229
67096
43885
68195
69675
67032
30872
38328
83790
57779
7792
7203
60163
28055
57349
70176
38074
82663
80503
21027
21988
7471
82822
34653
4209
80423
15940
1743
31055
22648
65464
83631
48768
68979
45743
6864
69492
74061
83106
82157
83881
44016
46000
2009
89432
15717
25474
50470
36695
7505
7569
43000
79429
48606
90845
10178
40845
2387
76365
22492
43067
93689
22999
9778
35743
19474
39615
11658
35596
30396
55237
79374
16684
41343
88071
50608
62333
70142
75028
83600
96903
48118
53779
25620
99939
532
14243
26807
94111
28586
53168
2887
42811
68915
14652
83317
21439
81388
3504
80655
29499
81934
18320
6376
18598
97889
17664
88337
7300
81339
88404
69831
44843
50797
90207
27573
1160
79047
904
49473
21177
59430
32700
4477
98588
60373
29001
263
84302
58402
89115
91892
73789
21686
58924
15156
17136
116
46161
62110
60105
54545
76297
90046
96137
91474
15247
34485
56150
96189
86210
56037
6754
93219
53583
21671
20548
2173
19520
92289
14875
53882
76685
96067
50406
37061
41697
78241
17081
48658
25672
75281
47895
39625
70069
35569
43046
7032
60517
28809
80219
13364
62739
21055
26676
93754
62897
16544
64600
99253
69773
69178
34812
44333
48441
52958
79361
31293
24845
8976
93381
29896
17646
87937
92682
98038
73288
26639
75739
20282
20752
6000
92585
6324
63752
64603
37754
82279
44364
7096
60199
98401
41489
57032
69574
86533
58683
55323
77826
37311
28415
49152
9623
55481
90961
43607
45109
39869
89521
54484
74875
87320
51340
92093
35636
42838
42627
87403
28907
95780
53339
86884
29038
8039
40787
74860
75535
54374
88627
27924
77021
19489
34882
95255
47449
99598
34464
56537
38654
87678
1441
48255
7975
49744
29197
15049
5832
45276
55423
59614
50293
36057
16474
82142
3470
28946
32938
63602
11518
73093
83079
93870
87958
77872
87439
20057
16340
32328
82798
81608
95353
13126
23420
8533
14618
33918
96088
83326
9763
88349
30808
68012
32026
69373
25544
46613
82105
43842
10010
21161
81739
19098
97263
49982
27662
89719
8988
6397
83423
34128
92655
69462
42923
32502
89072
39792
86042
98713
46024
64240
79337
58042
91996
50220
59485
81220
24433
77482
79981
8411
2802
13218
43271
80726
60898
36640
5045
1133
64722
71482
43702
58149
8295
43781
11902
68506
10163
75699
60611
47156
35889
37516
37745
55652
47065
84653
48853
91041
32383
5161
46586
2488
37418
37293
13181
965
79188
31275
75312
87775
67881
30326
95933
91675
83219
14719
9516
41752
23057
12375
73777
86399
74665
95301
7700
12739
48011
84504
85587
31019
90973
51386
55695
83545
24189
44504
14319
74759
32840
63120
80301
25806
75248
61579
35941
52546
65519
60132
1029
62726
28440
76474
6482
20539
80494
13550
69803
68296
31348
62076
4438
59629
11243
44486
26529
39734
35138
82551
96427
42908
40378
90290
96915
30939
49415
92649
20954
70716
54114
4316
83704
56424
51807
15366
94443
18018
47925
69526
20716
75144
7938
50757
65430
90384
3827
14762
60300
99402
15992
96863
58671
54773
37882
68467
8548
36182
9565
6370
15751
39176
11673
11323
74439
59400
41907
67591
96241
80719
89695
97205
16065
60355
19153
50046
36402
80561
28345
15815
57386
80613
31003
15671
18107
34159
17640
70984
56095
30555
23475
91956
770
50385
39090
33811
53022
84424
99054
51752
7215
69004
35154
37601
15015
53595
99497
56949
72718
17099
95087
47986
3657
49595
57486
71442
48914
37031
23383
96592
92795
19681
43494
56232
33689
47526
59266
20627
50123
61493
3571
53245
93693
71164
40384
30301
50098
49387
49814
95911
61191
56186
82895
54517
24946
66401
50510
42057
43723
6983
51066
51368
412
83661
52338
52479
46579
82612
13251
45887
67112
80958
26194
15699
2689
43314
69343
26001
12104
22403
77268
75931
3043
56489
15452
66135
1471
16736
18476
60178
28772
7892
17545
65619
82859
24115
66398
21421
93906
59006
39155
80527
62653
91361
91861
44883
38688
93982
24286
45157
75574
42179
98832
7126
709
57761
59086
71271
26450
10126
41626
6275
46964
2750
51716
67859
60795
56788
72849
63688
11670
6882
21006
58353
61509
30402
11567
31928
34693
86008
4572
84540
16230
1407
82209
83375
71967
19599
5469
91334
30762
97239
67310
17865
49576
9699
19019
44449
13462
93485
36615
2613
18268
26929
53702
2585
17539
67298
3412
17902
90360
14332
81971
79902
45215
41013
11792
85245
52970
31107
7493
76575
5884
52002
37168
39512
64298
27912
3681
4514
51444
22938
54502
61701
48752
87620
59177
76166
7395
65146
14902
96396
90720
22754
24698
75824
14466
45792
91120
44620
91984
75705
49888
65906
22046
43204
30958
39567
32187
96647
53556
79117
21253
61808
71177
60450
30539
6186
88489
55475
60087
96387
12336
60425
91105
70313
54468
90732
13147
82200
56113
67423
92746
56891
36872
57276
12781
51658
53150
28092
92600
81205
40442
23276
1670
61722
1148
58875
65830
60969
43235
6498
56565
45194
79474
6818
10828
45826
62446
74265
54368
72352
81885
1575
94248
47501
44962
93540
98984
22107
10611
89322
7169
30005
92627
35712
53959
30658
94932
23530
48868
41443
14182
9922
74231
9281
486
60889
14698
94611
17829
50532
89786
6464
71470
6550
84672
57227
69318
34916
20185
37055
81550
48499
29413
25144
28449
31852
96110
42151
69654
135
64936
8768
68281
69758
65400
85840
61432
37305
69278
62754
79352
28196
27674
43082
15082
45569
49369
84275
41477
76832
50696
54529
9238
72629
50809
37876
8307
36216
72754
61240
52063
20804
23804
27057
64878
57395
27720
54850
89402
65763
8530
53632
67478
3782
58167
75412
99228
70255
4499
72126
12162
74045
71192
43430
51404
58643
1420
56586
40952
41358
23069
15165
99469
70813
41871
11527
56370
86619
16279
66794
60584
8097
48832
24201
47873
70911
72953
36295
21558
96161
84964
29435
13712
42466
58652
8201
38859
3553
26108
77720
24491
71848
78376
45316
84589
26893
35828
34678
4249
38276
85853
3708
22016
10508
98249
20395
65885
47516
36509
60242
54123
36158
52613
79706
15873
85688
77942
3519
50718
88239
60129
32392
49326
37671
3919
72382
55564
19758
97617
51496
24415
78461
94925
79496
53891
77918
92072
42197
15629
64713
18784
23282
39850
68601
16459
44913
26642
8579
82926
25940
74103
51035
54929
84043
58222
73942
47199
68592
94605
13608
48996
22718
10917
71412
28956
10853
67963
64005
41031
11048
28528
41501
61292
42392
62693
67817
79957
15415
15839
80668
95725
86292
29944
56745
79038
38239
79587
62369
77537
72803
47272
45362
53135
2445
66913
6806
9043
59665
3336
57444
49927
89988
58564
12204
48459
10865
30143
33927
41660
34528
36945
48316
41633
75547
21500
38132
59931
49943
32779
12876
50422
14298
13517
67573
70792
49250
74704
91764
51920
15079
68219
28830
74192
45282
63520
44025
97376
14759
34379
5625
60749
60706
31632
66010
78678
87784
13669
12635
98429
95112
35608
85178
55781
21372
9278
72925
10810
61551
47620
69608
99399
80591
26862
39017
85718
37171
42185
9702
71155
98411
89011
83262
23606
4056
22416
64310
27179
69822
15467
47706
88816
25794
55024
64319
19349
69123
24839
19523
5176
84141
632
25757
29105
38984
92386
69684
90662
85422
11307
43641
58210
43973
39316
98707
66434
49939
10373
17576
67960
63450
63657
67560
19993
66150
15137
50019
57905
4535
2430
94297
44233
68448
19288
73636
9641
29297
40265
51594
3522
18076
29178
26474
52109
98896
88648
28190
19919
1569
34397
53296
7706
42911
40198
83518
94352
46857
83689
13038
21863
35764
83417
18760
26853
80250
44898
71064
67405
7441
4188
27814
62311
38788
91169
19886
91562
90348
83201
9604
91733
26871
63370
89737
98847
22632
5427
89802
34095
39744
35895
76703
31727
34134
25705
80985
59440
6571
9678
65995
72492
10758
28251
92762
94996
37739
14365
99912
47230
18232
2924
83164
85721
65891
92884
80848
39353
37696
9025
29255
72999
1920
98319
74656
45334
9244
1557
77121
82053
18113
41254
85505
21149
89536
18204
48600
97608
44544
42014
28074
98108
93085
50156
2402
83570
55805
86655
82136
46839
858
36442
81766
59098
16028
67051
65656
59885
85648
36585
71143
36857
70298
94660
32065
46399
94742
60505
75019
32535
21125
97995
46729
34388
34067
24921
62168
19733
92322
81855
99894
78733
30063
12681
86835
7862
94285
14109
77723
70688
98481
77674
97858
37366
32810
68580
65531
16126
81238
16947
54017
81428
49302
9574
33808
70017
99579
48612
13309
58970
2411
52326
15067
4789
80646
44224
31244
36353
12446
37769
10019
26612
35099
11332
73255
49601
78141
42685
60364
51478
40201
43335
83445
64798
16498
34858
47413
11649
27210
83146
80442
97413
10282
57712
32203
25123
53327
79075
46564
72233
76893
77894
19440
71125
61652
20127
73853
86976
57001
56135
50550
47834
90671
2494
55015
36933
30250
88569
15537
45734
53455
34458
58936
68244
34049
78641
59165
6086
20212
67383
12778
7950
10270
43808
42872
58085
3400
11115
70746
3641
7200
66153
28238
51056
13386
7230
90558
76050
87415
91758
61896
67737
33106
4911
98386
6092
52073
93018
70865
97168
49854
84156
32270
11100
86707
17820
99784
34269
44455
80539
18067
1294
44712
11002
36042
30756
87006
91907
36423
90506
91007
44440
86231
31678
2753
7273
30494
86188
36716
61057
75486
75361
31992
20685
79715
41602
82404
63035
85639
82313
20643
73649
22120
19297
85822
46033
32895
6669
57242
41669
27125
85132
87278
46537
17154
93192
12021
61466
97242
95313
84116
52683
65345
37253
1355
18149
19870
24402
64042
76908
71854
29859
12003
20447
30857
96790
6235
31135
25846
73987
17338
12693
22168
62348
75501
69089
30896
26273
95325
93235
76822
75116
27027
84379
37848
36316
60691
64432
61561
35215
69990
10895
24216
38398
12513
61097
92896
75394
7007
70347
66028
46299
44953
35691
30613
11808
66898
5829
2726
73395
97077
28046
71973
19220
6836
60828
27756
95575
66901
28476
63199
26261
55662
52088
62629
51423
66959
28788
68238
45585
22477
28132
37974
82953
93595
71995
90445
2350
5155
78010
72489
33133
40900
33674
23142
8750
10608
14737
45713
27183
66968
88593
98267
51371
98868
34589
32737
23633
33210
91514
11051
85264
96296
2540
97037
96656
59589
14405
19983
61765
2665
953
27143
55909
44770
74225
80866
33451
27448
9412
18284
24778
76798
47590
99735
4126
19608
61081
30912
11765
92942
20832
54990
22852
235
17676
4459
58710
77628
27015
94431
86493
88889
79899
13999
49131
23917
17206
11133
97706
66172
90687
63489
97669
47013
91785
70502
25943
66126
12247
70756
79459
45691
67673
95835
57151
10877
31614
79383
80808
49628
30744
7966
68644
41688
98453
84083
94510
52732
79618
68162
69388
66929
96363
2109
93335
9360
14066
44126
2826
44782
80369
58997
59516
96943
77149
58396
60856
33973
20344
88184
35145
42899
8228
29929
83301
62381
99601
8564
55109
95853
99329
81095
78791
52988
77732
26139
85883
68387
68720
59443
64106
63389
74442
85560
80405
53064
40043
14158
5564
90830
10471
92551
51777
37446
41855
64673
19901
75882
1288
306
67496
66565
25821
53522
90525
54438
78699
92435
63624
64133
29310
68479
17231
67133
18412
12012
74692
46888
95826
23447
53013
57935
53873
15488
37195
30906
76359
26722
20572
20405
33594
64625
92225
86866
61283
84778
18799
80436
38306
50400
77698
60254
35364
39225
91373
53382
24631
72230
94721
2591
60032
13532
87922
71549
55253
9797
46848
84342
63639
35392
85117
14823
78962
4639
16105
10084
42560
39106
92023
35010
33365
65192
80082
72364
25001
52457
88996
81650
33396
43928
75773
12354
27887
70289
96436
96018
4197
42368
82227
11625
77277
93738
64689
29999
82233
87882
74936
28812
18854
2552
5558
78104
79734
25132
93036
98679
54538
76529
66187
93848
15308
81061
72504
56739
31510
51740
19141
72934
48826
55225
49128
97553
98823
40876
129
82941
81788
57599
13819
17045
82758
33500
17386
43448
27527
52979
41236
79853
89463
85816
1218
41111
2015
21695
53196
60740
24570
84079
79688
8338
67978
54770
36893
80896
66205
17106
9089
6562
51142
92804
19105
79636
46259
95875
63962
1047
31522
29502
52900
77161
93445
60224
93543
93555
31263
74994
91453
34705
78663
99482
14032
55622
69263
46222
57999
80485
23847
40653
93509
88663
14975
70551
65568
36194
3531
93284
57419
90485
61142
42313
63776
66199
92515
40098
44733
68436
46460
68119
75998
37247
79572
85392
78870
30127
5365
92823
22318
52933
69794
96586
86603
94312
51606
13160
89203
19028
14435
71912
29343
31891
66770
77707
1175
24469
38447
45923
69446
68531
42243
76926
77414
19629
11576
87681
84354
49033
69889
74976
80149
94037
82816
8494
38816
16288
99372
17023
2253
47648
43308
52424
45542
95279
50004
98575
77656
66645
97754
27891
16395
7172
71583
3602
33295
3693
91538
96128
43519
75672
81077
21116
48633
94193
41922
89924
70371
26047
85972
52851
23487
72587
81244
1899
70893
10535
48694
26188
99589
12076
51639
17295
16706
40970
63074
82581
32563
71369
14322
99473
86939
74274
91843
84168
83002
44626
8017
17008
4813
60288
28501
72053
87516
42856
22605
20698
29313
83011
84839
76142
93921
7483
11921
48688
17130
28962
39063
77115
58838
38157
13196
3193
95289
47669
79770
38962
46122
66758
29340
61792
78312
42798
10108
46305
59311
27775
30158
94831
39783
73823
56830
25513
26203
67005
38559
78409
9986
56345
41800
76182
65018
27100
60679
56769
56269
12653
44602
75379
84958
89502
48139
7456
82636
7554
38166
53922
66425
26758
67774
51590
23731
28745
71256
33783
50748
69419
83582
86158
61158
59058
44858
81299
41099
23237
11225
9638
4380
17963
97693
20362
62513
69056
12055
64402
21418
27564
97318
35535
77073
8362
47995
14118
4859
4175
59577
32908
50855
12266
95228
71723
45902
32599
17066
12577
67789
50986
85209
53684
72663
81144
17408
54209
60932
47593
83945
54670
58896
47773
63743
71213
18979
8283
97019
51761
81037
64054
61030
80164
25986
57132
90293
20301
75690
49375
72339
32541
47379
79245
35901
64267
51725
35355
50660
14136
3837
54575
44083
8149
98209
98432
96302
87262
99155
58017
72098
6077
71348
18738
72464
43348
78260
16782
79935
66675
59107
40976
76966
26566
44880
39411
37653
28928
6431
41776
10068
11631
46628
80375
76127
18622
35334
29886
6122
7532
62934
41568
17948
74793
94642
78876
58787
35917
47962
52360
56464
21653
61478
30576
45163
14460
90918
54957
40165
32706
75586
75297
24909
58558
4767
94156
28019
15909
89249
15809
45984
14911
4822
16623
76801
60416
53742
35389
84931
88709
46094
81986
61033
25382
43354
67029
89832
42786
24442
60309
33506
61948
29984
51236
33069
51432
22886
21103
66385
67627
44675
32169
42985
88123
68836
49469
66282
34086
53919
45652
17957
96702
82676
42353
16953
67203
15265
4139
54596
3751
32520
25168
72425
10557
37528
73142
4310
85322
69358
33079
96955
84760
20014
93763
39209
1206
70994
8515
97739
23682
93079
66599
24704
75522
52921
87165
32035
12522
62592
46552
71225
12955
27085
35248
34617
99741
79801
38608
47089
59192
91202
77445
82886
40140
66413
23743
29764
9726
69568
10706
73725
63584
23954
83878
20893
61905
32847
11939
94370
79828
43958
68656
97968
92850
18082
27842
53431
61179
88498
64783
45511
64188
61008
31186
85373
82844
57166
40253
34803
2845
86765
26362
98057
5372
70521
7090
66608
43830
57605
63089
8863
43873
37333
11158
92020
6782
358
1603
13068
51743
26600
33246
14264
84900
64863
31452
10206
28245
34278
96003
46876
22880
849
49064
5243
9018
36838
88013
70878
56507
77060
7682
992
50226
84803
74369
95810
59977
63492
12238
42759
62
19962
48554
26505
93851
19666
51212
79438
87388
71872
31473
6696
21464
93467
32523
73960
83918
80225
62690
86179
85257
63727
84699
40369
97193
98002
61399
50934
34229
76316
74299
4902
26099
14390
34162
79065
44690
37137
748
68259
7148
27582
92985
79148
88740
90122
22199
31955
49823
24592
95752
18042
25721
18839
30073
61161
48704
14582
91147
57120
85621
36246
56666
38822
74100
64826
6525
85785
53507
873
54972
74524
66666
5274
80283
51044
28537
60712
50684
87250
68775
88782
25855
76398
23179
63672
67084
78443
88620
61872
95820
35233
11258
67588
65259
64249
94956
18842
20029
72410
88437
3885
23362
31974
4117
23011
25574
62201
62952
14475
44971
58518
33722
33667
31049
17264
60383
18570
66703
3357
44990
18277
89759
65186
51645
71619
46433
9687
91666
72602
5607
4792
56614
88389
97486
51523
40815
24363
7782
44498
53626
91059
16892
29075
34189
12980
49848
19697
53208
42338
35312
31073
4102
29676
51505
88062
20243
39478
11872
9003
46076
99106
11832
3599
32966
63392
93116
28403
37571
25971
90583
31305
43
85755
45612
35129
92472
54657
44571
17454
13968
35523
1117
24915
3962
684
20566
86966
68360
29703
65976
45813
58741
29368
95231
68787
94303
63016
34021
63245
78025
58
17277
34635
90943
61918
57959
6150
81528
88276
30433
23710
99561
87562
16507
6730
48060
57190
95340
26786
61838
26285
70276
24073
8555
66053
57313
46503
74289
32724
64222
6241
77866
47938
45783
72275
22565
3669
90729
22687
48969
90864
5204
82215
55308
30515
6290
91507
76868
82480
70121
9125
69065
19535
62122
15271
2308
3443
99653
15433
87586
18671
58539
62882
20783
11692
73597
84766
87296
13953
55158
15656
16996
57496
51224
77308
36100
56543
78492
58582
562
65043
36030
2979
70646
65931
898
60465
68760
67289
31379
10523
12851
16349
14542
49619
78885
85947
68619
70615
77231
75446
80707
57023
11072
4484
33576
33484
33539
51520
37507
35410
66337
77988
38871
24045
32746
55753
84641
97532
10453
65586
45075
27103
43390
16114
12085
1276
84443
98096
99512
18726
20878
81476
92719
8179
68528
4737
72522
68262
62638
23923
53232
52717
93744
42115
77402
17997
19819
65922
9437
5481
11033
4972
88361
43772
14029
56806
26355
52378
23292
93149
95713
67753
55518
2622
63535
73386
48624
3431
14948
33240
39390
86243
56998
89420
50171
45862
49164
6199
42643
82493
15375
78925
1685
58005
57813
47110
90223
18769
88111
14075
64411
96076
11686
24875
43116
9345
95566
10779
15253
22519
47754
61713
58155
59464
97822
82746
50345
84949
50065
36469
7670
13318
87916
12156
61698
45594
13495
73072
69648
73160
85679
72886
94419
88923
6647
82932
55863
72007
44065
91523
61683
63328
15528
11402
55286
19611
13096
58725
34449
41105
32853
37323
83762
17588
20044
38428
54102
50678
41208
96045
89399
54188
54703
52509
87027
26963
12482
25120
85303
10465
54422
5573
97025
63984
8118
57065
69361
14048
29542
81379
14997
2356
57749
66559
77042
49659
15052
10303
94175
24000
30359
19578
81623
96259
24033
77887
74485
73862
98462
67106
59455
5893
25886
2439
92533
55079
67246
13868
71131
40561
75092
16608
82383
85346
14969
86036
51194
29746
76502
82511
49564
14057
12723
50202
81638
77845
48542
21705
28364
89548
18329
88212
72611
13678
919
54865
40864
89145
5445
4990
43192
18409
58036
77472
75171
88953
53260
73194
22263
19770
65290
47120
68277
79212
33545
80973
58732
54963
93882
13175
9372
86643
85077
78351
93577
23099
55860
30774
91086
71814
40149
20517
2695
97892
25455
53995
57145
12833
95459
45005
32380
75306
58433
31919
33371
38419
49396
18299
3989
84870
53858
8939
2765
57422
15827
72672
31882
98340
13053
56324
672
29777
51569
19510
76621
73588
32303
43671
54065
34171
29932
34144
13443
95344
88172
3083
65726
7804
61823
19712
6171
15238
10578
38209
87525
20075
32294
60547
71018
65918
89252
81128
1072
21732
40629
60529
87122
94751
62879
6052
92212
64075
4935
85929
36658
21991
19263
12171
37855
42005
17054
90094
68085
57328
79816
81263
63846
48298
12766
38059
67182
22443
57331
44636
62266
37623
25925
90561
32175
44822
5265
49698
7587
40543
59644
84336
49149
33252
54639
74082
5298
58661
11280
95408
5524
28763
91938
59568
35688
85999
31748
24744
10199
89213
78412
93799
61246
96482
36777
40488
93104
74744
80839
71247
51313
28165
61326
64506
30729
17319
59119
7746
32663
65683
3721
65107
19849
1053
27347
4722
61072
86683
28565
10813
96348
32197
97428
67927
92722
48322
73218
59479
39719
13556
11619
35285
61612
5945
77796
12906
81708
2543
8402
88419
77292
21442
57410
46009
6159
22382
47059
70054
37006
38630
78458
46494
85465
99625
98548
88715
13483
86442
40403
81366
50199
26069
2363
4395
97690
76755
782
56696
26539
49112
89383
93375
70411
30198
67750
20313
43589
56724
29206
51169
75132
27295
73029
24329
5875
73438
88572
73209
98743
25272
81342
47629
32059
48124
74823
17682
41065
64808
61664
6162
21079
94819
83655
62906
79252
83756
9205
56016
27823
35376
95096
3672
95142
93042
90479
26716
98963
48218
16663
74354
25559
38669
48539
84122
20908
92069
91648
30088
60209
57056
84592
41971
72986
11445
64618
88328
90152
14985
9784
67832
80115
31022
65525
56479
45038
63910
21579
56318
82547
58286
14689
66657
33149
52042
32074
55793
31788
80604
66089
70035
39188
64362
69101
52289
32242
