20144
28301
17185
27334
40873
20131
42226
12812
16013
9847
48079
9021
19765
20379
4355
16926
44869
11609
42064
36478
37478
32024
29949
43908
46575
26687
31756
26116
2009
9401
21045
42524
10198
31827
5073
9681
31586
7387
34308
28922
28885
22777
49184
2424
187
44878
40589
7934
36004
5890
25705
27512
14287
24515
15746
602
22515
45968
27138
46694
20871
8664
12728
27979
35618
20369
14573
47210
1639
14876
1163
8620
29358
36626
34960
18775
38181
20508
17586
22080
12708
29645
33916
16179
28183
8736
13552
46184
22553
49148
41790
3005
7670
36530
23028
14383
2485
32512
41936
42649
46015
17045
42682
28277
22910
42937
21535
43314
9432
29188
3173
43735
22651
44622
45986
34769
30689
8440
46689
38297
6794
9220
39585
26349
35090
18931
10740
9791
792
3534
22437
46227
22704
6743
18187
6226
10819
8460
3615
11904
6833
34507
23543
36919
40369
19179
30578
31980
8750
47197
15505
14881
13108
26609
44832
39161
19217
25747
30443
1975
30094
43850
4508
2959
32718
43950
6154
14534
31354
49230
32952
17655
37163
39109
32895
34577
9679
31112
40053
28151
40154
37052
37276
19976
28374
38840
10004
35192
29496
4241
30262
6777
22452
37877
34887
47095
26523
37807
19564
2973
35184
18229
20665
11846
8237
38051
30294
17573
11541
43741
35273
12137
19936
49393
29482
27759
10534
24677
33979
8475
30005
48693
12783
25071
4490
2524
19155
3241
25483
30939
35999
17637
23946
1334
5291
34832
47628
36506
19303
49427
13326
14361
41428
19596
32354
1195
1618
19616
12490
4281
9627
532
34705
3394
33082
13582
7903
8951
4332
45923
43006
46024
49654
39261
34545
29880
24209
7618
11017
6519
28177
37903
12043
22426
39618
14979
11086
36422
33474
6028
23574
11284
14191
21100
37250
1876
29720
35262
8587
33196
7329
20900
7696
33515
16271
5893
42759
31734
40780
36677
2030
5401
46294
47722
14736
43912
8391
5979
24003
10981
31662
35485
19260
28669
3852
36222
35935
9575
5546
36277
5231
38726
20757
41347
11828
18693
20698
42301
20780
43578
32079
45031
41979
5221
46949
45557
6428
34470
1174
25193
25840
45517
27466
16163
48955
21389
14293
12073
41678
4628
13711
41282
23301
20522
11597
27427
25927
27990
47547
31336
18483
18818
25527
28136
39480
10804
17165
2871
9000
43033
32187
20432
25174
17725
49112
14719
2924
15233
26513
36112
37816
33748
21300
2820
30271
16338
24534
10784
14411
6705
24376
464
21598
24927
44994
28875
17228
40459
6066
27826
8346
49775
7412
14399
20336
43097
23639
27637
41990
27591
36742
30628
2314
153
24172
5823
5779
28089
48902
35421
17440
6305
31019
19735
29638
2906
5784
9255
47080
10251
1714
26653
2068
5477
40252
24039
13982
28318
33567
45781
32062
9014
42215
25545
4134
48237
4532
10239
23116
8138
25574
3353
7544
41063
1218
16613
23845
43923
27289
14634
10553
13076
17260
46676
25864
30982
27584
6868
21883
12841
23142
44156
46039
8573
2532
42652
31283
38498
22300
5204
8016
34148
48015
44446
39100
41399
18389
38401
5089
10863
42988
22376
4421
886
48269
12276
27349
9154
12720
39919
15120
32663
34945
35326
21660
47751
46590
46549
48833
35764
17812
45565
8365
27057
25184
12383
18036
38364
23395
31609
38013
37745
20466
374
5214
29108
2118
44205
24025
23032
15473
30187
3669
33335
38225
18213
45621
1133
36541
48780
8802
7143
45337
21586
29093
5617
30791
14232
31447
34398
18027
49923
194
3571
29674
21256
26059
30303
27646
28150
38936
20812
17719
42342
18606
25910
11219
12116
28483
28629
36181
47344
14034
31135
918
36147
24238
21085
44825
12867
19639
5571
37201
24495
39670
17156
2402
20232
33114
5871
46819
41019
48179
9743
43969
41115
11783
27807
36454
42974
43192
6716
28077
39795
17443
451
15470
17623
26537
7648
3823
32593
11950
49216
19399
13949
36855
7917
22042
32767
11187
9452
43171
44234
46077
15362
38323
36251
39274
23057
18316
42209
18061
43293
747
41263
393
27225
20267
36907
25539
31086
27074
38448
48659
32950
16533
37729
39339
20826
46702
45255
41495
24836
10994
101
46651
20545
17780
15687
39051
39730
42676
1899
14332
32488
9377
16456
11556
13546
31173
25493
25690
28815
23697
5062
1587
49210
42569
35332
18958
16008
211
43789
3145
48726
34267
6078
44474
25391
46554
9658
10564
2198
24195
2649
3554
8210
48580
10146
15381
40975
31969
5646
19712
22004
7316
22832
42862
29130
34238
34058
47535
48375
45347
7876
36152
26478
25087
48205
13884
11144
13294
19571
4035
41314
30790
13469
21955
22414
31832
30533
518
26459
13488
15230
24321
36033
25724
10645
49682
35911
37984
12146
35499
41967
25876
40554
43265
31983
39026
34133
38247
8336
35703
10886
27921
43602
7300
12896
24575
18258
47368
3074
15415
39309
12000
4438
39710
38784
5187
24717
27790
33079
48940
38617
46480
15548
6624
5628
15723
17710
29163
24860
72
49175
1505
21744
16352
6920
24682
14501
6244
896
21814
44050
20801
43665
9116
33140
24746
26352
26313
45836
46904
35140
44729
22248
8312
28399
25464
34516
25052
20069
1024
37465
33266
26363
42954
18409
2761
33349
18262
25657
15577
38973
8941
7705
4726
48052
42841
15606
26400
49311
12040
12450
21471
10511
29532
35694
37571
15755
44613
21312
26886
18058
1114
16483
48998
23873
32157
33063
4612
37549
9821
13227
16938
15270
13141
2125
28768
18906
10723
6264
8597
3942
28237
47298
20498
16079
39823
44036
9325
41861
47497
30500
27831
33606
37597
42811
7227
3962
28353
32749
10413
40786
30872
25042
4883
36388
46483
18236
9278
15947
4862
15139
16895
47922
20933
25763
36028
29961
38399
48317
684
17504
9423
39119
10891
6324
32779
5163
37717
1075
22545
14695
20000
29508
37674
39214
30675
30178
40197
35216
47951
18810
24019
38955
33002
17675
38089
3916
49122
38741
9290
9083
11399
16346
6684
9499
32055
28064
2479
42080
23380
18020
11368
527
2669
19791
25588
18493
33770
35514
9311
34629
16628
20057
6659
8288
3156
8033
33722
34401
28000
42269
39876
11831
29192
658
13683
35866
29960
7525
44970
48169
48276
49132
13569
31234
19982
19297
33532
2700
32729
10505
24756
49886
48823
1185
33667
11814
3119
41367
6905
26746
20951
41536
43616
44072
44175
49784
9231
45015
41456
27242
10065
19541
6803
4375
39327
12536
5123
38390
6730
18444
30736
34171
43726
39986
26894
19826
17267
6147
8179
34226
20173
13498
24737
8271
47251
26244
36930
23279
49805
16115
40021
14762
48465
25458
32586
13344
27714
486
2083
9881
6635
7490
12433
21740
6441
34369
12948
20275
14264
39621
823
24158
3843
31637
24251
13794
31849
26104
47672
46218
7096
38988
6122
34380
37565
8356
24444
42315
22118
28972
43024
6492
12668
39042
46279
27294
15694
12284
43760
40752
35051
34081
34260
33880
39893
16193
2382
25734
30959
28431
30916
16912
13219
49579
5251
47178
9983
34597
10309
43566
10441
41402
34211
32372
32123
3165
45141
32316
45133
39173
42728
28689
23406
1064
48847
10373
3498
47439
12620
1148
33126
20153
27566
1128
13935
14843
49677
30074
49479
29139
4822
23896
32975
17852
18842
48107
5735
38419
29996
27852
17090
24274
25448
37485
22474
113
16521
31597
27910
1764
951
13674
7274
46367
2961
20307
11179
36173
7514
46540
32430
30723
31315
12429
49917
47425
4841
18206
39995
7787
23456
22855
5332
4276
40471
41372
19758
38697
26839
13901
45379
1859
12217
11435
13790
35535
22014
45891
48115
23476
15537
17214
10979
35735
22634
25002
14023
27602
12877
20386
3933
24302
20418
3261
37501
13114
46380
5993
4755
33149
26439
28608
48615
30488
22699
31008
49862
41141
11263
15821
40651
19092
43404
22234
23597
20609
17785
12505
11297
45528
37606
14954
23761
31095
39831
405
46393
36101
23987
8410
693
34038
37868
20630
388
32493
35235
10093
6476
19182
33228
3278
39716
24486
15339
17037
20224
12096
45638
38234
37099
16567
6882
4049
20395
3547
3087
37150
1537
39769
12168
44124
26757
37752
37447
18305
19857
5951
31063
13624
46389
22289
14966
2140
14806
3754
45310
44686
38080
17389
23816
550
36290
35022
6968
48867
13054
7944
13273
30109
21145
25895
20360
3716
40079
36091
7728
13872
7044
43378
9855
39921
18439
30126
18155
25383
1595
49840
32940
29798
36762
40215
44291
6104
13639
31617
8623
14435
7761
26447
45054
31469
11670
25815
5428
31991
8521
28017
44019
32284
4450
14747
6501
35346
1307
22382
26771
9469
49340
30517
7346
41894
31560
43598
43636
30591
21935
38427
1656
36817
38160
14005
21978
32148
12641
46145
14835
44910
14347
2398
43477
46599
6959
45290
11309
39226
38814
13753
9108
49634
3098
2720
16756
32105
21425
30243
17106
22269
11159
1444
4696
48665
40125
38094
24778
21872
37374
1293
28731
14408
7576
25989
37525
10965
3924
38794
13825
12177
34659
26001
16404
4517
29387
10656
3685
46602
27450
16041
46209
24888
27897
14496
28862
35608
34893
46410
37090
36013
11388
11611
19790
6826
16730
48136
45740
26949
37790
28049
31325
44120
34299
235
24416
12826
42132
42272
5327
48650
14824
24550
5265
44423
1377
6521
19703
49460
16201
14583
7270
16996
31302
22884
34151
18351
40487
9348
17093
6456
643
15151
31031
29032
43276
28800
3452
28525
43134
18076
26388
36055
46662
17974
14792
11684
25152
48752
31621
9963
22252
49601
18198
36139
9137
40612
26990
5141
21442
5271
35666
47738
30045
5802
49381
36718
19588
14046
43337
16854
38961
30405
26377
1830
27356
30385
843
11487
32840
28243
38923
15421
8152
41846
20884
38805
11936
10428
30225
30665
46766
12345
7255
31505
947
38311
1999
7398
14220
33271
6859
20997
5303
2575
25858
44581
46111
23183
7689
49849
32787
41338
11741
35303
32450
26024
35901
38889
44988
23258
15831
12902
18479
22878
36800
40098
12108
19813
41736
16190
32015
1314
6678
29981
29374
35857
39693
21488
31722
2599
4935
18915
27321
20708
29046
7564
19346
10265
20859
21825
2051
44010
28475
25997
9180
852
26740
36976
37693
26461
21926
40990
34328
28455
44191
46961
22139
29616
32734
47985
13404
7163
22027
11449
21621
3888
45174
27382
18886
21026
33759
6785
30367
21460
21612
44393
21262
8671
38038
7206
16767
10022
5420
7026
29972
17954
11757
21691
40697
24526
31904
44593
14728
3240
9185
29729
37835
46711
22971
28788
46346
6287
29805
667
6695
31479
22841
29690
12308
33033
32049
18587
985
48819
1687
17238
36956
14599
8924
8785
1511
47994
5045
11428
36379
14486
18825
22225
40577
41443
21351
8306
35877
7659
34647
6737
41095
32197
13514
14472
29210
45830
23330
43990
33936
18291
41628
26551
806
49102
44574
6354
28547
8001
47272
5710
44434
34568
6891
19487
22191
22664
6115
45183
41193
33027
19538
23673
24624
5312
30752
48186
38302
17768
6232
19520
17278
40069
16973
24424
30034
27082
36515
21119
38843
15990
27187
18422
7930
44390
24567
46802
36342
5131
48917
4970
35976
36249
18619
11008
22579
11854
3446
23443
42287
26401
20743
31888
14861
47609
24267
10286
54
25788
4261
31521
13660
47805
6582
5715
43436
35750
11469
2858
40235
43386
48194
13576
20250
26227
32813
24479
48089
36220
30559
38596
14548
41858
14605
1742
8799
16103
48215
45029
40032
46972
9418
38535
27117
18722
48890
37359
28269
31876
31183
10467
43218
1488
27102
13999
42049
26807
35416
37127
25829
25161
46099
716
15072
25618
32004
48855
18686
39243
43773
6937
36088
21015
39530
16388
12299
44501
14917
47109
11693
19729
15123
44553
47971
21947
44283
28647
43973
132
28055
21665
33959
28559
36535
23728
31794
34443
27143
46312
10349
38544
13244
10273
20517
33501
42371
8263
31392
15717
25100
9810
2790
3768
15848
2804
38648
32470
37223
5466
37929
29084
11451
33965
39885
29831
29265
6995
29574
341
20588
28222
37851
6469
47817
38001
32264
7537
24988
15456
18740
46061
15178
38767
19645
16
22402
2640
26565
19433
8213
26720
3058
44265
22675
43885
25423
10924
9446
39240
18859
15867
14759
40851
10952
39966
48963
38863
44657
36615
27889
48555
34073
18598
15004
30431
12742
45907
37941
48156
46200
13256
4856
34554
19086
29159
29297
23166
49878
49982
42919
7491
39257
22469
36937
35009
20928
42763
8544
19420
2707
32090
37134
19948
560
39008
30323
3365
5491
6032
46612
44819
37589
44150
35204
12594
32648
30634
46354
40793
44280
38514
21401
11979
39493
33300
44715
47487
10630
12734
39145
12516
15162
30065
1458
17669
9093
228
40343
25219
42600
36419
1421
3634
31428
46827
7636
22349
8385
45098
21808
24660
11561
21129
38758
47397
34873
44411
26960
29116
31048
21514
48250
4577
42003
11886
33162
40163
27665
16796
10878
17692
8568
41518
32345
46566
49708
16781
49465
47515
25594
44481
40720
31386
8602
40680
44164
36873
17312
21167
36461
47866
3202
9340
27096
32477
31345
5431
44220
49077
27845
42359
32256
47477
48122
15105
39649
43839
44771
43125
47019
35224
38334
19387
24906
47457
2207
40830
6096
42116
34809
9270
41163
8088
43853
2750
33776
43657
32038
10944
22730
24933
9488
26340
10170
25718
22765
10611
48348
11033
35096
19373
17902
40949
8814
28493
7012
44739
34771
37180
2297
26175
38524
49505
47558
1740
48610
14812
45583
44188
27730
38506
26629
11927
49009
17418
38677
16289
3798
21717
6437
36774
36553
32827
47324
33527
32451
24724
6186
29236
612
5108
15647
44854
12055
30542
23560
19428
6661
29528
21509
41552
48050
24120
14898
33100
15761
20009
9400
39592
35470
25977
38451
20203
38567
24866
23617
39748
23220
45154
33468
17681
8079
43102
28702
13846
25608
31370
36942
19114
39374
17400
1209
15244
25364
17499
46789
30111
41135
43525
49663
7215
33982
48456
16587
48389
38468
44945
5039
7712
46518
41915
206
25147
1787
26087
7456
32903
38202
36982
31055
4162
31220
33158
13166
2355
37829
43079
2587
29850
4076
11278
47835
19912
3000
26819
15804
35819
29249
22982
1330
17797
48421
36663
31243
22489
26996
28122
21273
10318
29606
29827
41822
49978
19474
48810
41605
26194
2106
14313
18862
1546
8649
16221
31295
36850
438
46125
43055
45292
49512
24137
42469
3307
23583
23467
17057
1287
36760
38872
7119
29062
13912
27619
14902
41053
45089
15630
40935
32860
41956
10079
49366
26970
15378
47666
21729
26168
22335
47683
43233
30253
42194
26124
23835
30909
37940
20446
22065
14992
48417
27733
4384
40893
4642
17452
28568
8330
34993
8104
47320
14126
21897
33860
18502
8730
47655
9940
15879
16269
30355
5727
17328
10839
48636
43825
17896
27492
27685
5678
22944
1275
36332
25359
16292
24468
7895
38660
24666
31705
24811
27678
35680
24245
43700
22109
35949
19326
48482
33237
29075
4021
31911
7984
20072
359
23382
23421
9670
22503
25342
25699
9914
14988
27233
21209
2373
9549
17334
37061
21335
47051
44309
31566
15789
17249
34047
40279
12995
1607
14136
34539
13376
19462
330
10453
31374
41791
42891
17066
46845
36821
44568
22208
18082
45437
17122
17116
49822
44370
4183
34186
10697
22039
15561
42942
43422
24802
8695
9243
10476
15055
20861
3487
15482
16501
8449
17344
7087
33658
6644
6930
5024
39470
37031
5390
16825
16698
11030
10605
45876
17934
3582
9893
20022
20984
43459
16718
44062
21287
5767
43709
46236
13004
47846
39959
34018
5633
34678
46630
1099
15348
22893
47004
42382
30159
9993
23337
49404
27204
13508
42249
10528
45656
8866
37235
30011
37919
25255
725
27768
13592
48310
13471
47414
18459
17467
46732
30523
40188
42415
24080
43015
1800
23295
35123
15613
33910
29651
8092
980
43468
9079
22500
21175
24149
4174
45661
45105
20679
25776
5832
26874
28849
27263
25963
5481
2181
17873
35073
39361
506
17429
31745
16231
38042
18900
15354
38120
47086
995
40316
12938
29218
5961
19108
37153
37262
35387
12323
42554
12983
43866
5581
41726
1706
29899
7807
33371
35033
756
40870
6206
15952
46869
43485
14158
23009
22159
1233
37493
45940
34092
21302
45496
20125
36310
29662
10225
29624
19022
49244
33484
14626
34859
33216
12807
15853
40340
48704
43322
45916
27173
20569
11077
26272
14521
23783
32689
41359
23667
9760
46453
7010
22793
34935
5115
20089
32239
4366
31720
30466
7372
15285
42621
19666
49531
37455
47773
27437
13968
1406
10709
2460
11054
29020
10294
15522
35355
41573
2436
39156
40374
38857
4921
30138
22805
15436
42772
1697
13749
14013
11576
34524
24846
14168
8686
21834
11803
25335
41330
30021
48894
45223
26270
40111
22329
3788
15316
38909
18654
28953
8149
6276
31768
30060
47033
28429
46431
23014
36634
15018
37401
18369
16036
1101
36129
26613
45276
13440
27970
20969
6365
46753
40435
48223
310
18921
16024
9740
19503
1258
34009
13698
14515
7189
34620
22742
10769
28322
42167
30317
39936
23711
35253
45238
41005
25803
17287
19878
32244
48792
3602
3675
28501
20034
10042
25237
42789
28678
49233
49567
26926
789
3434
12755
47829
4255
15926
15394
10087
19274
40633
15033
23281
6756
1381
10354
5373
968
33735
33433
29749
13039
11535
40429
31440
7197
28441
10589
24912
5282
3704
24607
44491
1572
49962
43958
496
39086
40244
48359
15793
38665
34928
26632
5442
22994
21792
19780
45356
49741
28408
27920
46743
37995
7175
28214
12200
40833
35370
36442
16541
37842
35923
29030
5698
42927
45614
41271
14654
28098
17305
34861
41742
9194
13419
25756
45862
38476
11480
26572
44637
10845
46872
30282
32924
35509
13866
42501
24344
36368
43998
12525
36724
46154
49715
35598
16942
47716
867
11414
25510
3808
20653
21247
35628
11324
44539
46308
3818
10759
25405
20429
12963
43685
23227
26322
40201
6536
15304
47126
32399
47761
11161
815
41765
23369
36577
12082
30771
23516
21634
29543
16301
168
38126
20217
7036
2329
8776
39945
47873
36570
15024
48598
16803
10637
47187
49378
34313
40143
28112
31170
41715
14068
47117
13315
29923
2012
7776
30843
36995
42363
2947
45795
4462
16395
8170
26285
41474
39559
47530
46090
9050
4232
40738
2221
19460
16250
28254
29415
29914
17615
29567
15597
13285
11738
23603
1960
43169
43160
9540
11635
1935
34435
23349
21140
15323
22364
43081
28751
31403
47352
49956
11249
10248
21685
39388
44526
26648
47570
25565
37792
35170
48023
42804
43306
23940
41211
48293
43210
34241
34685
48362
3742
16051
17299
35781
31870
10799
23736
42731
5593
1943
17734
1906
41544
19697
44933
13190
42484
28986
8658
20731
44745
34821
26149
26302
37185
34588
1662
15258
46923
41565
18998
11240
23508
33048
4291
4714
25666
43149
45118
934
48391
36080
15908
48922
21901
14463
22123
10361
15279
29450
7828
1780
14614
11509
37958
12769
5153
10019
11878
5524
9813
24770
33861
20905
21709
40134
27572
41709
35286
10056
19191
16845
35644
24405
2623
36409
23418
32525
28913
2567
4761
37002
47617
49753
23432
42472
28994
24085
21155
8826
30199
21790
32631
44698
5358
18372
26220
41926
6312
2508
1436
19603
48545
29932
28693
16091
22394
30947
23351
40020
20104
25223
32709
6981
9954
3870
3510
26153
30852
42547
3316
42174
10389
47216
14672
42026
10213
17077
26429
8907
49437
9780
16681
11063
34275
46334
31110
41295
446
39534
24100
12069
18966
34966
22313
18104
49164
21676
3389
23798
48501
35141
41527
19230
45574
22
24454
7357
19628
48322
2034
23192
29818
23925
23496
33498
20119
11655
26063
17968
9693
9359
6948
44054
25931
10772
26020
11728
27019
32961
17016
42231
8115
18514
12334
12203
26854
31891
15513
18709
45046
35575
2512
41683
26549
26418
4778
28101
19803
45319
1244
10741
10189
48879
2912
8846
39296
16872
32201
19680
15181
17513
35711
1728
26258
16604
47646
5555
42881
9720
40889
27456
31804
33429
15972
7370
40645
37740
1397
19961
36319
27279
31194
24503
3986
275
26203
9005
35407
9528
41027
94
15735
31025
33356
2253
44808
6167
17881
40816
2167
12412
5060
27959
22564
22596
47387
2216
6872
48589
32332
1558
16088
30170
42878
43352
31539
62
4154
13100
34910
19530
1806
49553
7836
2829
29438
49766
21993
19005
7671
23961
1087
48093
571
17148
19930
3878
42394
28290
30864
23655
44030
8837
25281
21218
2845
8878
27555
26980
43555
32755
3229
49444
19364
34818
48475
36701
18627
21366
47503
17531
21052
25203
25037
21756
3998
632
48144
49492
8022
16146
14330
14205
36232
27063
26073
4212
1368
15299
2341
35373
18566
2865
19883
32403
45678
13137
14054
37110
14458
19906
36965
11583
49947
30561
19832
46245
26035
7624
48336
22953
47152
11870
41234
7160
30979
3840
4909
36895
4677
38068
6296
31269
13779
24045
11373
23481
49090
11098
5451
35801
1561
27405
3954
31957
16419
25022
21065
45389
5816
38379
34740
44330
28716
19957
26702
35454
12377
49044
44971
928
48035
44083
29053
42699
12189
3130
33452
25312
29888
30968
8512
30346
31943
4920
40412
48441
15888
28197
49350
17002
40729
16497
47907
5918
17138
18767
37285
22054
14939
12674
3467
32415
47576
13761
31251
15206
12366
1224
37119
24433
19062
31511
40503
45801
47304
16257
38138
44451
49355
3563
49816
11713
13445
39194
17870
11524
7819
41581
15914
17823
39809
48281
16442
14148
16219
18342
5013
29480
11042
43113
7741
29456
45202
25953
36834
33719
33881
26844
45975
26597
4874
10326
11988
737
41105
37768
28515
2160
14423
35657
37327
47150
23311
23684
42019
43041
10332
16703
2608
13953
30648
43061
17650
34694
38555
29514
45127
27414
6333
48719
45461
36063
7436
47242
27047
43586
32168
29589
13732
10712
37385
24335
35434
35560
42254
31580
33812
34717
47796
37513
32438
21982
19892
49526
20647
1925
45609
40749
19681
7334
42994
21854
8765
32615
42617
32534
25126
34195
15088
36164
1355
32628
45426
39400
47231
41184
18528
8916
49935
28772
147
4325
46169
38434
37662
4204
1984
5607
31641
39974
17998
19161
18248
39402
28539
34668
15662
12656
41807
49054
42121
34791
37645
32552
17359
48986
42084
3328
34427
44925
25945
32291
22539
14274
40531
31687
10856
43899
27530
34636
30422
11127
45330
49625
20458
38993
29430
18548
25641
26665
27395
18575
17409
22522
2337
30456
42327
19282
30925
4706
25329
43349
7137
44312
21102
38196
2738
24642
33448
16674
47162
672
18837
29767
15410
16965
18792
30149
35752
39061
45813
11678
33548
42632
3972
30803
40088
10824
15656
15212
22814
25791
20318
40445
38683
14179
24785
38483
22188
47600
902
39206
42534
7071
3776
27773
39490
31812
18322
33924
34606
3342
18784
3423
27509
26700
9061
7955
47701
25246
35050
42339
28586
23232
4122
24282
33806
27121
24633
8886
24317
39138
34354
7480
10674
38103
25432
49
46322
38218
36197
6011
45196
31923
30658
2172
5744
1890
23862
35821
37079
37888
3374
4596
45484
7992
9945
40050
3011
8426
48684
33365
4003
33397
32563
12681
48061
23209
25919
9227
127
46836
37629
1919
6008
42701
6211
2305
3331
47027
46177
8893
49271
38897
586
39040
42792
28856
39510
6046
26931
46723
47376
13895
22828
43807
24979
32873
17475
17923
15636
49029
34342
11225
10546
2688
23174
29326
28902
42714
4015
20098
10595
34493
30378
13537
11800
42434
45548
46491
15194
27363
34282
7792
4102
27817
2771
38353
26098
22735
11956
14945
4091
9299
7753
178
10914
40998
33584
12021
34850
15496
6405
1
9057
20047
18679
10033
33060
45687
8639
13619
40621
27021
46891
10686
37194
7847
31499
16422
10180
40288
29592
29342
417
28347
24555
6173
44796
48499
44356
1970
33176
27935
39757
46955
4831
49587
19842
49724
6481
23522
11348
11628
30213
22965
28965
38022
44542
43512
30416
17209
14701
47408
38828
45443
43935
35174
5863
10497
33591
20717
18099
23075
17199
4543
2097
43398
18146
32363
4493
30399
31275
9141
4999
20595
42905
39605
41755
47851
43766
28895
35564
9617
13929
29787
32610
7599
39446
14670
14687
7601
24183
46041
14354
3901
40322
29256
41820
28418
17949
5651
12410
31418
4978
28010
7288
13709
45847
10134
15554
33825
1267
8051
44408
10933
17983
16984
21969
46251
43792
18665
5683
45768
46799
10668
34920
40568
22309
7969
48531
25889
43288
40229
17548
40969
41993
21239
4404
25136
1847
18169
19143
39676
35248
47744
368
34118
21602
32998
34978
49735
42295
32119
16439
41050
570
49096
29697
6392
47637
29146
18111
3626
41077
35317
16776
40708
7889
20342
35586
16750
22211
45507
35291
21848
16646
25017
46991
29361
41654
17606
1626
14188
13332
14554
21348
12623
5799
34742
17850
36861
23882
23746
23971
32277
8123
12925
14103
39574
2462
37398
40522
47788
33799
5515
1342
10404
4342
39773
10158
13369
20189
13122
20832
26677
47698
23919
46106
23830
3525
25120
23102
11251
26784
27695
45270
37415
20553
32097
33317
8065
4662
30741
6389
11496
8199
41224
25306
1491
29773
8556
2884
23122
13610
17481
33643
16469
15813
44675
35106
37681
13859
47336
27544
5662
11315
26139
1868
29287
12800
1154
14376
25068
28933
18636
35447
24299
32918
48743
19658
8857
29334
11101
49064
3472
40915
46885
16861
20408
24709
16665
30205
23642
26589
25419
4798
6083
48946
44788
2652
22605
28335
29174
40958
14783
11518
12839
15893
29560
22863
22092
40593
41597
33620
13176
29854
25849
8982
40520
18943
13811
17367
14225
20284
22616
5938
9040
48671
30761
24062
31145
45394
13152
46508
27877
8939
41152
38740
49413
40766
10108
37963
38946
24166
263
28203
31788
4557
33414
2498
13201
45756
18126
23533
17754
46462
45063
7058
12574
25631
27378
39014
10111
38260
2363
30884
8466
19043
2274
38166
45534
19240
48006
44260
2416
35840
28945
7244
11338
24791
28383
14562
25271
16836
32674
37537
35070
3696
18413
44913
32547
37551
42577
21418
18044
45366
15098
34121
13393
32305
19402
31157
24582
37291
36327
13041
2240
41950
40001
5370
47939
3647
4224
4314
15044
48736
42669
21325
35795
24944
47463
4087
31122
24900
13971
12479
32692
1415
21073
3286
37636
20917
43497
36602
45243
6373
40685
7427
45711
27254
6972
30811
23159
30701
13726
43812
23064
3899
29320
31452
17594
16153
41414
40923
12771
1650
2617
41665
12562
24958
29908
27315
16478
41124
1052
40842
5394
17919
42829
3190
36690
20327
10434
27744
2730
30507
23777
32869
4604
31482
9789
38578
35477
5857
9763
44607
30892
39129
29735
5565
36048
12357
12012
26189
39852
49282
21579
4749
38912
11403
26862
29868
12493
600
18558
12920
8223
4656
1006
41172
12124
36649
45455
7448
35012
26911
18393
14773
22684
42095
28724
4120
15992
6817
28743
44249
39739
40468
3032
45072
25678
46132
6131
11969
37366
41901
297
23270
7302
5942
37050
30587
25626
40404
31771
45858
7470
22448
20765
40299
763
33994
26798
19352
41384
21766
42109
19201
22271
38778
31852
17376
11773
32805
42492
17560
32383
44333
81
1757
6051
5193
25554
15709
26830
13088
9636
8185
49700
18001
35953
30602
4068
2042
43252
9971
43368
4302
39452
16593
46428
49264
21563
36204
20975
49856
44845
14112
48530
18273
8420
19248
17750
20795
6579
44513
2755
1674
34107
32328
3066
17566
29223
37024
37018
49795
39634
19742
7065
16811
26493
1833
40548
9597
11115
9704
19870
41434
33574
39516
46058
24056
28292
42608
31698
22790
24961
41034
8754
30475
31678
14449
37974
21035
22178
38141
33202
8379
6252
9569
24227
40610
14246
8980
43187
28806
49154
12972
30700
39902
24218
8703
44344
13352
19445
24361
702
16511
22912
11138
36397
18538
42038
34382
17025
38634
6617
3109
6566
24598
25298
27006
12554
31077
44378
46935
20011
31223
25103
9209
19034
6768
2932
4790
12586
36599
17524
5246
34989
23702
16739
20533
41242
4990
27477
2891
23906
48440
45594
39544
9861
41469
39867
3260
6191
26232
42858
12453
38276
9928
43230
41485
40104
12635
40265
24692
24381
13062
12955
28632
5178
35842
38704
37436
6559
47944
7866
28837
27199
13030
40908
16066
19071
13387
19124
36496
35724
17180
12237
21438
42589
10399
13648
43628
23758
6847
39841
4474
12468
9168
15442
41636
47068
7502
33307
36693
30336
26487
44643
16329
14856
1478
33385
33941
23630
15961
22587
38628
33639
246
10204
18972
27166
41611
32212
29006
13810
7731
27039
37620
34333
39289
20299
12693
32982
11205
29758
44756
4589
1818
44138
5758
49306
28614
39563
22144
27651
2555
43648
19333
35967
47892
4952
12002
8495
37
7979
34472
6542
28830
26723
4688
6345
18332
24105
23806
43871
13309
45949
11643
9581
42153
3409
42452
40360
257
477
14251
24611
11892
2080
12394
22355
33321
39440
16576
27303
48769
45701
13199
46645
6605
40398
35393
4941
21869
14072
45412
49300
49256
37652
14922
7401
26049
17809
1046
46988
3048
37211
12230
32227
49035
35114
13833
10125
40171
7581
23044
30840
22757
42428
16317
3026
46529
36802
36487
45723
43412
39419
35523
28037
25374
32651
41779
5982
3515
22625
12250
14092
26503
33895
23996
41083
34029
32171
19133
30997
36783
39426
45887
38585
49993
33626
38289
13460
41871
41503
37771
29395
44899
33672
15069
34456
11709
22928
37252
426
34412
19265
41831
20786
44669
34789
44764
48629
2546
23133
12258
46634
47042
45408
27533
18139
29709
12154
16904
44887
11194
45957
31208
15148
5924
23082
45780
9519
43242
39316
20723
28167
6411
4638
16654
20949
21493
3417
18650
8483
45641
14649
42403
9505
4807
19559
20612
21224
33709
33281
49015
35776
11918
12858
39658
37893
46003
9730
45992
16128
3591
20681
28579
22161
34752
38270
7851
45746
28026
36657
49541
27486
37308
35547
30089
23852
9876
33103
49195
36886
16555
9644
12545
28466
47962
39356
1035
21468
39182
46444
32508
2990
4900
8045
44703
49482
2141
25474
312
21550
37705
1012
42182
46918
41308
32889
27160
48568
41205
35898
33016
3652
18989
39783
4392
35639
20849
9839
873
47584
1528
32580
24991
49906
33259
18873
3737
38346
7105
34170
32132
29302
4145
18174
44462
2244
40807
21525
4052
43674
37342
43720
14090
32844
26909
2836
28600
4526
5904
9122
12601
49328
48253
16636
40670
43505
12316
49895
16362
22646
38601
34730
7551
24398
15583
24877
9475
27630
30822
18717
31653
46267
20575
25266
48514
45472
22938
20476
23249
290
3135
46775
47884
36583
23957
49596
6597
29404
33404
37424
7235
20199
23568
37317
44103
2286
4455
34482
39817
46415
41698
2443
39078
5095
834
12269
41887
625
38178
42750
16376
13428
20253
5845
21198
8506
20163
10901
24354
43532
30716
46857
29464
49613
33844
10572
5533
19495
8252
47281
41254
13266
31934
26299
21918
8715
15932
37334
45211
11764
20484
5501
27944
4191
34061
4416
40493
42840
18287
22085
36733
43445
13523
33190
20636
45170
27799
33832
4816
33686
32798
21645
3730
29271
36300
42055
31550
9368
9307
16131
23095
5004
8291
9905
45696
3191
43545
44098
15772
5349
19018
15679
2797
13237
47268
18746
48977
42516
30613
3216
9601
8243
30239
35985
13015
16887
47139
36263
42966
4563
3295
8539
48406
21558
35886
27862
36353
9383
39341
33556
42444
18467
42145
19312
39683
48786
41642
19054
36434
44959
2680
4731
27218
773
45005
17832
11359
21190
33788
24823
12887
28660
44225
24122
47449
10486
18755
14306
25513
40305
38711
35686
26764
8962
1465
9559
46285
2266
33248
28362
40383
27704
7123
21396
47226
49645
21377
35151
22716
33700
34205
13665
47919
16951
21775
338
21010
