1910
1774
1563
2990
1999
588
4014
528
4994
3929
4570
4484
4193
4312
936
3475
1054
2942
265
1247
1214
4778
4577
3549
4500
1620
2125
2160
3467
4622
486
3733
2496
130
4669
3609
1972
258
1005
2258
4590
2112
117
4502
3305
2054
4740
4182
2967
674
4415
167
2629
1660
1102
3329
1442
4857
2574
3284
3820
3982
1397
3317
3953
3674
4673
3551
1709
4110
41
4069
332
2557
2183
3867
2036
1339
3079
2697
465
1378
1252
512
3436
2995
3208
3860
1927
3354
2583
2653
4718
1749
3445
371
894
3180
13
549
2309
4291
1422
82
206
784
418
972
3382
4435
4226
182
1068
4058
2502
3274
2441
3613
2205
3212
3032
2979
3637
1512
1805
1276
1415
3089
4649
2904
3965
1895
1493
662
3766
4873
2900
4791
3892
3417
3831
4685
1157
1182
2399
822
3681
874
3720
2454
2353
571
1838
1035
2688
1367
4099
3729
794
535
4610
2720
441
3266
3913
1163
942
3190
367
2197
2336
3783
3251
4846
1130
4942
3200
3792
70
604
1727
4702
1287
131
2362
4422
3148
2532
4351
2093
2225
3056
4208
1085
3153
2320
3651
1668
300
2730
25
1322
4914
2282
2613
1202
4130
4235
4385
4397
2298
3012
153
4269
2650
2592
2809
4936
3369
3847
4754
1137
927
4141
1319
216
1697
3170
2440
3976
4037
4767
4812
561
842
1384
3243
2927
3070
4554
2420
4910
3502
4882
384
817
1191
4331
1488
3136
3481
3404
2269
3940
4006
2423
2061
1646
2668
625
3026
306
2390
2175
1464
4868
1968
2867
3098
3111
3626
1
2631
3810
4692
4408
4956
178
2078
351
4899
683
1410
1739
474
2565
223
4617
802
78
1269
2602
736
1349
554
452
2005
3565
3695
1756
699
1177
644
3584
4249
652
2882
854
3105
396
1585
4368
1555
1458
1596
4374
2524
1678
1013
2471
4042
2131
990
1118
3300
4749
3742
2168
3050
633
2327
1686
2857
1858
4535
1435
4085
1949
108
1845
3428
3525
1957
3944
424
4117
2237
2734
1221
758
2488
3536
3670
3002
997
2245
716
4285
1097
2752
3996
4467
4474
238
4633
317
1608
902
3826
2550
1817
1147
1577
831
3903
1050
408
2834
1634
2747
1300
967
765
3230
701
3576
499
1501
4274
1711
620
93
1782
4021
885
3644
4526
2931
1828
4968
721
1913
432
1875
2030
4446
3774
1309
3494
4134
4452
2087
4781
341
2019
4344
4826
2680
2813
1240
4978
2461
1884
4542
598
4802
1072
3342
1357
2703
3516
2145
1538
1765
4153
2277
4511
864
2790
2772
2844
4596
2109
4213
3236
3392
746
277
192
2349
4161
4988
2409
2045
4721
2916
150
2800
4303
4659
2825
4924
3755
4076
4252
1868
245
2511
2378
282
3881
1525
4180
1990
2879
3597
3333
1478
3876
778
3123
3710
958
57
40
4840
1550
330
1630
2762
3375
1794
4322
1935
3458
504
915
2217
2959
1021
