3987
7894
4466
7038
5969
3696
8552
83
1568
772
1512
1240
191
1995
6426
1157
5238
6159
4948
5771
1179
7980
3539
8873
2143
3593
3232
4048
2318
597
5745
7587
3480
6714
3762
8912
9968
6120
8171
6407
7523
106
949
8502
3031
569
2210
1890
5476
8061
1597
8149
4611
714
6309
2457
6286
9771
4022
3275
954
5911
8979
1869
4174
7553
1879
4477
8080
3716
549
4581
6626
9884
1496
8805
6528
1147
8724
2289
5905
4031
9057
9430
9781
5838
6779
290
4756
9368
7489
4281
4363
5980
824
6344
7225
4481
1345
4850
7059
2220
6504
3958
6864
8780
6810
9347
2967
4777
7640
8004
5716
4197
4836
6874
7283
4051
4763
627
4398
1263
9689
3504
5795
9680
6579
1544
5571
3558
3898
1459
6057
7123
8385
6698
4012
4659
1903
4874
9826
40
764
9764
8441
2797
1322
7720
7343
2801
4091
448
3409
3882
9551
2065
6756
1650
5004
1023
9152
7921
2001
3879
5355
6357
6469
4713
4939
5314
9595
7023
5375
4636
6555
8737
2238
1631
7674
4670
6822
1747
4307
7883
8616
5439
116
8798
8848
2708
7197
6223
4572
9526
809
5087
3201
5030
15
2383
2403
3281
9256
6240
3352
8862
2175
8571
7873
7013
2897
5129
5046
8420
1699
2183
4294
4558
7134
4819
9664
9070
8605
2775
3666
8116
7271
4452
4132
3549
2427
3779
2654
228
6364
9976
6787
755
8632
1706
9220
917
6444
6634
684
8753
6655
3322
4569
9940
2924
4958
6071
5570
100
7816
1291
8252
1118
4445
2098
3929
5995
6332
3077
2496
1505
9005
8953
8670
5114
1186
5208
6069
1586
8991
6991
969
4188
434
4898
4155
8693
3701
9106
9623
605
4999
1139
2244
2085
6200
9086
6930
7945
4080
1424
5195
1973
2071
3845
6261
2055
3016
9836
5683
2611
7400
7496
5257
7190
811
9042
891
6569
8
732
8831
8545
7915
7645
9810
9615
6735
2370
4414
7445
7836
2310
5300
5695
8289
6092
840
6254
241
3185
4627
2726
6327
2983
842
8223
5062
3857
4863
2399
9340
9148
3567
8294
1945
3399
6040
5469
3176
6315
9040
397
9357
5709
8101
8153
5276
1605
987
8353
2861
5104
4000
2832
3906
9137
364
2745
3191
6911
3659
4522
6815
792
4786
3096
4082
9645
6934
5177
1824
9210
4430
240
2576
8743
7783
3062
6479
1893
3361
6724
5653
9855
5155
1529
5401
142
1572
8787
300
656
6792
2029
6664
1306
5329
3606
3491
9440
1442
5939
5843
311
2134
2675
2936
1755
2599
5673
5060
4518
3633
4603
7726
5418
1248
9815
302
3786
5818
2956
7757
1859
6089
2266
3046
4321
1061
974
2506
6542
206
3247
2532
7685
1762
410
1338
5211
2116
411
4643
9475
6205
3464
126
7869
3296
9179
6960
6015
2884
8518
2905
9460
7009
1085
8569
2353
1193
9506
7802
636
6388
3108
9540
8269
5611
8126
8169
1036
7239
7256
7508
8462
5482
6681
1490
1911
4906
535
878
9734
8658
6855
1106
6514
7367
6148
6214
4920
7985
1316
784
3941
1539
6490
6391
8711
1831
8479
6745
8594
2587
2712
9029
8424
6989
505
4690
7844
8903
9499
1217
4120
1012
5515
9951
3446
4822
1665
587
7998
4264
8210
921
8404
4403
4127
71
7064
488
3227
2519
24
4742
7297
5094
8683
701
647
7097
8095
9950
2165
2644
5367
5726
2562
3052
4355
6380
1844
6678
6004
6459
3337
4162
9516
4389
5016
9192
216
2332
6616
514
6707
2523
5925
7107
1613
3422
1054
1078
8022
575
7154
6532
554
186
7665
5734
5804
6847
8649
5665
7696
9304
666
8493
342
5596
9849
8184
8339
45
7357
5956
1803
2820
6969
7171
8486
9757
7830
3832
6974
8708
423
9190
4808
3135
862
6646
9575
4973
2376
7630
6607
5583
1932
9289
1655
5896
2735
3819
7212
5524
4983
9073
9372
1412
7402
3265
7619
2602
7320
697
1625
7380
8273
743
5182
6903
2871
5764
9696
351
7456
4733
8525
1009
1272
3161
5072
334
4241
172
2104
1165
4378
5398
6134
6271
3628
4239
9272
9639
4885
1779
7731
618
6834
3689
7168
268
8036
1794
1552
4333
5430
1819
2623
6103
9794
3913
58
9487
8046
1431
1463
935
7416
5342
2917
4701
7390
8622
3581
7467
4211
2668
5149
9390
5509
2123
9589
3731
3522
5870
3415
7512
6593
8813
4226
7746
9545
164
7334
7577
152
3747
3375
8232
3615
2041
8191
3794
2991
3308
2448
5261
456
1362
4104
2765
4006
1789
7768
5229
499
3458
2557
1284
8852
7566
7249
2822
9311
1377
9565
3251
4315
1205
3002
6295
7141
8315
9419
5879
9605
7537
8769
7081
8921
1257
1399
2324
1929
8244
8367
5643
7606
9299
8350
1407
8826
5134
7044
6494
4855
3512
1126
5540
7597
5826
9404
2758
2227
5307
8459
4966
521
9463
258
5941
3648
4342
9399
2154
2634
9927
1983
1226
8057
8397
8310
5552
5639
5609
7965
4698
3116
6889
2974
272
2548
8584
3436
8216
5447
3021
6585
9899
7955
5852
6767
7432
9130
1099
8884
2476
1390
7308
9861
3754
4491
3721
480
3824
2014
5759
4067
9654
5492
3484
3318
9910
3970
3572
4507
383
7852
8894
8020
6418
6947
9993
6245
325
4145
3971
8941
2197
7660
5335
9119
7796
465
3086
8989
2849
4798
7701
2689
137
9013
5784
7209
4926
2257
6433
3938
1959
2790
5890
2300
9744
4208
7116
1044
5165
2433
853
2489
9250
9912
1727
8969
7545
61
5455
9874
8082
5244
2031
8540
3345
9269
3809
9987
1671
6022
8679
4676
1734
2278
7475
2345
1963
1476
9096
7425
3157
9326
2696
3678
7327
3214
4259
5546
5387
6167
9447
999
7940
7079
8373
679
2417
5286
9162
881
3863
8939
4592
910
723
1353
6041
2853
6180
9238
2463
7270
5032
4548
6899
1715
6125
5982
4725
4279
373
4539
9227
3125
2942
3384
8132
9722
8436
5622
6186
9714
7777
9708
4437
8328
7905
3146
1689
