41581
20801
21598
1270
73832
98108
19251
64289
82645
80582
37479
35517
22654
5155
12974
12363
29200
33030
10428
5863
3812
5777
16706
70707
86567
40708
17219
88605
68509
6138
32651
70597
47233
67154
44172
93928
78745
42499
85242
39124
28751
63236
28153
42881
76468
73786
43409
32401
74125
65961
60093
56812
15214
86664
5335
81254
14698
9809
50998
59324
54230
13138
45734
49433
95548
50559
60483
90741
15143
60602
25614
4313
63376
1627
87760
35047
1084
54438
64533
95
16898
82880
25181
59336
78324
93085
75379
73523
19736
81971
74231
65784
20429
15619
61628
52060
75806
28168
24064
56089
14887
81833
77100
74619
67206
78684
92499
8420
32261
64811
48246
24747
54618
17496
29548
66880
57819
56012
58899
76343
40189
66688
83429
43458
85682
82844
97544
51844
92917
10257
29084
32474
75461
38736
67075
92942
36561
30469
59186
37540
71393
25736
57074
43787
4
56659
37668
11014
83997
9562
78577
46674
30176
26584
15723
5942
34198
87201
61319
50272
67414
60233
10331
40528
59974
66987
13529
30304
83371
46164
45273
75071
85499
61158
44166
22761
81400
40329
54645
1426
52781
90958
47712
69602
59452
77405
48871
44962
15803
4206
51420
76963
35453
94620
43223
79004
97162
5369
25080
85846
35206
68079
48832
51795
7218
98151
53296
55347
42777
61600
26209
25937
25718
40558
70240
58329
13392
88025
1258
30365
45951
12491
56928
89649
48813
83075
43793
24784
81388
95810
974
86844
35248
91654
8552
76621
34815
66919
18860
63352
43726
38709
50489
29978
1847
40717
54194
92994
80442
31894
10129
5723
93824
57557
74198
74906
48377
68717
32874
72635
83347
31077
88691
42319
65442
3760
36591
32187
785
65888
96695
59473
54926
19123
19147
58365
21430
44318
26652
29773
40412
10346
41822
33088
23646
44602
96766
66425
15275
36399
96515
16157
95881
30851
91129
54401
96863
28846
36200
10029
33433
80857
78788
35056
54102
69297
49036
56855
73282
11326
64271
66578
18299
42969
13044
66248
21387
46616
44263
45527
66504
57132
90909
23527
21048
724
19935
12742
79743
14347
43863
94730
55677
86823
37525
44755
19800
65302
92753
67170
57941
40592
39545
38022
30002
65592
52909
72736
25876
4694
75147
28183
70569
4896
69581
66221
73105
5359
69925
82044
8866
47007
2311
614
42875
65076
20035
34952
67368
38968
66596
59495
94233
32688
1615
92966
67054
22776
4422
14753
62815
96842
63987
93314
47764
2976
94092
63120
40980
66404
21665
85639
81354
50571
65973
24195
65497
55945
4770
58088
67853
72126
76609
21192
48893
49347
43540
85566
27433
72825
83863
18238
35257
32099
78568
95572
31733
42554
59736
86551
39148
27881
35151
43714
84324
37613
34382
78211
82160
477
95612
88230
41498
42383
23255
21540
13889
95502
63883
1453
63480
94556
75779
80976
52146
28296
31022
78864
68595
45676
87482
57313
68866
699
66794
3248
34168
21610
25278
46503
45459
32734
52411
97062
57499
26764
16016
60770
27988
54850
39829
84839
10074
23240
57615
15534
16184
9305
39783
83634
1859
81000
42661
8790
61908
83542
19181
30124
35279
81217
83173
36060
16889
58640
22629
87101
50663
22495
9882
15766
13859
62711
65626
21897
67759
7013
46177
45548
83906
48227
644
6617
50925
25605
45887
669
93671
79871
63880
19339
74604
55521
58460
39228
49396
57200
91788
19803
29038
5616
60648
98429
54932
90503
74738
80564
43311
96976
12549
79224
59687
64884
95414
57807
81681
7905
92682
27045
10978
91971
46811
29017
71677
23453
70243
1136
89945
43256
81482
50202
10206
32645
5179
76374
21366
85804
18796
50824
50269
40516
85819
6415
11176
38996
53983
89414
64759
75397
38682
97565
21732
55716
57511
21299
31168
21631
68683
86213
65540
57938
61234
44983
57483
44697
11030
71821
28971
68238
62558
3470
67258
91855
93567
41761
47681
96943
42569
91987
35196
24482
94599
2829
39329
45432
32816
46100
52347
28074
69199
35767
31611
11301
59003
40308
19010
77497
80887
96232
10474
75666
54398
64554
37168
33664
80408
43744
56281
21344
37232
49061
6922
87803
28196
68619
80466
41803
28437
22757
28644
39908
82969
82355
71091
76386
99457
55411
15506
40473
72916
56824
57038
63614
83140
489
29465
50293
18580
9263
37058
44721
26856
80271
24997
12558
24656
94059
28669
66654
66453
58161
62607
1920
1944
70215
88205
9900
78910
20914
43851
90037
70899
26847
43030
53489
61850
17319
59983
2567
19672
14017
3327
40394
98148
16202
43488
1029
9003
96961
86466
40760
10581
49643
81110
41282
141
24143
44272
75788
50602
71515
32340
70200
94010
65244
9049
98633
36356
45304
77472
77912
13822
60178
11539
78101
90665
43702
79935
32639
98066
57865
80103
48856
65070
12446
41971
9284
77121
79520
29456
65217
18339
87739
78882
5997
77265
92872
46036
71909
32294
4841
72907
21103
40775
74677
87125
54145
18836
77063
15946
97217
93763
30643
47632
42240
86307
69373
55756
85535
81708
29767
46491
51655
6064
75477
92307
47614
71271
60630
74396
49030
42917
61176
96824
98050
81519
84675
19550
16800
64692
16291
83045
46015
33762
91483
52649
24497
17878
36124
75010
38825
64597
75031
12262
49607
76539
70606
38569
9940
42844
34665
42823
51801
81272
68454
38129
94159
4688
65915
67817
63318
49326
95380
30109
1932
24402
95261
61567
94904
41449
82187
8661
63810
2808
98011
49183
15171
19211
69568
75544
3043
84607
93140
46442
86326
34260
36869
78724
83689
58918
64579
59754
90998
49317
48142
34107
41538
35337
19489
78934
89243
69303
15464
10087
35810
72571
97205
78849
99250
26139
83286
94828
71952
73264
17518
51450
65745
76108
30732
23349
85157
3373
19983
59842
10801
77521
74976
27472
52991
55863
44678
8704
7657
19681
61011
42673
17206
75626
82584
80240
86146
58478
61323
73279
23121
75577
7700
69791
9079
29047
89017
99445
97287
65928
74811
49805
31763
79471
62381
65207
63144
16828
63044
3342
93400
96940
32056
97965
6644
9577
19288
68375
95859
69321
16034
43757
8448
27762
70627
66706
73148
13682
30808
58307
3965
38160
5225
95603
74354
29731
55054
73014
33164
56843
51505
86197
3116
98099
36451
69034
25803
49689
72147
42307
9620
53150
99589
38904
5903
65238
2887
65690
49390
33857
68049
69846
99909
7602
28150
73856
49976
25983
2598
55683
7169
91913
55750
52952
16453
46915
83802
64841
12922
53339
1246
28827
46769
97080
65125
59864
61603
831
92923
7966
76911
13749
64545
1240
54914
59586
27530
90653
11899
31913
23890
32078
84592
12412
81809
56110
81006
27131
83692
7074
74076
62540
75965
7593
21970
95960
15632
90851
10779
97510
28891
96116
52079
4258
62052
83057
42093
33152
2500
75831
34882
1020
27256
7108
30045
81717
91361
40085
96055
56513
84781
47953
33411
45426
74274
32850
52381
66153
79954
92173
406
46369
63035
99708
28660
77976
79984
88425
33939
77424
79300
9449
63386
63300
43766
15583
48914
87296
52872
76423
7572
70789
74958
88865
65803
97226
87116
44202
4923
40049
93104
77732
85193
50596
25562
33594
40247
33188
67099
82322
7801
89142
99235
25757
64530
25196
83234
39283
98761
33109
54755
76633
17884
21476
34693
55048
68006
94898
3418
17911
53901
88709
92643
95756
71702
47913
53757
62577
75355
10676
69968
50538
74515
52424
92780
76032
75165
95524
37964
79728
58262
27921
2918
76743
56611
53187
44147
67954
90397
39683
97391
91297
7267
19968
89054
43180
97779
29679
56992
25693
58628
75043
86912
86866
25400
9385
12156
81366
33680
51734
58094
50937
80915
60795
82465
61615
57444
22794
21903
42591
30460
64487
77256
12970
7505
42362
45826
71055
59369
39878
99640
53553
31016
14567
65476
9983
31284
44907
97178
48206
16044
68171
17356
99943
21433
64179
49213
25538
38572
14600
67618
35706
88645
92359
41230
21766
27195
34394
98530
30326
68134
87684
82416
31189
3159
30967
87510
20975
70133
90244
31968
62082
71454
97458
47272
93805
69166
69520
81565
51383
38276
95923
43653
8317
87623
88163
46143
18543
36878
1575
19407
67023
60264
4056
56775
95917
8945
84867
84885
33072
98996
54111
51899
19291
22464
55631
85404
96546
57850
55323
13422
53528
42087
6989
56690
6998
47629
31690
10169
98383
35560
79059
51960
67551
34467
88566
54560
39005
12601
20212
54700
1682
92170
28122
46152
97553
98136
66742
95704
16944
15094
66376
4810
37034
78064
11084
56095
18085
3306
97309
26612
69394
92786
79432
93909
51310
87891
67969
59791
33610
77921
7279
76645
9702
26673
58539
71000
90235
70258
44288
48020
5027
42435
56238
51297
73066
68897
2063
78431
58201
32840
95344
13755
95191
27552
90455
1825
77378
42002
63495
35288
13974
37070
16257
5485
90781
25916
47590
50892
37327
35035
82737
31559
16099
99097
1343
7630
50095
49839
52100
12855
69019
90305
37543
31782
84690
69910
55109
37409
17783
21940
42334
26459
56461
14380
61646
12403
65632
89997
13126
59891
6635
48786
94678
31504
72858
17280
56650
36417
6150
11780
74576
24622
76713
11191
93259
67246
4593
5015
45212
13657
50919
96686
65937
56971
24341
61356
59217
33198
75690
3492
58494
16501
32615
71357
11619
18189
75922
41834
62464
88404
68323
41620
73734
97901
36893
27808
6818
71689
49842
11677
43494
93067
26276
7065
92896
6876
64011
22287
15406
11271
10846
74048
44379
88184
55442
17435
95182
55665
88324
12226
32239
74936
54987
91315
120
28705
2897
75638
96024
36985
80118
35978
94404
45752
47898
14621
64267
73847
76026
27183
57929
21973
84180
14969
79111
40937
46390
20414
5466
27952
60657
78138
87742
42859
64234
26230
41166
16971
7541
92377
86728
51584
79838
76960
38913
35834
10230
73816
13627
23053
13331
19584
21290
49671
29407
49405
202
153
5793
80747
56241
87223
96250
90159
64167
69913
69959
30216
41868
37229
77518
8582
46756
26319
52204
21012
70664
17118
3904
14710
24177
59723
42454
32557
78187
51044
80506
66135
82865
74851
33265
22242
85279
73722
25681
44050
84144
72303
68094
75705
7920
76151
36738
29413
67286
38334
24088
61472
41300
48093
72248
66147
35502
70948
39313
77
59284
54883
15131
63669
50153
50983
47870
68415
95170
60087
10523
53879
38587
3071
62565
26951
15299
25403
60593
35608
87516
94831
73246
44999
78150
48981
87851
11100
2329
87281
81861
23783
49106
85618
91327
45044
20292
28415
64643
65583
91004
20453
93866
87986
1374
7517
99534
94062
43036
15571
38166
4050
56324
62183
48041
47889
22922
83606
65613
13105
83030
7316
68555
23697
68186
75437
70160
70691
41123
44480
19062
47162
39881
82975
65409
8619
44004
85141
7358
53110
74405
52192
27152
67493
30231
2405
19721
71296
40906
4331
11481
5137
6739
20585
74030
25962
91721
4731
59992
85892
59440
51136
50425
31052
8329
5109
20691
30936
54957
91431
87974
35685
64866
57392
98554
92051
91028
14417
57050
19425
25504
46351
3827
5039
92277
10053
11973
9354
51081
44358
98954
12513
38779
48218
44623
67212
64118
42203
54526
18586
51001
46921
28812
76682
94983
76752
4184
5387
96171
56037
83646
17612
34
45655
42603
62977
80253
7059
99286
97492
38367
68967
91065
12323
48151
5079
80350
82554
80378
58121
7679
71338
11283
44916
94889
8524
78486
81458
33204
46979
75934
26188
38633
1551
88093
60438
79123
14509
41504
78391
12107
33832
82029
1365
89432
23465
26514
42045
10651
7178
88489
27631
84214
68201
96387
97312
10291
57438
7709
81922
33756
56141
13581
30021
2372
22895
12464
2195
5491
84745
9781
5594
75385
70551
18540
68534
94513
60816
80301
50062
52183
99558
23316
23093
86265
8002
24582
62217
25846
53745
18528
14249
382
10746
297
51490
67545
90821
48618
16532
66358
73697
78660
40589
1066
715
41816
64103
3806
85859
23676
45933
59104
68604
76594
42508
27012
21055
63422
11423
46348
42038
91813
10724
88660
26642
56833
5277
78599
45585
5008
31882
26996
90973
71543
950
83509
21088
9760
17975
85227
13981
67600
21644
50565
12833
64823
84806
69996
10019
60141
78263
61542
18381
8277
97522
82450
31363
38523
10361
99796
11905
98542
27121
53785
52942
18964
77646
39710
64142
18989
56360
89219
42576
16105
76502
57001
66529
26627
69440
17859
79661
88016
94138
5402
24054
62674
61445
15976
74497
18064
74646
45713
59208
73993
60495
39023
47486
65506
4624
87577
48295
55915
58216
42392
66959
60932
29059
65314
12342
20823
45847
71879
82990
54444
94877
88535
12772
12867
77778
52741
26105
81324
53501
97828
9183
11408
37992
82053
57679
19617
67634
15720
36515
50779
30201
99994
45402
6095
99424
44712
28498
81821
66926
49000
22815
94718
88559
95255
43906
96579
58951
6299
23905
53028
87192
68088
81229
6312
91611
41898
58948
94654
5253
35483
63151
61747
61149
7407
95139
22684
7032
85428
8808
54313
46793
4584
8851
63099
43149
33701
15488
84565
90809
43351
83451
53953
20762
83201
98075
76133
22046
27967
77411
82883
88776
2964
18470
86756
20432
4935
41459
71897
80243
47178
47556
68033
71473
37644
24457
39917
98322
24936
64399
40668
1871
76297
17133
58851
30814
51063
49430
24424
96912
20267
60572
71720
91718
84629
82819
40534
44074
29746
31742
85767
97886
35468
10325
96436
41852
73322
21451
88575
44095
46125
78763
35138
94770
22907
88465
6495
64499
35584
92841
42127
83390
85349
72892
45176
68369
49228
97843
85993
85123
50254
7334
54816
36341
24878
23542
35907
10691
88617
67670
35172
93638
60474
48606
4267
44928
4535
62479
99369
52894
84067
12308
21232
86731
43821
70517
70316
59925
88111
70472
98746
9498
76783
40641
99161
67035
2006
94266
62629
6272
37308
83844
98688
20630
15897
15329
5811
84577
97989
57605
82267
38517
6754
58014
85502
61716
99573
8906
94959
96372
58295
89408
49280
48469
49195
97999
41541
62369
65186
37732
83735
5378
7111
20514
3141
55839
88920
46894
47669
25385
98337
72443
87409
14329
17850
9345
17798
21399
4517
1438
58649
76899
80335
11142
89963
59073
58921
75678
12995
78855
76093
65113
10306
24634
21912
89338
53541
67988
54477
47745
52247
43470
88987
44822
287
14521
31254
48807
4749
4148
3275
2094
31870
45789
889
75245
92533
91608
75498
28672
60026
27094
6116
78376
44416
48969
23926
93305
72083
15955
70835
15421
97867
39173
89072
74701
19999
52576
9836
64899
10740
15479
98453
36027
79581
82764
23966
61658
28208
91675
73606
30677
41263
42960
18488
72458
71637
22452
92853
33036
71164
7648
99790
53895
44083
33716
81046
49903
82245
4160
26508
17701
43586
44053
28730
5097
68946
96149
33231
8539
85511
9424
55768
64789
36664
44889
36725
19196
18113
93790
28504
51963
10264
64914
59907
67386
85264
27347
88511
51743
86078
68345
43619
67936
45490
40607
5713
1606
64853
98673
51166
43805
62632
52006
91941
19782
35441
90589
92762
92331
45554
16312
92472
77360
96607
30057
89005
73954
32892
95783
88434
59824
67676
29926
56299
65705
7959
66260
50699
69703
46732
21000
60276
8695
57233
2637
26130
28260
98923
21149
5677
23478
68818
30134
6864
38386
93592
95643
18702
7364
73130
37357
70398
13205
51703
7294
61786
80945
86243
99961
6431
34974
53418
81302
37919
79883
37375
51038
25785
60737
9119
61814
77204
35926
93714
22538
52817
65793
3266
48111
32358
1536
43436
73884
50766
65470
57215
72999
3858
29514
89191
76166
39444
60346
65375
97236
60364
70682
32541
23661
19388
8268
3794
67295
48581
91663
14472
95987
397
93967
81873
24897
73203
26789
90207
55646
6522
45002
75089
63025
63599
6489
49784
89509
55011
73963
16724
43183
34690
217
75449
8487
52509
37381
74378
1487
3513
73981
35077
71921
38053
48490
24231
25220
39512
89158
79798
87717
97278
60468
39762
63004
56727
94745
44553
89225
65848
75315
65192
81882
99347
14811
3452
66565
37726
49918
64777
30509
58594
5170
94422
83655
38086
81406
34482
37189
48548
96851
66764
17264
25107
19025
30268
43335
9012
11554
12583
52082
12751
18516
2622
69068
97767
64432
44590
1059
68628
80640
98029
50617
11719
91880
3339
80842
23932
41639
76252
73230
37797
53730
70713
98624
9412
8671
84937
77314
38660
37836
45368
49793
85306
92884
96305
52067
3257
94602
34778
14359
44779
72281
82670
68470
1078
29261
46262
94455
90699
14228
52735
22388
70548
69822
95408
55390
99039
36692
80179
31910
321
37928
18406
81589
74631
36216
11573
20554
20902
12070
32169
193
33747
2393
91999
76145
96036
99134
98359
54490
88358
74729
26795
82953
16376
48304
69459
46201
46076
34610
91144
81055
37259
2689
93186
62668
77350
38483
17075
67011
26813
68332
75586
46222
12919
55472
28885
58729
57963
42759
44529
9745
45221
51789
84842
97114
66968
19324
56495
7892
58817
62763
63935
11887
55085
21616
77152
64631
31482
72526
81986
96879
10520
59833
46525
94477
82117
48649
81122
45517
94571
9516
61912
12385
89893
64878
84534
40320
32944
12372
40430
71439
55131
72742
25132
32822
99076
23508
57145
55887
49332
84119
32004
88785
58256
27170
81208
92576
52485
52121
68436
47449
11606
46570
16358
62000
72889
8256
13642
66297
42066
43000
17142
46140
21805
7844
74836
55906
44440
92801
31397
27607
33619
12000
41160
96317
62647
4325
99027
80457
15290
78635
60926
59961
72165
16547
19105
30481
71134
77851
3388
99976
91214
18204
54011
89591
37555
73545
13547
31833
41932
27268
42865
75724
4755
85190
40278
38932
41996
24076
57911
22544
77326
61808
27250
22330
33942
12250
348
29648
23023
62888
41871
49531
47837
94373
90757
50168
29685
34754
48179
40448
76706
46656
27320
47138
29078
63651
96558
16901
52152
47159
41059
29004
87061
53290
20899
74219
8872
81959
98884
87555
9208
13236
89878
11545
97263
96167
42765
90799
50339
20688
33002
93628
86207
66111
52674
26734
72974
79151
25480
43235
15784
82566
93332
84476
20368
95820
36835
11432
45441
67801
84153
65033
41907
74775
69639
2839
5289
75513
30887
27567
22446
22181
79969
55298
74207
59879
94367
72681
86
88944
14771
93229
48694
61405
38761
71521
49769
55588
40574
1639
25626
12678
31608
61268
26975
43119
96070
33637
69123
53687
25245
47995
16846
21274
44013
41752
51615
93552
79313
16422
14850
61536
31846
29944
14454
55231
84107
91477
38209
13166
51972
83777
83899
48731
11927
67765
74683
54737
41218
6974
7581
83558
43573
67774
87464
86420
38422
10813
53629
64423
61197
62424
38541
70337
2762
93616
50504
23273
29297
24302
91794
6571
36231
91639
28861
47815
94666
74662
71018
87592
11298
30088
89090
40806
58152
9156
49549
98081
10145
49738
17692
53962
73716
46110
65082
89719
20316
17478
1673
44452
12784
19504
9064
26606
19175
44306
95127
9864
76514
56632
88126
91901
94343
70096
5509
83927
72046
66819
74381
13797
80143
68839
90894
53599
43775
60166
47095
80817
29566
30335
73346
82929
91892
58002
71036
4462
8429
88306
4917
73899
30475
17627
84076
77363
59015
83741
94928
85019
89121
69751
50379
86994
53519
39231
72590
11185
51716
77656
22721
66755
68992
93195
77277
83768
88627
34021
46885
24668
52601
4300
34800
30408
577
14164
88761
82126
2332
40781
26697
46378
88480
28171
35270
12949
492
34849
92115
58875
11237
27906
58173
94977
1108
84983
20847
61289
56205
13740
83185
27689
72513
76761
47498
23951
76008
30246
53016
33652
29029
57734
69874
54685
85456
90030
68018
79578
77448
47230
95386
27842
55512
64570
60419
98172
66739
99680
80204
89802
49048
95176
30433
12079
29822
63703
25284
82547
20090
86081
34031
23493
59424
70585
55964
66044
18766
16926
87781
608
13053
76230
86680
49665
47306
62952
20679
77195
48508
42692
41034
78348
37250
71390
50327
60636
86603
4566
97599
12336
60569
18021
90113
83527
6836
10279
8075
13999
74582
19367
63962
67692
70853
87607
776
92618
72492
6940
65156
61130
71729
38474
1597
40079
68766
71064
25867
66465
44120
39051
76923
52
6653
72776
18699
44791
45624
41242
1734
49244
89362
99326
37742
67222
62015
87833
50052
83594
85071
6537
8014
95099
38495
46595
3480
51142
75220
13032
19352
91532
81788
626
17011
10935
55335
27353
94434
17341
97580
88398
31440
14649
60254
53129
79343
54511
12629
2219
3953
9031
66535
30628
51264
43564
56736
96048
7395
43165
90500
79596
68110
34870
78058
46943
8384
79496
20990
36109
29722
70798
15360
27665
26099
71567
54651
1172
7462
50190
74320
77594
3040
93384
34070
97098
8762
54465
69001
49161
87427
70011
77503
62497
71180
37092
73484
16367
97104
80008
82682
79920
96467
16511
98725
25644
13013
4880
16123
10953
3888
63859
4487
60392
91089
58393
35004
86985
87620
92362
25004
45420
7569
22706
36402
10996
19858
3739
30759
93342
21653
20148
27781
17774
63996
98823
27878
76066
74424
53666
67658
98441
99186
47843
39835
97703
23432
69385
73459
64249
7779
38837
69349
24396
68653
12815
70450
96265
40223
95685
48063
17487
28446
54041
3357
22562
77109
86130
63682
60672
49729
9922
73566
40387
12320
72968
37461
30518
81098
85877
76862
2082
96656
28748
5298
93293
54068
60303
13212
72989
88102
44217
94388
77744
37937
87763
9318
20017
28586
41889
3693
38282
54035
32172
53583
70081
83820
86640
94852
23841
15018
40030
20496
9220
62549
19602
46982
57981
52701
10380
83796
72568
84025
51838
85370
35230
20969
27826
2253
77701
54703
23551
23588
73642
29657
24036
74482
9858
31238
71641
22501
99524
86600
67396
19715
25831
8133
76996
2057
94309
91593
99894
48496
20115
58063
3675
38315
61707
65854
36649
8835
77433
84357
19944
32136
24592
52475
26066
28241
52039
97950
65714
14835
83518
22135
68821
70038
79041
15165
82654
12360
39850
13407
59195
85938
56949
45832
9504
69282
62327
41800
50345
65391
3446
74051
54944
43058
9522
76972
30195
80082
15757
60669
96256
41578
52640
79419
72761
6006
36576
24021
64029
67582
44330
27411
61582
88669
29096
98899
50129
66691
43549
46433
90531
89695
1648
66620
64087
61640
77298
19242
69886
19645
4654
46027
59604
2140
18342
53657
19623
55372
2518
32438
75028
60911
30768
71601
89603
9540
91523
79325
81498
18821
67896
65830
9662
52961
18635
75828
37848
61213
8658
35950
123
35697
84708
24555
8359
28223
87180
7551
7538
4139
45084
99412
56254
76404
21827
15671
88068
50788
10407
41468
64609
91037
25440
52280
64585
50306
71851
50864
39713
73462
12720
2845
67649
855
68928
60010
55695
47336
29838
79535
80387
53351
81894
90107
93116
94285
59049
29255
81342
63672
70765
27628
53794
90680
13001
26331
57670
925
3626
19639
51539
78702
7303
70807
77036
77640
39405
49085
28040
38419
69132
21164
73655
31345
36716
76432
85312
42057
51603
83579
98942
89634
45249
31214
57230
50440
38041
80533
66218
32520
25028
15238
22477
44245
63465
57276
96283
10862
35740
68198
52500
24469
18247
81061
97049
94111
21329
36509
15052
32908
91688
26899
45353
78553
72202
68064
3946
80222
63645
34595
34205
95719
65030
30292
53010
19391
40870
10709
6516
6916
67914
33817
40192
77335
34122
17045
87497
61002
45649
97519
57752
7230
85654
31299
13230
93403
87046
17460
51764
5460
11655
62961
84055
47730
88999
49079
22211
82334
11786
73368
55594
32886
3000
4822
67005
6421
71662
73099
97257
58487
28626
54542
77601
86042
37760
71738
48905
29126
73591
14087
16584
94697
49595
72660
2714
59516
66166
26719
52228
1996
92267
74766
45011
14994
11066
84452
95487
64744
99512
38791
2958
27726
22336
467
97538
39347
54578
87876
26923
41361
53647
2012
71152
36805
23298
55408
78501
98221
47199
33628
50974
88901
95594
92954
81266
75959
43897
25773
11878
41916
2454
904
40064
61207
58356
20481
94126
25379
57416
56476
57184
8057
4307
65436
82621
27494
34992
41941
15342
14686
8994
71848
17554
37131
97831
7203
13880
80649
84928
13358
89167
48435
96613
12821
40366
43122
61936
40723
28602
72806
49152
18509
90363
17466
92215
99317
97797
74659
5686
8570
93036
92432
71497
63578
41440
8115
47547
1334
7041
53455
41605
66208
84339
6849
3486
72709
60553
56904
67923
63721
63953
10392
82947
25724
41089
42627
42820
50104
67112
13328
38352
42228
81669
69266
61332
81312
83933
99759
4615
98865
20890
41391
77997
45038
55155
70746
23008
36631
7929
90964
49119
32419
15253
27704
8228
72214
72184
5973
1514
79386
63367
58707
40964
81852
64835
17905
33112
47977
37433
80619
72541
81336
55365
13300
80622
361
75995
83942
20279
61371
37171
34226
11261
879
3730
23575
34617
84720
85663
36850
10560
18958
78193
86426
62992
68302
80903
39591
53858
90873
71509
75699
62922
64737
92228
5149
81791
51093
34235
34934
4093
83259
53437
90525
74439
73060
31595
75260
28592
32953
32746
66883
2948
36548
69892
83152
13486
26352
90043
26755
50815
93021
48389
10886
63904
54365
94968
95109
58060
46708
46692
6791
56760
71210
7496
99872
38804
31803
83973
37412
19498
32044
66315
51774
56003
24976
48826
51246
8506
61139
91419
76810
61081
76127
30222
57108
1499
73392
33042
95823
20936
6827
8881
419
51996
67136
13572
12681
17002
70841
95673
46824
62659
18564
56782
25855
12937
82398
91013
36777
66837
79770
99711
21100
94105
71128
79252
5411
21009
33829
59418
20478
35566
94849
107
2076
94465
44184
52234
29435
13080
99271
35062
20121
52619
2552
34269
77866
79102
40406
99405
4017
28940
98975
4578
79175
6476
74460
35599
33893
568
50660
43842
94397
11503
35792
5347
4908
25034
21982
69819
4175
53382
51621
41623
31046
7148
88053
30393
16803
30698
79368
83149
3092
55790
82410
24836
24988
9376
49695
22373
29661
79270
42264
97620
69977
73319
6223
76496
9607
64225
27146
42176
83326
16285
8027
42414
91697
80356
1795
18351
46723
15519
33283
99885
13379
64005
59031
30530
3232
24442
39377
42075
69523
57587
98520
61277
63544
93482
37681
82807
50443
58405
6556
82068
50641
48978
78122
21930
73670
87317
62293
44382
91071
51926
91401
43082
22397
97342
19138
162
74326
39921
7093
93873
53772
11109
27735
40174
66263
71244
95792
10798
1722
86515
13318
34495
9907
41663
51597
93152
25525
86185
39264
85541
54072
65329
17588
16443
37671
72107
36902
13944
21171
16599
32453
29899
15333
27088
64954
26270
97440
49418
94080
7950
54838
40543
57883
6745
48758
66086
72840
94202
81174
89289
56592
47147
64945
53193
97001
70047
2906
37153
45728
36796
65162
65284
16773
60843
16761
83414
33902
20099
90467
75602
66935
43693
38239
98844
78202
24903
53208
63089
73868
75113
56122
52363
12891
86155
42511
73075
48261
74759
62021
74149
46119
20960
22226
74991
46186
56388
20228
20255
79081
76795
12647
98874
46314
41208
66099
10358
19443
54563
54029
60618
12735
63224
51633
3132
40152
18152
82795
58375
90094
5964
24222
1325
40149
62760
24094
23414
34314
4557
30256
58103
67106
90339
36261
88678
63865
70203
27240
19651
85737
79075
43302
76679
59626
53840
15229
29374
50724
69101
36469
67460
95514
89917
77805
53849
28028
57245
4111
40564
8210
63514
54581
18842
32193
71775
77555
504
30417
16651
13453
72507
62305
16303
81531
10190
45252
57526
6959
74109
80777
57642
80051
65525
78547
74967
19459
65644
89615
559
64518
73307
39393
14307
60877
30155
29325
27543
59803
69642
60135
93796
31827
87366
1832
95234
10761
33256
41025
29282
75187
64209
36609
31333
25812
13370
14713
33402
9122
83884
16562
19663
40894
33805
47019
45920
79249
99643
99158
41327
24943
12424
14725
67835
72153
51410
55854
75654
27512
81656
46488
87217
95340
43622
53177
49173
77161
21039
13678
45194
35782
28571
11628
8817
63270
89652
71781
70301
18128
72349
63639
28098
55423
54249
39301
22745
41236
6028
23133
14255
26432
38755
36005
33136
26984
21854
62934
78257
37220
70987
49503
81168
46213
36936
14655
33735
20948
25766
78498
95630
47214
90271
44227
83539
28013
58793
88498
379
53769
2466
49964
78891
24866
35969
94495
60325
44565
20813
37101
30848
38724
79447
78467
60044
83469
74308
15302
34824
83271
23743
88724
6684
96991
96195
37513
15836
45392
40116
3202
92518
73090
7828
1526
95289
78010
59147
38538
79944
22983
42719
31446
67426
47434
19434
9461
53806
14057
34293
73389
70829
85050
35987
3986
66669
12568
47803
57859
79188
272
74006
20237
22614
23185
3895
23334
56510
97352
94248
69468
31583
75419
22855
9174
16684
9144
81473
92344
33216
22880
37864
41004
20859
62827
94220
72440
37717
40671
3364
19956
5982
14856
76352
33069
12232
22083
62159
6089
29154
78800
88349
94684
21155
60785
46610
77176
27393
41187
85911
2485
50544
20542
13285
41074
47025
49521
53971
16788
2421
49268
14408
18610
93207
65864
60965
27839
87146
71766
73630
20707
30347
48533
14911
78480
55622
94996
54264
72254
9330
26142
87958
24527
32218
35645
17450
35874
82999
89475
38178
96900
14936
43207
71558
16089
36472
32499
47089
88389
83194
53040
45978
10465
91492
32532
72193
33484
19925
37073
52985
92862
86228
19205
21628
80289
31940
33246
15040
82285
18613
84662
84406
5326
26822
47284
26423
4239
33927
95725
87970
37635
15561
44745
92429
30924
48163
95459
29212
8738
37452
19056
80829
91745
78589
65738
57569
9406
28562
64615
65571
87867
77244
1386
81193
61075
64350
41276
31312
79847
62043
70273
16440
53614
99747
46952
85257
94016
32972
95896
88218
56583
99619
23731
59342
84766
88825
10532
25571
89679
44892
18998
3568
50315
824
45963
96836
33017
80079
50043
99732
27033
27115
71232
83066
34675
678
22013
36817
32581
3595
16407
80799
86921
12003
56428
29383
17945
12665
53739
35141
20746
74827
65223
3171
52598
28699
59296
1304
92399
62238
60727
13843
91163
11121
38230
4975
83164
23761
70902
8756
58747
53467
88935
2039
76447
35633
62507
46851
8124
86832
84345
57062
10117
42631
67508
22208
55320
30381
63218
19907
17289
46329
83988
88257
68000
16117
39673
51758
57822
90943
52826
57303
65299
82071
10495
37806
22080
57880
8518
84092
41962
24753
93992
45688
77958
28272
37082
78028
63163
4273
75916
50290
23069
90262
6333
56791
28406
69938
50199
22913
80497
85602
47367
52720
15046
59668
16816
47660
85907
30552
6244
8967
23038
79239
2656
44593
67521
33460
47379
9964
88459
23725
31699
57746
63816
18305
91282
67942
57682
61857
81424
19565
85282
85743
27405
15622
34339
9089
99122
71103
89386
31107
75266
23282
22635
18912
89536
10901
84186
69626
17527
51346
68256
52927
24314
89185
39579
22641
66486
13801
99332
18253
5539
35309
73160
24137
45298
22178
54630
36759
25303
84730
91755
15497
15088
27744
4471
33277
10682
14673
51334
73475
4868
13779
535
25339
9690
36747
45374
77829
76340
98804
86783
19971
89341
43528
11341
47513
79026
32920
98365
35779
53492
24860
17722
34321
18741
63834
78946
72004
2878
35416
61558
97727
32105
90320
69620
50089
34787
72092
51273
30170
33344
72416
85053
48038
60376
98691
54160
61115
95243
63822
92151
8048
36652
59617
82136
91465
29441
15864
12119
41486
59672
35550
68488
2417
93851
52378
65360
47876
25709
15601
18882
44874
46576
33475
78351
19098
70362
32151
84919
47901
51825
81431
22947
85120
51548
36100
68442
15879
63978
73679
16266
11152
51212
3104
55811
30320
66288
83918
29880
56183
33997
49625
5530
42252
60514
89396
82102
18418
32963
57694
20865
34556
2738
95044
95020
99173
40958
68903
21402
72065
81611
64216
36445
96497
83753
32932
31547
43061
2707
49454
12397
22306
78019
28043
35492
9250
67478
76871
21833
13505
93351
35669
81919
86176
49131
83439
93128
76395
15436
74930
21998
84794
71964
98572
54389
86023
56315
23996
51877
18802
44681
19477
39625
82834
53068
62800
72602
69254
867
97181
48191
702
48554
72788
53153
62870
4383
54496
34308
81504
98713
26413
27460
24643
45109
42289
7377
67304
22486
80472
96479
72300
52771
92289
13895
18219
6461
45466
54337
88898
38212
67731
66419
24387
40140
69864
583
71573
34510
3214
14545
80518
75818
80900
21790
69211
27756
26059
10621
57337
31571
36249
78119
95875
69535
19373
21320
85557
59525
37299
58692
38898
89451
90009
44156
37021
16169
25449
9235
2262
45344
32609
52552
58350
98594
8146
91626
32392
44614
29920
34174
14444
43290
33790
17240
32673
46628
38117
5762
54416
28852
17258
15183
4401
39963
80131
8405
5088
70777
33335
74033
18033
21677
10962
55481
40732
77781
20878
82700
21882
86384
28718
98258
37604
29184
47046
18668
93094
68360
80027
80530
51282
83332
6409
13413
12693
19843
80579
44495
81907
21372
67148
75718
12571
61490
18076
64374
25144
79606
13480
44513
8729
28772
37659
66544
29758
20661
54453
23795
5195
52454
25123
47324
59467
73758
28
34641
83616
58277
92096
76011
9958
96076
46964
48761
84464
8286
65812
82572
34702
79398
61524
41990
24549
46512
69727
33692
88196
93848
94352
15598
8152
47266
29340
60712
95087
73420
23169
11820
94318
80732
18924
14173
28797
77140
39939
25049
63923
66065
84290
67875
28351
66309
8622
61667
69224
54975
83039
21558
88956
3666
26706
39493
8188
1749
54908
74180
8542
77009
2442
34473
40018
18439
29850
75324
10010
23075
69480
93931
91556
92637
95588
75794
85978
51981
94336
46634
94950
79807
25364
70817
25672
67344
32114
79526
28879
5802
50806
86274
25019
53571
42893
72013
64054
95997
34534
67087
54877
90647
36826
9195
91102
42243
3916
4957
31540
25351
42649
4084
7285
2680
20783
187
97016
83085
40687
47120
73533
8231
21698
89094
5115
3547
30546
86237
21958
38697
15397
79468
82514
75199
29719
8396
39258
85300
18720
95115
17743
36084
64808
51240
91550
70066
63773
50458
12134
61677
62443
67704
51551
4813
16700
57764
79163
40696
17667
96094
35572
74595
1212
53345
53086
79136
13306
78837
55549
45780
39536
38303
31714
82081
18000
12806
78714
83103
69837
60865
14863
13614
51120
20508
50242
60077
12537
38505
72815
5393
54273
86475
22342
75864
86106
45862
33323
41260
58426
37501
57160
91056
96128
76557
88758
35300
3028
63694
30689
23591
35538
5781
78824
16178
56708
71372
4999
42371
62339
27588
91276
81754
53080
83957
75202
16071
12659
56229
92450
87830
25062
86765
956
52027
49888
2360
99628
60703
91373
4169
19892
82902
97053
24167
1703
85474
52298
76185
80420
25263
52164
49292
95841
78077
92658
75403
51395
91926
78098
42707
6165
85135
65601
91334
87882
18931
9797
51078
76090
71406
3834
13083
30741
44428
73429
93241
66642
21128
23011
3129
10102
23246
7325
46531
63569
46412
5643
33530
98282
11384
58655
24015
35480
17533
19303
19266
85792
24610
50116
98060
79813
65763
47352
86533
84449
86356
89036
59485
3068
92243
60810
61469
31669
23160
76667
33179
74531
69693
40372
48621
7233
25327
26169
86771
68641
62803
74509
37320
986
83246
24476
5265
85627
43262
4783
56919
20466
29868
71796
74808
11759
15821
50239
80863
239
78293
14469
68528
64982
87928
91837
38642
84482
39820
81965
58564
53135
48954
77836
46247
17103
82316
95398
81186
40983
52512
64191
69483
32230
54184
11988
14026
96219
62003
79929
81778
30112
89518
73514
94230
39646
76172
96680
1148
65134
92402
30280
7993
85166
30079
46042
61982
60294
72367
32282
1127
53324
56336
88376
47983
10199
62452
46937
54352
7523
86493
57502
71488
78403
91642
13443
56437
11683
3708
57410
89499
80668
82346
2778
6583
37339
23377
11570
79569
83005
99656
59266
33722
33573
92313
70731
44486
27387
22590
86069
55921
92792
37894
74369
62394
1230
90488
99497
46552
92081
42478
87400
32380
4358
48511
64356
5872
14185
73588
11823
25495
36493
56199
38953
83356
30033
43427
89542
23615
32694
80292
98792
85965
51914
74332
27326
3437
90516
55265
26218
42011
4712
46308
3183
83707
10718
39081
14670
21589
26578
60758
5881
88590
75855
96509
71348
41520
41956
16233
71366
30878
95423
60584
96412
95569
97876
21778
60883
51322
63123
29551
80091
56894
57578
40293
80790
62317
28806
54255
46848
72175
68299
72397
70112
51948
57203
57251
81040
54722
53885
64069
45792
74741
41065
48234
61695
43046
70127
79908
55182
32444
90574
18149
43
72629
26728
29999
52256
61399
7715
31632
99933
60907
16718
39152
11463
55799
83674
43094
66828
55802
59858
31470
44953
66480
58716
12024
28055
71021
82828
30585
42139
26407
26566
2921
73401
60184
29203
14908
47571
75123
41684
60288
92411
78809
75174
79218
63794
65265
38196
90052
52588
96735
78629
40491
30668
87668
8610
8457
90430
6785
94297
65009
78760
22123
69690
89798
76734
88541
98349
95972
7023
79551
89817
84397
315
56693
49939
3998
86438
9275
916
9647
5921
13596
66071
88807
8793
19166
24241
97608
76078
30976
70865
57013
38398
71323
85672
17542
93888
46198
39753
94639
23359
32984
34250
67234
71317
80423
71982
71079
55896
54325
28388
98481
61515
38678
10154
70572
58411
93174
41099
1810
98740
70420
3684
68244
42469
22434
48682
39435
57294
31354
88840
32035
36387
30610
1697
69086
93238
39527
17606
57325
66172
88599
97483
97898
43250
54380
75278
44138
89683
29908
47471
53318
91157
70267
21842
24823
12986
26026
10099
35425
64307
14560
36487
29307
41706
73972
46869
20371
93747
9977
45664
49747
79783
17753
15070
45945
82435
91568
27860
6199
7447
73923
33054
37812
51011
14390
74527
76212
16193
47739
56559
83832
80591
73041
13932
78422
88733
3284
15552
88071
78602
34015
69663
29319
95694
96662
18042
78519
64072
44449
96427
91843
37195
89557
9101
16523
89319
19343
81696
13840
88685
22675
45990
59302
42197
74570
17228
16001
96488
55216
96326
8716
6214
25226
89988
89829
9818
86942
26636
54807
56669
56366
51368
54535
48060
7486
2814
70142
40336
97144
23050
64676
16279
98566
73133
51853
27213
60453
53245
8600
23487
4859
20597
62851
64686
91810
66514
5637
19889
12089
91254
76471
31379
18329
67173
19120
7721
50709
39658
94916
55829
65366
78617
5231
80680
6034
22968
24680
70002
63199
50718
77024
82203
35862
14539
49631
62272
36948
16483
60529
6125
57972
34369
55439
86951
50416
78412
15375
63248
28461
81543
85026
2649
12903
31208
17573
48026
42151
40769
84873
32389
98163
59504
25345
41651
87772
18778
15647
43680
12476
22519
11008
940
16227
1865
62525
83262
96134
75754
77042
8069
11762
21076
55170
55933
4349
45923
46476
5216
14335
28348
66449
62989
91959
52134
30567
68796
61341
14066
45710
97471
40107
8686
40217
54294
71082
89933
22867
34095
43555
89530
31247
66196
13663
24119
28998
22318
3937
43592
22407
28373
96637
2234
7248
93442
57596
69773
60700
82010
11222
88138
55460
45029
61384
44391
72425
24845
88318
47101
48343
12952
92722
56577
6510
40204
20521
94739
69159
84031
48417
8103
99726
22104
62146
36673
36338
34766
97321
20063
63059
78159
55875
94449
91868
8973
83219
59446
47349
51819
2521
88364
54777
24738
74064
29499
70978
58869
87446
81077
79068
59693
35218
73447
30790
85010
16736
60199
12012
87473
14921
70350
965
91770
97919
36301
13559
97934
76618
19773
15156
25159
55607
96622
52524
12616
34220
13154
77683
6046
58512
52668
23407
97699
85108
67890
3425
14036
5124
30631
73798
39206
15738
43876
14737
49753
56055
24930
32206
65726
69150
17197
54133
90778
14295
26908
73942
4001
94538
28000
77564
62253
39383
59553
60315
87949
29398
51462
10840
56049
82032
69242
5668
73169
11472
61454
14216
63071
91047
79310
26749
60065
3052
37369
69333
85084
32349
82193
88712
81150
47068
39460
71592
41334
36155
99955
86701
24766
77668
1719
89866
19419
99198
32502
89029
9437
18198
60032
69541
17655
15027
84638
37772
43442
45270
40284
25470
86033
78086
67191
8335
92823
35712
63486
51862
6373
29480
76273
72376
87375
25596
59943
67688
29175
93073
45319
65482
9717
54853
11414
39771
54865
44813
91889
21543
11500
77814
69315
98304
92710
27594
29242
46872
59574
72611
37043
70939
46238
17087
98838
93052
33542
24204
86377
87040
31171
47947
85325
88340
20325
59595
42655
34290
25654
56211
93049
49711
56263
30915
78229
43662
91828
43952
36619
5546
15799
257
60898
54792
55738
34006
52115
77286
16065
14148
48710
70432
1114
51890
33536
30018
53364
54966
42542
72669
9165
34430
77540
50525
43998
26346
68149
78913
17371
26911
33878
88248
17338
71940
42786
5759
98401
48792
74555
72672
65955
6727
63733
44040
1902
68421
49585
73115
85782
95029
43131
89759
95212
81644
65415
34449
40845
98313
35349
93265
64963
7731
7636
50745
90918
14634
10483
91117
31424
67450
43519
58140
44343
77387
14121
99604
61835
41562
93815
93949
47056
85352
5588
38971
61969
12485
98652
16633
19822
29963
59772
13816
91099
53095
96909
36890
85837
20728
57343
28309
84586
34983
92902
18894
21030
8198
45130
5060
8167
79337
54346
7685
42731
50736
78974
85172
39359
93754
23801
71692
18427
92072
16999
16334
37427
88175
82892
68479
72388
53217
26557
34150
68735
51188
98938
45618
37769
76246
41175
89231
55063
51682
77982
94819
93146
68155
77909
6186
15683
31815
64100
77698
1783
95444
8304
92814
9137
56885
54126
4545
75138
20154
62781
96720
21528
39292
32810
84308
67338
88160
68671
59275
57724
67823
71216
38074
7477
36295
1984
55573
68747
26328
8988
40882
58463
99466
66636
49823
50355
94257
53422
36283
14237
34852
45054
14112
17808
23945
81232
20536
93522
4395
14603
65421
38434
82230
52842
93531
48444
6385
58686
76362
28534
9369
71811
10874
23392
86908
72599
98469
87024
92750
85715
55777
96723
75611
1285
83298
78278
4706
21863
62909
42795
92542
4459
24912
60972
67130
58661
93985
22809
49900
52314
25428
44709
13761
6101
89567
6962
62034
57169
63398
72864
23630
88270
86854
73179
87262
79709
22669
21207
89710
44126
73914
55286
73026
72410
52793
87388
39985
66391
98969
85438
71225
83860
269
13279
86625
76566
61069
303
92521
86503
21946
64716
57902
95301
83317
54664
90223
8243
47526
58045
44831
52686
29853
75110
25419
17182
61045
13141
32325
11060
52863
22199
2851
70502
58527
18134
34137
73252
69651
41843
22971
87589
5860
86402
55506
82523
37113
95221
50849
92237
8954
26594
46393
86939
56165
60340
54502
7459
54084
40262
28113
26090
58835
86976
54233
87912
80686
45572
60157
77234
80161
94486
93363
55021
99668
88794
37909
1316
55039
14808
65058
46909
40873
57959
50953
437
54789
12195
78040
72648
56342
96201
97135
36854
13270
27649
9916
98420
35013
78458
34632
55225
42450
92624
79374
90131
37790
41675
33225
79358
42533
70951
34433
62204
82291
14789
92209
44407
770
34113
34086
16666
74790
39078
36683
50687
96454
34577
48655
90375
84830
62690
61167
24436
27070
56562
78962
31089
64463
75455
20105
62116
32728
81522
52356
20334
24277
77451
32468
50080
47962
87357
35383
15818
13639
47938
89267
69599
66279
26114
43924
87940
13929
41724
16984
91398
23365
68561
90864
28769
31064
92597
44843
33292
92328
6391
60117
90415
96784
59253
1771
87018
99088
90842
59226
71003
20191
92127
84437
32279
17402
24616
99213
48313
56717
85730
24357
99225
895
85981
53309
13
43473
31644
3318
71613
12882
99762
40922
81724
70524
19706
66187
59641
48777
76481
32563
47608
63257
96018
22416
32593
25315
22956
83964
31925
53812
30945
7880
96796
99772
98581
85883
79758
27714
72553
89423
4792
54422
19816
56959
6205
18378
51355
82493
73633
41355
3299
84504
14435
17838
50010
98438
94031
23218
49128
87009
49051
53937
93470
95356
38254
50583
18284
95939
74891
80805
83875
12272
40915
34656
69355
3644
38880
50388
82538
84430
94562
5652
70298
31131
29795
39997
84382
18491
21256
57633
15699
75739
690
5048
36912
57627
76853
42905
31156
52265
58075
61768
85526
37851
51932
9058
84131
86445
85383
75559
56000
2146
19867
11219
73002
58988
47699
15940
14399
75980
26963
38859
82425
11844
24531
12046
16559
91507
41102
59540
20780
93003
47181
95942
31525
1542
54609
36582
95035
93287
30427
75763
4197
80542
61185
23090
42527
82239
65171
24778
26948
53708
94162
45603
12034
1505
70484
62409
75562
3782
52695
63340
81748
81949
67719
6458
80759
2549
76700
75886
90635
46409
96186
14072
96448
84818
5912
40052
29487
89835
92142
79676
23771
87543
56522
2045
81464
75895
67511
57352
52836
61792
32422
34409
87800
36710
76822
28263
16343
77717
22150
6888
44852
69739
92008
96280
69941
28238
3168
65253
35373
39808
41926
43604
88852
74695
56305
10502
86258
15912
89579
35126
4947
18909
18653
94089
63413
48395
93326
28324
4365
77881
31946
20402
89329
60206
3394
9098
67746
78174
96958
26172
37125
85944
26294
65049
61954
16150
73871
55558
13120
86118
84009
32029
48456
48429
8469
70322
67069
38456
71747
4416
55658
57053
13389
80436
74448
13727
20344
55842
16132
43631
11356
18009
39640
38669
27228
67359
96570
29365
24329
25235
53913
53476
67792
29139
8643
12189
44022
44660
14496
42145
72849
78879
4645
86524
42161
18473
64405
27204
998
44291
37876
90616
36115
35660
15665
2723
76722
94581
38138
67975
2796
10599
62195
138
90983
66361
40485
27430
56763
53168
92557
62598
24292
71045
61033
57285
86744
36536
6598
11338
26078
43110
16245
1893
49259
61927
39692
59940
64386
91425
18784
60825
76453
20832
53949
72025
57453
17054
61106
25202
20633
733
71808
47538
31959
93546
51108
66788
21799
93976
5204
28003
78522
42273
44538
81632
39506
55179
4633
30356
43839
23310
10239
5735
88849
87659
27533
17963
2668
21268
17026
27698
98771
51676
95771
97428
47315
73380
76056
68390
3223
54767
49653
92588
21494
27793
58313
31513
48362
6281
37693
98908
91245
96229
42939
99808
22422
33384
29276
46085
3534
47410
56278
50226
60224
55253
84208
32068
85206
56073
99305
74244
70875
47852
45386
99058
49491
55976
35859
96335
29502
21116
81818
7139
64506
61973
65668
67536
66321
36078
90836
45154
16858
56965
60447
92252
46467
93165
46430
35996
48575
91230
17688
74473
99112
81675
93732
59153
28400
24561
24729
5555
47922
70652
56116
85447
61060
15888
96152
51670
89139
29981
95276
79642
81247
52466
65555
42615
31879
53449
760
94190
63743
22992
10218
9845
14487
84235
26249
61243
17566
65696
87162
9256
21219
15458
62897
62513
38715
2210
89765
26807
3763
45475
56870
83729
80930
2109
86060
95661
428
48328
58234
28925
84754
34278
75232
69077
66623
59354
39475
78333
52726
41135
64258
78959
71918
24103
50800
94706
76548
1590
20023
77680
55539
11722
97373
77085
88883
57718
68223
57023
63941
97657
24503
87140
61365
87079
63770
57270
27671
97922
6672
3196
55149
5622
76417
15986
78693
7868
53672
98246
10312
85822
93476
29581
75599
71119
52103
96293
96750
1392
38065
85584
33143
67280
15125
68989
78309
3409
24967
62342
22571
8637
90354
40003
19877
7990
62433
64139
15961
70759
85758
73557
72925
34528
89042
68512
29801
8219
21488
83787
33130
81937
64451
25052
75904
4221
11936
4065
84696
33793
68320
76120
5604
17869
82148
52851
60053
79197
38981
82502
9589
32929
43912
1166
73292
17600
94047
10782
9876
32129
6348
75425
21183
68580
44260
26780
81412
44510
43689
54593
35917
47773
27280
67576
42688
516
14283
17417
23688
48945
17127
51700
81577
93897
24720
10550
91584
51221
50751
11634
66852
27891
95749
72754
63279
60837
9546
42923
43293
90326
17249
24793
63184
41553
11139
48749
98005
89271
71839
10068
84516
65836
17032
80723
28953
78672
79020
68760
46256
58548
31116
38553
89954
62241
36435
34412
58579
18979
44944
90598
54288
36973
18314
62482
91578
39139
18052
53565
66895
95838
11167
15247
68955
68772
90723
27021
12504
36173
12769
14582
48121
64472
74225
22004
37143
45078
14975
32786
5512
7770
99436
58112
89585
27485
99686
45813
32364
56550
57706
20133
33368
28901
81849
29633
41416
71589
13181
14319
41041
83713
26194
97333
77018
89359
50397
39182
99103
53827
57178
15415
61576
34055
78446
91706
59748
27656
97031
89109
61429
20441
75950
26468
39161
12204
64158
23111
46808
30069
44938
26157
98642
88813
660
71976
32319
96399
56138
28135
3718
99598
29062
46662
19037
92026
18104
25742
11741
47037
34354
99070
29789
27616
64722
43213
34516
58979
45640
18686
73340
97025
72489
18760
90085
88291
46546
15842
69275
50174
45282
1096
13465
9556
92490
58841
86582
97739
96406
31708
16413
78049
68549
87671
67783
92389
82096
96753
37977
41733
55094
76813
91736
20249
69095
58222
95496
70405
88083
60544
77076
99814
40793
75348
6232
38019
35117
67048
40745
5845
95868
22233
26389
22837
38819
64930
34717
15906
35523
36228
66715
84241
49369
56940
31629
45337
98667
1816
3873
97635
5698
48188
7001
60215
34726
1957
40348
71869
1450
64325
57377
90125
745
79654
24009
94544
16605
11512
2759
69416
92661
50019
43973
525
3086
74119
72056
41376
3977
32752
69202
22034
33881
44761
44339
40812
59888
89774
40098
31562
35721
57126
2222
44645
4102
22263
95432
62949
52933
58777
35898
54676
47388
97712
43015
37397
21470
47800
58387
10441
96921
75229
6260
4606
21729
22355
38599
56391
73200
47501
21879
96363
10828
80320
5958
23658
10242
77762
3507
66904
59958
52549
50638
64979
45768
4780
79093
29102
20566
66605
65876
39069
96341
18165
10389
94782
86289
29422
78666
53867
22785
49817
25666
27778
76310
18229
226
70380
17179
94809
98209
20359
77213
17167
2341
17325
31031
61509
66126
97980
93650
42215
54633
41773
19526
72120
52329
73502
58143
98218
99384
48633
45859
52436
90064
77051
17939
58036
92457
51157
47422
65098
38007
15659
2244
58994
19077
40656
74256
69172
12848
83393
32770
41474
48340
81116
54096
88276
27811
75303
77945
16575
75336
24042
56403
57386
39039
80124
5561
19553
29142
30954
6608
62095
69043
95658
30982
2121
34076
77897
3559
38147
14197
49466
52018
77482
39975
4242
24811
797
16959
29599
91779
3660
71415
50211
3620
64667
9455
25995
36329
42725
4670
43073
62613
37958
57081
2167
69675
52652
23719
48401
93696
67484
77723
95151
16868
96537
33353
18641
12211
60422
90546
82633
2537
12595
63450
65000
16913
86100
47828
69742
86170
50461
89670
38096
242
96818
31003
12095
70887
84620
70728
63630
45093
22718
42292
31855
50626
89463
89206
95313
69574
87275
96595
84553
68216
72950
37986
84525
78238
75370
2302
94751
4722
40992
6705
37208
95008
49567
48090
25589
69495
12055
48102
67566
70029
95740
18271
90738
20618
53403
26523
92673
79862
49613
7200
39200
36554
77222
78315
6626
20655
8362
23203
45997
60956
59232
49952
87845
42484
77622
24708
3745
13199
44105
75483
66861
20008
21241
65568
63785
61258
30375
87241
96982
51523
12125
54999
31415
82013
75098
28519
13434
84910
84549
37565
6052
62586
28452
46583
87522
17292
62772
11954
4676
45237
83228
60404
79731
15369
90384
41385
99253
74625
17960
21711
32303
71183
8292
48929
21131
35434
68888
14280
59546
92106
44736
8912
36017
16623
17069
25541
69715
48881
86545
62360
36377
67847
45139
53116
68705
85703
2436
45188
11594
35816
25553
39667
97242
60950
75522
82914
83585
49485
18400
83011
80045
81287
38862
14896
76578
36271
47123
51059
81598
23862
4212
62879
10413
22553
38926
16480
61097
26035
7084
80710
88880
15384
32627
49857
31330
31000
67313
90922
96641
97629
98111
89783
44196
90284
79719
11915
72318
99018
55982
20179
18680
15543
58188
9482
27442
58884
92066
16620
20167
79035
90705
35618
11460
77143
59241
32718
35749
90766
35102
40510
33686
51563
77961
79285
80198
6946
44544
26545
96888
69788
79142
73804
99546
31476
97364
75504
83130
33429
69852
88447
33097
67621
92832
7154
70969
62735
90348
1417
49372
51905
39722
21686
11799
66581
10438
31659
52762
48523
11316
69401
14206
9675
80326
53992
48725
73215
6073
73710
56742
56876
35883
80552
11255
27335
26474
5433
20057
5304
82856
86347
43363
80835
63343
4883
69190
24186
5939
13956
25901
51514
94501
40827
64768
24415
22168
80951
10032
48136
69022
41120
5839
27869
26236
94419
83301
87058
26890
32016
43934
27369
27915
94327
45066
49985
56809
33503
93955
54172
53379
25892
89487
85218
94626
46296
97443
70426
79487
59568
3602
52979
6568
31986
28425
31266
58603
43009
95539
19840
61899
56986
59406
12290
65018
27002
38184
14002
41404
51203
94172
6717
49473
25174
96360
94144
77582
24686
8771
39612
86332
57837
60779
21338
87302
10984
75016
63175
17307
35935
82593
41645
33841
95209
39863
11670
64368
92466
67322
37623
2747
85596
99476
90687
30713
23261
18738
15210
64795
5704
2503
98911
76328
62748
28782
53055
70359
11524
28968
85926
81376
47294
51175
65775
97587
62226
99854
83112
64658
41425
13917
10605
71287
20188
22254
57480
99827
2619
6370
79206
44639
84644
26932
59168
50492
29819
56675
59784
77396
17814
6696
93836
16935
97754
71470
14576
67469
59376
66437
31754
68873
52622
29889
45170
73777
20041
43503
39899
72727
43158
99842
49875
61774
24515
16214
35236
42325
11078
61228
95295
29697
2179
31125
40259
85416
66721
46647
74100
99378
76902
77189
79691
68262
33512
50364
85096
37345
19153
44867
95469
23145
20603
1154
41694
7935
81138
31278
99509
49149
39798
97745
76264
48719
88010
33643
2363
98612
87723
23447
29630
91236
92042
87909
86896
80713
96106
89176
51493
84363
64188
93708
34949
75062
7856
63285
61307
21747
19278
9028
93439
58680
69370
71995
93018
41782
79639
13910
36316
22931
351
88743
47254
1276
12635
65995
89841
8094
36164
72236
78733
98267
64292
72352
83487
96003
29111
50837
9696
12708
80158
75284
84253
2695
47641
86686
96525
4838
28949
49308
25635
82679
97645
82724
31791
76050
87641
9595
68848
76191
94791
16840
77302
93589
14762
31409
10569
23829
88633
28476
2985
29239
34153
90442
80655
22062
79777
93656
80185
27466
57547
38447
28104
95963
336
61866
57786
77875
82178
81156
94275
15192
64701
27073
599
25483
22153
28312
93372
89881
18268
58509
37592
69553
86362
73765
49012
38782
24265
25458
69059
13260
40946
86820
90214
23563
78815
17640
14267
9992
28281
38376
68125
24808
52338
88288
92191
88050
57425
94870
98292
44065
57367
55567
32248
90174
33469
20072
81019
43415
26282
74988
99393
7663
94193
36204
1035
79407
58616
76523
85691
10853
38270
74885
27506
44236
33771
9763
48591
1661
28632
85233
45905
80033
36136
28217
82361
53693
98377
62833
77796
29352
73935
52756
88926
36033
4032
15772
38346
82715
11249
45694
68808
39582
21225
99262
41315
65110
97291
39429
87415
72715
50474
47202
86005
174
36142
80396
22092
17426
97193
29932
92988
13346
87342
6012
26835
25260
89066
80011
82380
45209
65516
38401
23639
90717
82782
93503
38843
73829
2286
76581
81559
72275
43644
13498
28064
19516
54310
93729
39332
5576
39280
62064
30188
65906
38465
8500
84415
80762
49515
63306
39750
8924
1294
9623
45749
80878
21351
48078
80936
86649
31144
75532
28486
44669
98606
99839
30774
93418
23108
84226
35627
43381
43885
97672
26398
58558
35752
29615
18442
98234
63715
22114
85334
41013
59720
544
1478
61438
83826
68937
59021
45878
80964
36252
4078
82218
26307
59400
32145
91135
74714
52448
34043
71268
86393
61414
93491
85773
10172
30903
70224
84379
72794
59388
26011
84894
17988
20798
71253
81025
75300
67865
53394
59769
27298
11643
96583
809
49354
69233
81736
86454
632
50022
55073
76890
16398
26005
82932
31675
23707
90293
21579
38883
46451
68854
46717
71622
87156
97403
18723
33951
92719
91938
70109
59086
97809
48359
30796
48282
86573
28544
68021
95063
25086
99006
79279
84128
55958
97858
39560
21702
11442
17096
62916
21415
79422
56482
93427
66941
62723
48935
68696
8826
30826
20206
21811
31092
74848
84852
9635
55192
88526
88413
30652
11115
80604
67270
6354
97464
23389
73746
59131
34745
84299
1191
46836
83100
68290
49442
65342
7126
40232
53043
37443
82483
33588
63062
47416
79548
44971
76984
4987
48865
99488
73038
36368
94022
90079
99863
25162
46998
64625
69770
72876
71756
90558
39042
94526
90406
6302
12729
23975
91352
96808
87565
35361
48478
38630
89628
81086
59070
51319
35672
67728
26044
19019
51371
23877
50135
94642
14133
98194
49003
2277
39960
62372
21305
25977
9827
51130
31772
66999
35398
80268
59705
27933
11210
66037
91181
84995
98853
52570
5747
83365
1047
65986
26862
94773
55710
74793
25794
79621
3861
91449
1972
83402
61881
39860
18628
59635
28919
95905
58289
9229
48005
2024
18100
86716
95142
43970
17740
10611
16495
79996
42835
57654
22736
31199
42112
62693
16745
14951
18018
39106
86481
10575
7975
95475
84491
2866
48258
4023
72269
24888
7419
52402
72031
63453
62708
90626
3019
23176
2607
90436
6858
78650
93686
23426
82752
34348
72953
26374
13715
63105
73435
6894
97782
50965
71143
92734
76780
9730
30701
15268
72336
84974
9772
63898
13099
62269
14094
18180
22367
42341
47562
57996
30100
83667
89853
49579
39118
55002
51645
32996
75843
30533
70469
45145
7615
10892
9400
23893
42109
23859
12452
12528
84195
79972
59171
8085
22593
68
90885
15116
85642
86295
93512
68665
40851
66056
14750
27289
46686
10648
19230
62073
91175
64036
9949
73575
78928
91263
28989
5829
43812
6910
92692
30576
11362
68119
44571
8848
36188
68162
80692
68918
18558
87439
70929
25882
91199
63529
1563
12296
51453
51191
68055
77759
39017
37574
85038
3843
9733
62281
37882
44364
37272
45496
93580
14982
13566
65275
13242
24698
46055
99048
24369
63508
43738
68400
2781
97818
38620
91459
34913
86313
26664
99915
32798
98035
83564
32087
17383
12162
23758
19755
8579
36957
60688
49704
18369
33979
85462
88505
7386
77933
70646
57111
86966
80063
63846
14103
49997
70185
99564
64448
30491
71308
70917
47709
42988
14368
68787
55280
8036
38328
93274
70072
40836
71421
1761
16056
52918
19318
11692
82615
46775
23911
98755
62165
2936
10285
84043
56623
61731
59052
89292
16871
3635
98279
843
46290
60999
79505
27060
7422
26447
51252
97956
7343
86872
99204
21061
39365
6666
58787
70539
11707
54822
50040
24335
70282
97382
10050
48676
77115
13862
19700
65452
61722
53638
1966
23609
80362
95636
70383
72468
98478
15741
47593
89374
76948
97159
58445
76832
35825
87815
19745
36768
25293
93219
78281
39420
37705
98536
455
61027
38035
65680
82480
87183
57798
84168
24286
53272
60019
45899
6809
51728
66236
24259
55491
73496
10941
52213
53229
63328
78370
45505
30146
33378
97669
90931
46335
32862
37284
31730
2390
60248
20579
60108
41349
43345
11942
98493
15076
81446
29957
32709
27179
86017
16321
2479
82386
74946
31977
90189
49558
70493
47394
50406
10920
18815
43989
79825
77549
72223
15925
8475
74543
97684
49201
43277
75641
12171
49286
74015
16465
22059
15857
75876
80485
7755
58964
46790
62134
1890
40635
15525
20282
90564
30591
40033
43378
28834
3571
60386
37946
12873
32255
66556
32667
62177
63434
51572
87638
27579
55201
21567
97089
13691
12436
97413
21442
45801
26365
55250
84089
37821
70676
10752
34836
63605
47782
38749
19236
95322
34739
4499
31495
43198
21512
59098
53922
57535
63013
26252
16752
33964
815
65751
64414
24219
1758
98395
35846
42408
1462
34183
37009
34543
49775
67374
74158
12797
3010
40436
86881
81299
4526
92136
75748
84778
90015
58805
56373
42023
93665
55121
99930
36924
15320
58756
99149
74875
87702
74283
1655
43329
4441
65381
31308
47757
32578
23838
7187
33985
89255
69114
40461
36423
64124
71882
50943
14423
35318
11857
34873
92972
91968
66492
72330
85578
7743
65149
40622
8341
52808
78245
49097
9333
30616
82279
76233
65543
17713
11036
29227
55112
28339
61823
2183
23224
11969
54166
51471
17646
76285
13025
67402
84961
75058
12259
73612
5900
17823
24573
41529
6766
74341
89734
8741
76935
73682
19571
68586
14798
86805
91309
14826
26871
8179
52286
18866
66807
82258
14878
64335
17157
79892
74186
3779
64936
66977
58823
45328
11393
58768
37494
78986
85483
85953
22699
50876
56156
36786
37000
34894
13532
35352
22522
1203
23819
7782
87323
11588
11738
3583
19465
80213
84269
13703
55466
37012
13968
98188
50852
47678
59318
60984
33500
65943
98508
85065
2292
89744
51432
62845
92508
77576
68500
72934
66016
55616
41749
27372
95560
40455
46744
51026
35022
75989
41712
86698
86136
82166
30448
47468
63755
95057
76206
44462
5317
87336
72532
53718
92185
67182
22843
69803
5063
85392
24372
79618
76841
35953
84015
8433
28364
58191
52399
27305
63590
68638
84275
58936
36530
56022
69449
92603
3925
9653
30866
20395
32779
39563
92017
80982
73237
82746
74268
96772
90610
25821
11045
6775
19770
40354
35087
35181
74134
53605
28083
30832
84311
50150
14042
62125
11805
4438
6153
92292
48279
86612
42978
61753
4123
70612
63538
76319
34455
66028
21756
46271
84946
93451
63404
4285
39942
66672
94935
87696
70060
46009
88032
82303
64045
16678
31385
48563
79688
7834
24155
57892
15006
34964
59656
8375
96088
55729
23191
82602
84659
29166
70170
21503
56608
65336
33866
24125
2158
66004
11377
90259
96705
18949
74918
76658
1188
65659
71442
22022
16022
47455
10135
60126
62101
39740
86799
48661
25943
29349
88965
56446
84739
29572
6449
68406
75159
78382
44788
23536
12150
36969
27106
1410
53235
26490
89930
58027
66346
45594
78776
28739
5475
10639
61500
90168
84958
14515
33915
43400
27976
42423
8939
99354
31995
37262
45563
41596
67908
50678
7255
77848
71949
17930
31226
66779
58738
39249
4371
22294
68277
34928
18879
29523
87995
35401
64908
63138
2585
91349
74418
36625
98981
5430
82453
25120
57465
38608
61875
82776
30723
33570
53251
69428
23981
5246
92936
91205
17899
50889
58246
98710
69990
61298
53534
60743
38941
45118
38297
60538
34372
54746
39609
5188
78168
68729
53266
5442
65891
40125
15995
41193
99985
35163
81763
39094
74170
36069
8899
15445
89908
82709
1001
99292
88141
50513
26536
30900
18598
78531
90195
19086
60358
51423
56458
34583
33396
41147
58906
72471
58338
66108
37583
6171
48844
56537
88974
71656
6269
20389
70453
85868
70636
89444
95762
19535
4963
90815
54215
16385
62412
17768
45539
3528
9473
38248
1929
52173
87095
17365
17508
49866
81608
16968
86652
56174
79853
28684
15110
17399
72080
10663
15708
90473
32526
55396
42801
60859
49946
77619
33313
16645
2118
66340
87259
88236
18451
67609
98789
14615
73905
87085
79459
90149
69510
98121
17679
25925
22275
87540
63559
20734
55304
29538
63209
47242
30283
87235
77466
14152
28553
54001
74299
52042
58436
26493
33301
55359
39487
57093
13605
34809
42942
13788
97123
57776
92035
29709
70173
98816
10926
32483
23328
66843
9293
64313
14945
7792
446
13517
68979
34907
34568
67438
93604
44806
61686
66388
81992
56415
85380
91520
73359
56070
34629
74463
71537
25516
81629
87452
20759
19913
41303
49231
22886
22605
91385
89115
25959
83625
47077
35093
46064
58588
4505
6543
10456
95075
89975
33445
54715
7889
29606
59916
43946
52533
52305
59125
32856
23514
25098
42359
6327
26685
74869
11863
13172
28522
72135
22828
27948
28611
95362
72693
19043
89301
89725
74085
54899
63913
7813
83475
33552
37485
71192
35328
54056
78992
59818
52881
39213
20713
1359
20307
83497
13068
99698
20646
42185
31455
60505
19599
92563
83442
54209
24952
61948
50901
7438
59119
38108
36048
40613
20923
93912
93772
39466
42746
42585
40162
73182
49921
11835
2576
