20183
9507
35254
21074
16784
18065
30221
27079
17571
34798
46274
9559
40015
22359
25255
28571
22237
36527
14412
23646
26827
21000
13234
29535
24834
11681
41869
27234
23992
8242
7679
541
30254
45781
21505
43514
6681
24395
40206
39116
18761
29476
37024
4363
26349
22287
38376
31405
44434
6029
13108
9519
12635
15372
28505
27288
34730
21032
1256
23151
4889
37009
24827
35286
27845
16327
13515
25710
27825
30456
45424
7601
47841
27733
18422
33660
15848
41123
8164
28322
29366
40578
42209
21621
35134
365
29334
17533
5330
26626
8065
4601
36947
15520
3524
41660
25867
37237
6637
26470
42214
16198
14757
30076
8526
2776
47796
4691
7337
6817
28878
47950
19707
38291
43639
31293
21273
25397
17176
25350
37374
5410
22750
30095
33843
8597
11278
42597
44982
30517
20191
15316
13004
39275
21860
29163
31829
35666
47216
42672
43110
25013
23774
36727
17212
1583
44402
32911
27201
7735
22378
45333
43956
8384
40323
38337
29860
22405
47014
30691
39454
11890
39101
26803
21984
37740
33126
4325
37682
14698
23557
38761
8306
7688
10
33059
34603
10689
16913
39889
35743
9670
10911
40644
18541
6185
36347
20260
9272
3170
14132
1883
5900
29508
14277
30474
33532
4929
17461
19396
10897
21802
25896
49047
45389
18828
31621
21529
9108
22973
31032
44495
6392
43218
2080
31809
5680
23877
37917
716
40120
35836
39878
30237
48552
9879
48742
23658
19298
11525
1468
44530
13370
27685
2495
9057
18628
10428
11451
48221
21740
33173
27498
9894
37848
39756
18108
31685
17493
38141
43914
42658
15589
12233
32219
48823
25368
23572
49706
21241
45281
16869
17049
8472
22948
16968
40221
17103
22318
41353
28428
15020
45752
5144
15198
37526
40107
30485
19556
33019
41691
20235
40719
26516
5581
49425
28554
22828
29090
15886
45260
43299
49375
29557
21782
37783
13781
32706
3414
29125
2623
12827
17345
41735
49727
22275
20011
40803
43702
7036
33716
16587
15355
43586
10264
6193
5303
23145
44117
48647
36107
35395
33072
36788
10279
36263
42843
22799
48952
2099
33851
31983
31518
3837
40975
5137
37615
37937
19265
26717
30102
27566
32796
37792
45096
28257
22699
42957
1931
49241
34885
19423
43805
4418
43065
25406
29308
2503
44277
38419
38248
12969
28261
26833
10576
20459
45827
14609
18793
14083
11406
24718
29352
25460
937
37592
32372
14701
43653
26127
4284
17376
37537
26027
23234
34137
2718
41515
21268
29296
31194
19025
35573
38938
15395
14638
41294
32480
35375
31449
13596
13349
28612
4960
37414
46847
49315
21161
28190
33428
41149
36548
44487
16750
1246
330
1108
12475
38909
48102
19750
37955
16391
9432
37719
12482
20937
1240
1514
27602
23925
14623
22609
20691
48484
36606
19460
19449
26156
4056
47168
49770
34015
16530
4023
39048
8632
49407
32964
26256
48804
40085
34740
2286
49103
23351
42319
23671
34287
26377
22155
36533
2895
4394
35909
45028
46584
22632
22071
48835
18470
14281
12394
17486
46697
12949
2982
2710
42429
28408
7210
37517
40665
41376
6701
39571
35758
43839
11573
11715
38448
23594
28452
10790
12655
16555
32982
4471
46521
39065
30587
3911
49225
15529
40516
26944
9250
35293
20102
6424
11507
49054
42499
12710
3644
41546
24514
24236
4513
12346
49390
40287
35515
49080
16314
24210
12842
5266
42176
46496
40612
5362
39808
31820
38122
22092
27744
14536
38595
1081
20742
32073
37118
29934
27421
32816
21085
23836
45115
13616
5970
1810
20681
43796
13575
26972
23244
36045
34758
26368
15998
45612
10639
30776
19222
48786
25956
20179
6037
783
4880
36927
4728
22382
7056
43328
30207
7760
9714
46296
20414
40656
22918
9836
34960
36553
10232
29108
39834
19332
29580
26317
7544
12897
34670
26049
46250
34342
3843
29438
19082
19689
27781
43172
44762
21387
48282
9087
30121
24085
14618
19864
16242
37812
24856
31870
11147
30829
43387
23917
45862
10006
40894
13509
19133
48909
43445
11838
14892
13326
23342
18041
12606
9215
4622
9252
8138
42170
15943
38192
2239
8216
12888
42631
2033
28830
8788
27590
988
48882
3446
12470
1270
39907
19582
26989
40932
39217
3187
44571
26270
48597
14873
34713
38891
1153
17307
3071
38973
39058
28287
28545
39736
47881
40464
10172
44776
10306
16599
3402
7955
28389
2858
32952
24726
591
2416
45633
42226
3470
11561
2132
39965
10595
9066
13192
5462
14881
2421
43949
27305
17266
10764
824
19904
31341
48638
9177
47965
46343
399
32717
29236
30048
38547
31101
15717
16776
47606
34215
18705
12449
24132
31691
42092
37560
9606
8541
39643
18258
24733
29099
17351
5355
37635
13219
10984
5039
14556
1372
48604
47503
13082
2349
873
26273
12501
44549
17200
44878
43871
19054
47307
15279
35761
28339
22521
36866
39826
3098
41425
33204
39032
48728
1061
35923
22422
32929
18024
43480
47913
48144
14072
19826
6759
13915
21959
34170
38868
24686
20788
36931
4821
33332
48061
12771
38018
29320
29844
3293
3898
16848
8988
23952
26859
33890
13076
7076
46947
4567
34459
38942
11245
21709
373
21886
46813
1052
39373
5019
28341
36336
8568
1349
41057
27710
47736
30575
19326
1697
2431
506
48984
19854
101
1964
17875
12160
9003
48003
11533
46999
34485
21718
33794
44806
37894
1717
41611
20983
31283
43400
38222
4548
2863
19431
40828
20632
2332
9594
8629
40340
9910
28646
423
45156
23716
45934
42080
30738
11969
16187
16213
35618
17927
28197
39631
28936
24044
47286
33960
33417
45546
35842
49141
24935
8724
11414
15123
43032
33938
37256
1505
4191
30710
9800
36124
45011
29279
10849
36519
2836
35499
32885
8971
37870
19040
42983
32691
3862
37020
32363
12813
39492
14812
48855
634
40487
14435
49836
33581
40922
49607
48238
11558
3290
27332
9531
37774
4770
44864
37101
31562
16050
4551
40943
21532
37807
10247
36455
24154
48679
35091
34055
28640
30384
23800
7149
12676
15281
5600
13353
29946
8732
17319
39812
3325
17530
43194
27489
9751
19564
35155
48876
34849
15644
38630
3998
38582
16761
39437
15767
30724
47936
11496
36875
11774
29117
42937
25280
41984
20286
20365
47774
17151
45884
46430
33367
11182
15307
41007
38605
47077
687
10080
21554
15697
33663
6279
756
29741
252
37180
7314
2401
37241
31362
12426
25901
49639
8463
49265
5710
6557
49909
4070
46810
24813
42922
44904
7012
30565
13164
31923
33
35036
6063
38578
8124
49979
8744
24788
31354
27416
27381
31759
24639
46486
4641
23208
10950
39536
36899
44744
48542
48778
7287
46756
30408
7139
20463
20723
33637
261
20546
10477
46682
44974
7827
19880
35476
47654
16520
21830
10871
31734
21471
21430
11294
23635
11255
45626
12323
43305
10627
42392
27324
12574
19477
37450
39774
6295
19887
42151
3690
6719
41805
7721
10386
34327
28235
20421
4384
8516
42811
10853
9011
35003
38668
43242
8768
20514
26098
14493
9701
33277
25481
26052
10146
12908
21486
19095
36304
20975
19762
49790
37282
26528
25286
39557
49207
2976
1859
25992
25507
33463
48372
37481
43131
8794
3931
39943
34113
22451
5279
19533
5715
43143
6241
216
25805
35708
25635
29542
42827
28248
31078
24273
19776
42540
17789
22338
10068
40957
46404
19693
4049
3432
38178
17081
37769
8082
11315
185
39603
23070
33098
49921
6179
651
10326
14997
5100
46827
4087
37137
6084
22168
48479
40847
39860
11025
39924
33375
14022
22472
20676
33706
46671
1684
29696
17170
5514
44462
33648
15679
19362
46367
1557
1281
9524
27671
24268
17368
6357
8610
46900
13762
42365
20820
12174
24439
4217
13489
18210
3255
33101
47156
39794
33472
12746
12313
20629
32467
8356
6218
35141
35920
4140
44133
11158
42299
47599
34121
5648
17931
34366
13314
23339
26540
11515
30840
31492
28850
9119
48192
13373
46766
29783
24895
2399
49308
45273
40056
806
28837
2167
20136
46660
17861
745
41225
32236
38086
3121
38170
45432
36352
8860
34812
18517
19219
27167
1647
22754
41213
9859
18650
18178
6617
11069
20902
49343
32659
6051
19068
45347
28692
42580
32752
20893
4734
47684
22413
15300
25882
47666
37749
38984
7477
39246
34771
42289
10962
35721
42795
39681
16256
41848
18323
32842
38465
20864
26911
12029
16031
6829
45913
9546
5069
47452
7308
49276
18014
25113
26169
3193
6473
38968
3315
33252
35874
43900
25879
28153
2555
33112
21909
39367
12560
10418
49476
30820
20499
37510
41797
47617
45174
19245
36435
22779
28278
19513
13860
49877
40006
34031
6841
47252
47429
9818
29172
31328
49590
44172
29392
40174
32113
2475
11872
49259
30889
48394
40774
1096
38959
16474
31589
40584
27015
6405
2746
17139
13686
13263
42696
14226
1078
18395
11222
46283
13276
38704
8558
9484
3547
20949
6890
22147
39422
26175
42057
9374
30036
1523
37200
3069
41820
26328
16007
5915
29714
38318
6339
24305
27923
3303
2202
27135
22178
48302
48845
47446
14986
5230
32255
3884
17971
2523
2199
16880
35586
4578
40682
30599
14020
3347
27855
45392
38996
36323
34621
19835
46001
30654
45000
48429
724
40128
16157
43000
33307
18009
17614
20928
15857
1709
28974
49035
7354
17592
34188
8751
37162
45856
19014
41282
38523
1011
13018
42775
22294
25591
42200
6679
7949
23707
25185
17849
18940
43712
27213
25676
18915
41752
35279
34472
32686
23230
36831
44735
40705
21363
16419
32418
40455
32721
10331
11120
36626
10776
28870
289
41918
25423
46576
2564
47921
31919
2753
33733
17403
23256
17
17025
8378
29441
39159
41451
14725
5990
20710
25532
30759
25948
5800
2845
20775
43824
27273
42061
15072
33695
28887
34156
14869
34995
33675
40606
45446
13059
38614
25412
29210
48362
4918
1297
14762
39296
27726
30896
40876
10694
11678
42742
1279
44227
10795
45961
44449
29065
36735
49465
41585
4705
31257
8826
14580
44213
32004
16810
19613
27434
6366
12453
40317
19008
19106
16230
27573
3565
38367
28997
46869
24329
22626
39005
10438
19315
7349
353
16892
5010
29282
10087
23293
42382
14254
36881
20594
49022
46987
12497
41346
27697
46634
6116
19526
34397
42269
40183
24013
2533
31383
33809
42013
39599
4668
21991
23476
19842
37476
8107
9296
25963
15801
17884
8251
7380
31547
22532
44329
1047
27083
46117
15433
49694
30909
8056
37035
8817
29023
46833
15969
48162
35538
26037
27401
5880
17914
24541
14975
8896
17963
33779
35782
48343
23217
35201
41077
18056
6110
10206
20653
13564
28750
27887
30060
43047
11796
3356
20351
21833
45293
680
43781
32277
3081
47063
2953
22735
31618
277
45521
26386
22129
39176
26580
20580
29386
46077
22367
26293
27373
36640
11240
35488
2697
5631
33562
6260
91
17774
29593
12763
46088
26397
13843
43155
20408
8698
45482
19797
48975
27959
40387
9221
13418
33872
11480
1758
48043
18993
24460
34910
38889
28127
47741
27442
5579
48432
7918
26070
31572
14934
21921
27810
26197
38231
16570
11596
6003
46969
27526
45841
30962
30469
27360
13949
23182
2111
5121
9577
4111
43642
25686
8576
26014
7442
28762
27819
37082
28539
5781
16169
11948
14711
28798
35988
41332
43752
11391
32749
21659
6266
19254
24903
21792
17989
41959
21863
13678
4944
10868
39356
24498
38817
40351
5506
27900
766
6133
31591
32329
21602
14113
31414
18451
42980
31786
45266
9192
29914
38207
19967
21056
15626
34083
41396
39080
25152
8877
10994
47272
28000
49564
11327
41556
32360
31539
27537
36971
35129
1206
18493
9868
45745
37572
316
12612
3515
45669
32313
39338
5449
48411
35233
18885
11629
49157
23743
10131
30555
8150
43853
22225
1128
26795
17202
47762
9308
8993
10741
47899
46131
41524
15909
44674
47040
30868
38553
40854
37624
29728
46911
4509
3101
30536
37092
22582
1166
8849
33997
25228
6080
11194
43932
3208
22709
37826
49828
32165
33902
46091
32778
38752
48932
47199
12925
38775
33443
8341
14095
11057
8011
15722
26110
32734
3609
43723
15239
49889
48998
15531
30289
141
1600
29006
31977
864
35677
7184
38721
9235
17425
13331
202
32784
8420
31179
9183
44343
6289
48276
22861
11004
45237
49553
48615
37981
21941
39864
25826
43268
6957
31679
14570
47719
36379
42910
18526
21544
47210
25753
910
36812
38807
23035
34096
35358
4303
34292
7236
16053
24300
17510
42882
171
7847
14168
3788
38920
41016
7668
37696
36254
13878
18409
45707
20968
41256
13172
14206
17075
570
14376
14592
11640
40140
42867
16759
3115
2059
11426
5314
30028
47645
31994
20478
8939
48707
10709
44724
38410
37456
42840
40529
20142
5388
26429
22036
18473
15206
34424
20855
37296
11820
16884
16601
29999
28109
40983
1145
30987
9357
20647
28060
3695
10459
32439
15928
13433
13207
3400
5494
15456
41083
28142
25913
37667
16491
24950
17052
25664
36391
34141
7226
45591
12789
23861
49007
34401
46219
44950
12293
9395
43404
4934
22684
474
40066
29148
48092
47353
976
20086
4346
15259
15137
46593
24955
44846
47471
42336
2787
14400
27346
43528
46102
11466
41489
899
48015
15172
19574
1539
21776
1610
19509
36768
4177
6505
27053
11586
46323
4810
36219
35869
19204
3620
20434
14850
6875
467
49235
35267
37949
45228
40764
27312
47399
49579
6530
15189
43372
27065
21146
23700
24029
31524
3388
15090
36234
15990
32802
18593
17556
44309
8039
24227
20330
36069
31270
1880
42759
23787
31557
9270
2028
39510
22712
21416
15951
29897
22217
9658
32137
26784
28397
43538
33266
6151
31096
11089
5993
17067
15754
7465
42521
5399
35164
12169
45994
8117
46738
14957
18921
29609
25568
23075
8405
11916
35467
42380
29253
49863
7123
7659
23412
48523
14359
23177
7367
19661
28074
35051
20099
33611
18985
26615
48119
44813
46724
13997
13979
22768
4746
39986
16720
43337
26709
4523
20443
1183
30274
12977
26601
10259
14368
17412
26250
36841
35334
4448
10526
14750
2950
6019
7265
29261
16985
8584
18975
8336
10041
12230
47695
5729
39139
46511
34961
12792
121
20212
16439
32949
25213
21102
6623
27175
32207
10097
34862
24485
47237
47680
32596
23057
18686
34974
39715
23272
38396
38138
7088
34748
6130
30245
10935
5056
28040
31440
40409
42894
47365
43078
31664
13032
29683
16091
2070
5846
25446
22269
44689
24479
11489
8498
25789
24874
26766
35349
26743
32769
32505
27541
37426
11124
13160
42243
4651
25979
15032
10837
43693
28440
34511
12194
7978
12041
41433
8266
32091
19285
35390
30857
34644
15226
32631
24526
43274
18807
5547
10514
40967
41478
21814
9986
41207
35509
28090
33928
12182
6696
10811
46876
20391
8361
32490
15656
23938
39312
37548
41974
29465
47533
8324
45057
36471
30613
32932
4679
21334
7500
20170
48316
1819
21700
48456
28582
38106
41932
29622
36461
39254
24791
41678
13727
44162
27364
30681
3928
44637
25583
23498
32576
29526
34707
47840
3472
18839
3496
6148
6606
39654
47468
13549
32903
21435
46146
20022
42043
83
13492
6164
40532
4865
5628
3718
38733
26697
23902
29055
37337
5071
34200
18221
48026
29247
49804
31955
11649
21576
27106
23311
26433
33509
7572
31185
30977
20310
20763
26355
38921
27947
29012
28516
29220
18162
14293
22507
36142
41498
20740
17321
19272
3338
18728
49999
26668
14121
234
41877
34231
41469
5343
10674
28530
38797
2004
8664
35366
34577
4014
33527
10590
25606
24618
30089
38160
10901
25313
34174
3277
14324
35998
38782
41599
14808
41665
42031
28621
43470
32200
15911
29778
41115
35694
39081
34879
27265
49497
9884
49541
22933
40696
5300
11722
12270
14191
13810
16617
25860
29839
15021
40745
27503
1418
43422
18444
15682
39960
33965
31968
28211
3142
5167
21937
18213
11261
44338
43224
42116
7165
46352
11037
5024
34412
24192
13895
1902
22843
26340
11342
26882
7389
5886
9072
34002
7615
62
18866
45954
47341
11756
20527
49967
18680
43557
44503
34063
5840
41179
37609
23803
7909
15549
6946
46230
16538
30378
1471
16141
39585
8176
33452
36825
17815
25168
26310
14318
43358
15799
34041
4181
31644
11611
18317
15331
36139
6209
42855
48656
9322
10285
32026
47388
14664
37209
34266
32587
22967
39014
2308
48172
486
23511
5942
39693
18310
18032
29040
44011
21746
36165
2660
38636
32110
49689
49527
31896
19924
5773
19895
49892
47954
41184
18740
48351
16625
40998
42612
2329
2880
10550
4374
12999
20038
8658
37212
551
34533
34586
15868
12587
46630
21282
24582
14429
44294
10312
48755
22350
246
37130
45698
3763
29416
24666
27872
42009
46532
1824
34461
4168
34839
35659
9997
29587
18145
43619
23581
43024
19951
17116
40291
20266
26542
14245
47541
28809
23391
43018
43433
31064
26226
15096
23049
14350
33225
22596
10975
35644
12809
434
22307
19809
33397
27253
35627
24761
11844
46464
8486
39303
27623
31118
4831
5745
42669
23826
14945
46192
16501
17626
7647
22892
24915
1432
17286
42278
19782
9476
34636
13306
7964
21406
26906
30448
14110
44851
31632
38357
29754
33133
9937
38839
4319
9641
46332
1656
44422
37903
30741
41927
29049
49735
21222
9614
30675
21876
921
1580
3011
45838
20229
19405
6563
10824
25383
6919
6519
9153
38852
48913
1391
32444
14821
17701
34498
28902
30878
14306
35105
4073
44260
33866
33606
26812
21758
7859
4296
38346
39850
31937
14408
20875
39284
18741
20661
44614
13100
43842
21328
27869
1891
44665
9498
47529
3151
16341
37398
15662
47338
23389
36507
42322
26503
42469
17568
35610
23510
18390
4487
7880
7399
48966
47408
4125
10752
28171
7044
16903
29978
47567
47828
16402
14928
25649
20202
24869
40543
18601
44643
1323
36901
11332
5954
9127
41108
43114
46158
9162
46056
7415
2190
17646
15818
26896
17099
46564
17452
31502
18288
6928
15554
7100
25297
669
34258
30625
46380
20751
49119
35427
19942
16935
37069
10645
4535
47982
23321
24312
20293
22785
25982
31453
43976
47245
42602
3757
7258
32673
6095
44564
3829
25847
49286
34765
23090
18488
35111
26676
19236
40215
998
19378
19347
8283
31016
45141
40920
9418
49749
11927
19726
13634
35244
45069
48205
37725
7119
1632
25379
13471
49846
23751
16689
26087
35088
22139
20388
22985
27662
44953
23609
38564
8394
39411
49820
24430
44655
3269
12386
1429
16379
28957
1568
18561
13050
22205
17945
18354
44100
45562
32287
47724
46181
17449
42237
49132
25817
7218
49599
28205
15781
2315
31023
39025
43686
24843
30352
19193
35949
27192
13601
41854
44588
3231
24691
34676
16239
1917
9382
38181
47268
36055
23763
12114
3640
2259
18534
28098
37653
40674
30494
25698
37189
13135
41712
16340
18183
39124
48078
18276
5338
4455
6978
16811
31234
8445
26648
19759
46554
445
6745
19977
48732
23967
615
47626
42142
13817
41790
41161
30646
20331
44367
48563
49094
43812
21181
10378
43630
49759
46886
3739
41608
8870
36500
41382
27187
26407
41689
42740
16736
46312
31002
40244
32615
27765
19542
30808
2738
28774
40755
44794
40503
41941
31656
4780
339
7985
44625
42542
18297
11438
41277
12339
34389
48491
33912
30346
26450
47582
37362
35175
14150
14966
5687
12433
48571
20057
11377
49190
42727
1995
10467
25768
950
36193
23528
27987
24999
6995
34615
47121
17434
26240
29342
24039
29188
46650
31334
39190
47416
28751
14184
1389
30182
15328
46618
49164
1989
12729
2929
38070
36715
17670
644
40160
38474
41634
26116
38326
32157
16298
23531
19719
46479
20008
2050
34246
4596
43674
48189
27973
7937
37221
35460
35221
2579
31130
31148
36649
48255
49650
33837
14448
41826
38384
2175
42629
31162
48534
49532
4847
32499
33625
6893
23684
48717
45083
43349
1613
13532
4235
17957
20798
1221
17852
22028
49213
45183
24094
33344
1726
14527
7326
31424
28988
6669
20582
37314
44782
17518
49062
26287
30765
28673
36446
16655
20311
32175
3872
43186
3025
42188
37581
32309
47869
25196
6496
44030
44146
46505
33297
25550
11110
21178
9423
5927
26597
43667
21590
28653
16794
42484
46412
12409
48124
41413
29877
16175
42435
6345
7589
28011
11821
32221
530
48667
46067
33577
29160
40400
12354
11133
16575
48334
3673
23124
2677
36997
40563
28061
39170
46438
10161
32544
45130
47754
34440
27839
28856
14840
38535
13407
3228
19045
956
3907
454
41967
15152
28495
3988
29674
40438
25043
35808
24122
46047
33062
17251
25033
37053
43743
3501
22559
23372
26760
9342
12131
14458
8320
42409
10885
49173
16825
43210
44454
19381
47022
43456
15580
27291
44559
29426
44538
42136
8075
45795
9099
40500
11548
14478
36663
43566
10039
3666
41269
23566
15600
20374
22991
32894
32610
26488
4851
32401
36422
47814
43056
12241
3974
1841
33324
39940
13831
25722
14501
38041
8701
7886
47635
10183
45817
20835
699
26960
9810
2364
34316
35889
34566
49772
31872
1030
39461
45476
16692
25495
36226
15601
46702
12716
10212
853
14470
38027
21119
30503
11896
41999
9928
33181
8779
35557
48792
45687
38698
9977
41361
28
19500
18660
6910
36698
9455
25330
17656
28789
18772
45080
20064
35419
37345
5829
47878
43361
35027
18819
23549
9339
27915
10193
33021
25069
31890
44600
24369
5456
3724
6319
10607
45777
44932
2247
24608
8922
7790
35193
13183
17391
43606
13962
6969
27968
2791
15735
31473
3702
16080
30929
2482
4278
34920
28043
32866
30639
7435
26969
5901
39898
14155
15111
14649
36983
43990
34279
12284
13662
44106
13866
45505
10019
15049
8916
33083
14852
18944
6763
5478
19185
13430
30159
48862
10154
24256
17473
28690
5118
35686
33790
17544
46711
39980
29902
4493
30295
13701
30431
47551
18377
21062
18119
25466
14776
13738
36655
23281
38427
29513
4892
6855
43967
43993
2224
5236
5250
8188
24375
47315
18508
13389
12276
43314
33439
30115
1456
40365
23488
35322
3042
13447
26581
9769
16466
6576
28812
45717
46851
23847
48263
21346
4618
16442
38828
17730
32148
589
44822
21467
10024
2102
45316
16724
14588
3057
5210
23104
9968
7154
19466
23467
24468
32535
44895
23450
1623
29229
35955
2619
5610
49935
45649
29194
29569
42090
49196
16427
18665
29766
10557
15871
26456
27118
46459
12696
26493
18970
12951
27594
32268
7776
42808
48058
40047
23618
29960
45330
11213
37497
47100
28481
23092
4421
41762
41890
1191
11934
33159
25109
41410
36173
31711
49015
29793
13651
47223
9150
28443
25840
1482
40905
1943
5617
40146
14917
37307
14061
31746
31702
27648
49485
31135
42711
22661
27479
22960
13794
13244
34595
32522
40738
32189
17240
28737
39342
11788
22252
5810
8808
8428
28006
46959
43165
30369
25210
37267
5559
41831
45466
17797
40816
33599
12542
22187
10651
31855
6328
29812
32642
45102
29650
16637
46544
3211
36289
37929
40444
39919
29406
222
21729
15241
13982
44201
21312
36403
47295
3174
17908
37880
29824
2681
32033
26868
33559
44066
10056
26847
12056
19114
16208
41536
31766
30794
39747
6595
6588
22056
29139
1861
5974
29329
30140
16840
47176
1339
48682
11074
20241
16085
5738
7891
14007
25261
23977
31832
18265
32519
25799
32430
30309
43598
112
33149
9774
44928
31089
12304
39997
29708
33725
24053
13627
37758
11742
9362
36034
43003
41730
45769
34922
41907
11959
28377
132
46787
31461
16124
25149
37969
36791
1787
47133
39095
45806
2764
35050
40722
8678
1447
34029
14908
11768
28370
13469
45304
7631
1496
1404
19607
11168
44759
10508
19658
45049
31949
23307
30216
28913
30268
10662
20824
24654
45405
40639
3792
49085
21843
39669
41025
48891
41892
4792
2581
9914
7833
43483
36704
18874
39324
40072
19593
30521
46030
7197
49328
39240
29488
31055
18093
21514
35019
9401
45366
38001
26220
23012
18436
35410
14690
26474
45032
15218
46923
773
42917
21392
36855
1217
17011
6832
16030
18090
44353
47143
10737
40380
18232
4685
13149
16994
48327
629
44042
43503
4242
7108
22329
12533
39203
44265
15896
30170
20049
38512
46309
36388
16112
12368
35064
9787
39399
24923
26992
36747
45725
17280
25618
22808
13285
7509
7563
36597
43928
48501
21155
10106
18128
8152
8272
8431
28928
14171
15821
43763
9823
42305
10566
5695
12378
20502
27907
23943
25474
35900
39615
24117
5413
46039
8889
49621
23990
21006
8236
35305
31608
19149
32834
22814
33283
31374
2013
35212
18903
21215
21668
22837
38454
22579
25171
33245
46267
45170
5562
3380
28948
577
23729
17809
34542
6415
34852
36004
42501
14484
33823
48464
36951
33031
28357
15705
34371
11739
12009
18754
16927
2645
40169
12017
44318
24979
7865
32064
28466
4207
33010
25937
9681
3954
42705
17699
15162
32856
46775
49123
46976
8045
29458
7801
14043
44515
31730
10611
38649
10119
42255
12067
45679
42878
22612
29496
34696
8645
9841
35978
37644
44605
39530
42101
4969
11858
19355
42026
15980
45949
27559
30178
28420
45496
48385
22672
26871
21456
45585
25557
45217
25625
24628
40839
41062
8028
49663
38653
23855
12252
35859
37835
45377
34659
2378
25576
12877
4978
13822
36278
49981
34557
39545
24344
28727
18160
7624
30935
22004
3483
17032
19982
7557
47431
46608
14269
36574
911
21210
48819
40346
9566
49515
22905
25516
4142
17836
36774
29664
36413
12920
45516
19648
10726
6734
45206
48693
32348
38263
20551
9739
15056
8458
35933
5655
40275
492
32555
22515
16387
6464
13253
2663
48922
14788
22248
13221
5288
45604
38039
14388
40792
31209
16674
39446
2637
37439
45977
6803
22046
152
14679
8097
16973
13128
24984
47991
16271
15484
47103
44703
10357
24552
35317
29804
1032
8719
48139
21613
41648
47490
9629
24759
32041
17125
13396
33402
4816
32622
32334
22857
2881
30916
1774
31272
818
38285
1745
27660
46016
1952
49677
41100
342
5440
40427
11695
40786
38115
2599
29078
710
42687
20620
36248
46795
47188
10489
1175
4033
12075
6048
33167
27222
17299
20122
27092
6435
3592
38849
5866
9139
5428
24703
39728
2089
22443
36080
45987
46750
33518
15479
49412
43416
6450
16305
28292
48519
40305
22884
2814
48089
1737
3246
25002
30427
34829
4097
21047
19417
12629
2462
17827
7703
16131
29380
5185
44835
6933
1001
30550
3367
30715
43735
37562
21352
28962
37272
42341
49334
25356
48444
9673
11210
19632
47710
7531
13712
2999
8536
14216
16283
31249
2610
22120
38097
11710
25333
19161
41247
40888
28599
5756
37851
32979
17682
41330
13558
30069
21258
15633
39196
13526
33359
16547
22487
37145
44391
39562
32873
31774
22924
22730
27141
19481
38308
48040
26001
33193
42515
25075
606
35819
43500
38672
38437
8837
21912
47088
23006
33988
36686
42418
24212
24285
15780
49431
19179
44005
26740
28115
797
33979
24390
34682
35734
36083
33234
27392
42765
6228
27518
24108
16942
17605
13118
23731
23133
3003
18590
21140
22570
20890
12000
47977
532
35634
27247
36300
26633
17746
25060
4752
12035
28478
30321
20275
32300
47004
23163
28669
20536
35187
1923
19077
7299
4151
18960
26725
6865
11982
37078
38688
5816
23664
23403
5860
20151
20609
1136
4590
3551
22106
2938
39269
30947
32561
1549
3818
39512
9318
42478
18891
3580
47120
19739
30608
1365
28139
49791
10221
10402
13775
44181
24578
24645
11663
26928
45539
44034
516
45196
48626
11863
45459
25243
37410
33318
29990
43775
7522
48761
4352
15069
31905
35779
34206
12649
36113
23881
29735
49294
35798
6484
38280
43088
13027
6644
21599
21294
1975
7247
15346
26185
16642
25025
16361
12667
7744
18619
38054
39788
42559
30398
7718
20803
40264
21303
37462
1670
39486
16855
36806
2352
13067
21967
34073
36916
22400
8620
5481
44089
42356
11387
31392
30665
6652
29639
17765
10299
12757
38260
2802
31482
45871
40554
3623
310
28223
38712
40191
44967
36963
7027
7424
33745
17336
6783
9957
18335
41039
32242
18635
8225
31305
25771
39628
4439
42121
48246
737
13953
17675
37044
29961
7767
4633
6722
10717
26413
24358
4229
32392
28899
18552
8001
12937
18718
25927
3803
20080
3451
43885
24596
48295
49718
8953
26072
27036
24778
12107
25651
27125
12870
26563
21767
13744
7514
46909
12514
19156
40597
32662
44387
20844
1119
44289
14054
11904
9697
9632
21973
21193
9031
17002
23436
3132
18696
10531
11980
15387
26774
41155
15746
21239
170
5172
10810
21650
19671
34891
41703
22493
39477
30005
11809
13454
383
37330
35544
10361
42455
4996
2219
14516
41047
18787
12592
35962
31844
17731
30018
24564
24164
49363
26137
6772
39385
5669
46662
5083
27007
19130
34310
34786
2298
30790
24970
19625
6543
33945
49399
36568
24248
35821
34339
15462
45134
6380
43288
36098
34357
27753
11094
45250
2546
39678
2128
27800
8507
45354
6798
45418
7486
41442
11178
1836
8962
22542
3032
45556
43091
36014
5939
5529
34507
5196
37980
33388
27933
16451
23899
4902
39762
35715
34801
35566
6987
4110
13889
47513
3965
6456
29928
24080
25304
7068
47373
27639
24146
19304
47809
17588
33045
12569
39707
7793
15503
1316
1676
25742
15406
4409
11443
48584
21633
34110
17992
2823
16956
15500
37357
5045
17891
4719
43239
5256
17716
13927
41196
47852
14336
15420
27044
22432
44155
33548
23200
43906
15831
36367
20717
21897
12098
3771
14031
36615
24810
49918
44248
29882
24337
12859
27463
42968
44695
38483
18572
30999
11609
47330
17759
26682
24886
28702
4987
12737
46177
1304
38500
32126
34446
45658
43256
24006
20490
43129
32995
45577
8689
12122
41301
15365
42647
5156
16706
26209
35076
17188
18242
12206
40626
23623
21373
36030
23430
33681
11287
49854
44886
21128
7691
34221
18071
22461
36753
41742
46398
10129
44060
13300
18412
31211
17223
22645
19997
13933
44413
19814
39405
41573
28608
14548
43862
34939
42586
30144
4264
44715
15430
15616
16108
38216
2967
15143
41314
9726
36582
12528
14798
41236
31048
32381
31223
24532
3742
25123
417
40021
35439
27022
45003
36208
33498
9021
42943
38749
12839
6301
12090
41506
31798
31313
11043
2157
29618
26560
20920
5213
36313
27619
21012
33761
23366
9289
29868
24183
25716
25431
40415
5108
38074
844
42441
23119
36487
48404
23819
24412
30332
35598
5533
46442
15450
18363
4252
26658
30315
2456
7003
7592
37702
34530
47786
40239
36185
49357
8196
5767
10495
35524
10393
46259
18343
11362
44195
20957
25736
13645
47053
60
13588
12681
46238
49509
14234
49941
8295
28318
10341
28718
25095
12150
2274
8210
42568
49619
47498
14736
47580
7178
408
5375
49453
3531
47045
20569
11011
27158
4007
33758
9450
1800
41622
9943
24410
21448
45929
37674
32082
20347
35445
24672
48946
22872
39226
19936
43577
33490
24508
15108
13755
49956
21096
9044
2729
44474
11355
41567
16485
15568
18847
33214
17640
27456
37159
16353
44916
11304
21023
18131
6235
25139
9205
9742
3946
27714
77
30198
17386
965
22011
24067
18851
41134
9586
40033
21680
2903
13698
4332
21494
25240
2387
40259
46163
15937
45902
10959
37995
44379
32012
46381
36672
6537
16066
46938
15270
8904
40870
25530
27771
45899
8950
28170
23453
28301
40473
7995
18195
6389
16263
24441
43
44240
16668
4468
17147
30849
26940
199
7274
31156
2912
22083
2518
12989
49448
23269
21685
4787
29653
3422
11655
22196
39144
32052
19918
33820
2149
25086
48211
2450
20119
34989
46206
28022
44076
45740
34943
44124
17241
22658
30411
22065
43541
24746
38875
26143
28570
21570
10447
47901
3583
13909
23023
16018
41778
38501
1766
49651
887
9470
10926
32830
7813
15009
48153
24180
46129
293
42788
7923
32456
7409
36158
30954
37385
12215
37883
2268
14657
3657
33895
1351
40094
3856
834
7457
12420
