1913
1615
2918
21
1443
4184
1864
2848
111
3300
4435
4525
4461
1254
4348
607
4811
1941
2784
1665
3951
3324
4971
2869
1745
1634
2244
2616
3285
3234
3085
250
3676
902
2397
3854
197
523
3831
2955
898
558
2478
2422
2759
1895
4587
2079
2803
3829
254
2676
2210
4511
2933
3603
3120
4482
4659
1838
3186
4948
1358
2185
1606
3930
3806
302
4937
2015
3407
2278
2120
3948
4742
10
4308
4447
2417
3385
773
3422
2197
3659
1087
3630
3209
291
1769
1112
4048
4060
4083
885
1219
1431
847
349
3910
3482
3695
3689
2054
747
4646
2339
4859
1700
1878
612
1803
4065
1703
4772
3414
3463
4335
1974
1540
2899
4895
131
4925
4008
3961
1513
3896
1050
3542
700
705
3502
4126
935
2094
1569
2491
2710
2528
856
2404
1019
4321
2990
1191
2905
3574
1287
15
2636
2654
1559
1930
660
2034
968
3267
1079
4986
4315
1157
4286
1032
263
3060
4021
3127
1789
1067
1298
229
3304
1250
4564
4791
3447
2733
918
2813
129
4627
534
3528
1182
3711
956
3313
718
2305
1935
2225
2299
1313
69
3395
1165
3221
2977
2146
4850
4263
1543
3344
4669
54
4702
4197
4872
3476
2856
1853
280
4632
1797
2627
1908
368
3040
3072
2349
2490
3247
4159
4277
152
3799
1222
4402
1739
2330
2231
3098
2452
799
3219
2871
444
3538
2125
3363
455
2551
4715
430
1467
3145
3789
731
768
3197
3815
170
675
357
490
1480
3648
621
1150
946
1000
3109
1394
2366
4830
1175
46
3994
142
1642
649
631
97
1096
3736
2358
1278
499
4224
1493
3975
2884
2950
3020
3744
3875
4016
2211
3588
1057
1981
2749
3377
925
2796
177
4413
4537
4241
4963
4999
3773
1506
2513
1386
3762
3730
790
2838
3331
387
4767
543
2002
2585
3867
2964
78
1883
3064
3986
2992
4176
4422
2047
4782
4236
405
3131
233
3702
3454
4867
2131
4218
3918
4958
2287
1372
4615
1595
4474
2179
2029
4164
3274
4610
1482
1131
2069
4454
507
2258
669
2720
34
1205
4760
4355
4592
810
190
839
2727
566
2381
4099
3171
3358
2106
826
1307
4881
4387
4038
4207
1966
3634
864
4901
2265
728
4366
2450
1027
1340
3500
4253
1676
2565
1237
372
2770
3887
90
2153
288
4809
3594
3557
418
4120
2085
4735
4691
2573
1422
3025
2169
1365
3436
2775
575
329
1129
1628
4080
2699
2314
337
4135
1589
4497
2506
1998
1102
1729
1521
2645
4682
1683
4504
2690
982
106
1414
3844
582
3047
3158
1844
3756
1954
4724
4915
4143
520
3010
1346
3253
812
3162
2823
2461
1574
1408
2667
3565
4371
4109
4571
1653
3935
1816
2539
216
4400
3512
1754
3663
4547
2372
4674
1270
4553
1823
203
1457
475
685
311
597
4834
391
2592
463
4296
3615
757
2438
1006
2927
2546
1718
1328
1773
2608
433
879
977
