41642
17609
48700
41883
62699
70011
76240
10691
84983
68006
34772
36323
28028
8127
19324
29834
20252
70408
43949
36612
12836
89240
91636
99149
53956
43198
7392
90284
51487
79401
87601
57621
2317
38086
68821
69678
16388
93012
69089
4416
13566
73285
84913
70789
21521
82279
97049
3934
52683
79230
88184
24585
88440
39173
25666
3409
48682
56788
12388
20829
74805
9867
58976
62977
4361
47938
80390
44419
65378
21708
70035
98249
68583
18992
54584
24204
25556
22657
82541
35401
71024
56299
49759
94327
17368
33240
14975
78742
19462
74439
8506
68042
78016
11017
87253
90799
59516
36930
39097
24036
60868
27515
89853
84891
96930
89432
15882
5283
38984
57703
15473
30213
82334
5445
42176
30338
71125
81919
53147
69404
58509
44523
75660
17194
30283
351
44913
48630
70148
22965
16254
19596
94675
59968
4932
60169
36133
97028
56522
75864
1282
93985
1139
97480
84290
58625
94559
70240
61847
73810
99384
22782
48658
43525
9376
6696
41391
73505
70069
47141
29252
52060
98798
95273
99250
46726
57285
23029
14344
79853
50913
92557
16196
10468
49430
65198
75922
51658
4777
42289
75632
78516
89393
63370
76059
20817
28068
61762
4227
66456
123
20447
98362
89298
68384
47660
93577
54557
75550
50330
14032
4847
98523
33533
87153
80002
1423
3989
45545
73853
77820
5839
32239
80997
22873
66733
74863
36759
25971
82435
44404
3431
24497
17975
64139
5936
9363
53602
84433
22931
53501
88917
66092
39911
85566
47797
11918
71940
70221
83826
37140
86371
86503
66602
62903
79984
13462
806
99610
98179
35068
15986
40305
86707
79792
82529
41770
71396
81327
42548
73496
23871
31916
13810
49415
50626
74012
82584
24073
35224
33149
80552
58918
79819
45942
20615
48890
42875
67408
95594
91959
51252
4725
70719
82132
3834
68516
95994
24421
76676
38694
52097
96082
13849
54502
71323
92548
99704
58091
16352
72324
69129
63605
38340
51111
17441
7776
8982
18183
22248
66019
12311
35886
42029
50370
22913
28959
40720
62961
32001
42536
33103
19449
62592
47675
35764
30884
49161
88050
26313
88486
95829
67954
91907
80652
37833
30356
7609
20322
71970
28086
35294
10792
71592
41330
83658
28162
51801
44544
20011
48496
483
75901
74424
97831
40748
26914
53159
40482
3714
18235
72532
34574
68131
74952
82367
75455
3266
89374
77601
15156
45008
20438
18540
28150
42881
33396
11588
16218
69422
4395
78156
83478
67975
20698
14792
2625
98081
76999
91169
45521
23780
75364
80613
77576
20371
25458
56220
36567
95548
29749
32959
30631
11170
12516
38712
42032
18522
83182
96406
16321
84220
28394
9827
959
39368
84385
31644
3827
12723
13746
4654
8887
35920
31507
91373
87079
78476
5420
61182
14139
54432
6333
71515
45685
66901
63434
69236
87848
7294
23035
3721
77500
59983
97138
93732
44166
28995
45743
92881
76072
52463
96131
44397
18372
20334
52121
65760
81785
61072
96552
53824
89652
12894
40009
51102
41636
45228
18982
63791
22120
45978
96570
72184
31482
40238
24097
68323
56073
29926
51911
40821
3000
99207
3891
35276
78797
63297
30381
20047
36353
15500
12949
63352
91645
94977
90232
29093
67496
50751
65314
99491
812
15363
522
91251
29807
83835
56943
36420
34821
30515
62488
3498
37400
11735
70121
72208
19907
7859
22110
38938
86850
51307
2015
83408
31797
37378
32993
65281
92420
44791
18891
55250
63324
58298
53803
61893
96146
45505
22300
48438
370
9769
72995
99225
52250
9720
2683
32685
50901
16858
71387
57963
61741
98887
89768
85117
20218
26044
1514
67292
30243
99946
46967
92151
83936
18311
60761
22440
43110
95560
50055
35349
30143
37482
39374
45579
88624
38532
9638
9955
89731
93314
48517
51029
91233
21088
49027
56019
82700
49479
89277
14878
29615
55781
26655
34421
94437
81003
21793
46933
32059
35822
73975
77271
67463
39170
19614
74360
23600
80323
12195
14310
53183
35636
99585
24671
22239
24872
39527
52268
14103
29578
70780
13538
48441
17417
49738
4130
29596
9098
87421
98417
88212
18400
75348
73243
89496
12443
73945
12049
39048
56711
89924
35145
4493
12623
96106
2857
18580
90778
84183
19632
79334
12970
17264
12909
86127
90064
45331
14774
41294
85456
46982
34812
40769
4563
48218
22031
6525
24463
38758
73078
26053
72632
17844
15403
66642
82505
3110
24784
23389
66334
82297
66767
66031
10950
95853
88779
97312
69108
33564
34592
96512
21155
5137
19095
75965
42078
84690
30625
31601
81998
11792
6562
38517
37760
73002
63447
68403
80268
47629
37211
41843
12656
81595
74143
17881
14100
18482
50181
98612
38505
65955
84177
51966
58713
25657
60691
5744
96830
64716
28016
16095
31327
87003
63532
21506
71952
36332
79590
39994
40149
89869
57297
53846
31696
48548
44925
59076
24485
10169
36408
36796
41239
32328
32074
4954
46476
61890
84324
95130
25998
718
53043
81223
47407
28092
4148
4212
21610
59757
94944
28550
96116
80597
38596
61277
60199
41584
75818
49445
15146
61567
21482
24634
87302
88135
14396
13550
39637
68607
76374
69980
85651
57508
10279
22089
861
98264
25937
45240
78574
7352
13593
25718
10438
74592
32410
42457
8838
29059
33475
42786
94883
24616
91364
31232
17399
13221
97907
72053
80970
62272
37922
71198
83994
77790
39661
54877
64893
43387
5674
5350
57209
67481
33597
10993
1905
58854
52024
71247
95057
74506
47059
98978
6901
24866
21869
36918
92994
5814
81720
46250
66065
25504
50794
68378
4551
68433
63898
29892
87970
55866
44895
92374
78058
71177
87745
60965
90436
50858
84379
5619
28010
97959
40357
15568
55338
71985
67637
33494
58695
21186
50229
71094
61811
47858
21763
50397
47257
56379
8582
10804
31318
74695
20383
34141
55582
7569
20710
76499
69526
79535
21467
12165
43467
30735
1340
14509
83399
73090
30262
44105
89161
87882
32834
54267
32175
88578
48755
30808
94681
29560
44455
37656
43683
23063
76270
41382
23798
59919
59641
82831
26490
35120
28678
8359
82157
90558
21042
77317
70920
35981
53714
16672
5051
59748
5655
79496
43259
81354
66855
63678
5176
58948
90317
85691
78550
8362
39063
40833
45997
58799
6363
43207
31711
6144
1838
91330
42478
78467
10895
97355
40983
88346
99744
90366
38154
3574
27784
3254
53989
56040
80054
88752
11802
64966
31705
45679
8787
11542
55488
31617
35547
8207
42667
14545
25437
6296
93760
79282
73951
22175
95331
5542
88398
60837
46070
19547
88382
35032
50602
42371
86515
41001
31019
7898
64322
223
27939
97721
30521
1218
56406
15336
36106
17969
79270
6482
46146
49320
65058
16831
56394
47391
64173
6202
61939
22449
88163
8024
42063
12323
62986
84769
70826
53122
50812
76093
38895
3443
94257
88517
95432
86213
87455
88508
29441
76688
96256
98115
27421
35206
73713
75666
58149
73380
6598
19361
46296
12363
95957
82563
12290
99332
24912
98148
92463
16266
37061
10709
93744
46512
91132
72864
57792
31925
14905
23423
54749
52372
56241
28403
39756
39219
36701
17325
24152
3818
43821
89829
45719
9934
30771
50412
27204
93158
45902
67032
21964
83017
29871
26554
70386
21427
28608
43497
87543
45261
84513
33606
23618
78183
81272
99927
25373
59241
13700
72123
11481
59415
37858
25025
78406
48899
57596
36454
39286
80854
7276
20670
14383
45963
19831
22049
5018
54004
63132
68210
3385
53214
67899
90665
93912
3473
65085
95862
94614
96006
67130
78992
64347
5561
59763
4603
74833
18592
67872
96653
75525
8069
58561
45878
68082
97403
26465
23685
22318
75034
62580
38205
20530
24021
77933
25721
95722
69800
72812
5552
79429
99265
92075
76560
24729
54206
57261
83368
20072
52338
16050
30433
59546
38971
99759
72104
85242
22468
56766
67277
96610
61304
53229
37171
3037
11881
37449
40140
53876
67746
21985
48240
26606
16163
44275
26777
57215
46668
42209
95270
72849
12391
65448
67246
68506
30662
38703
4053
70591
40189
2811
15046
58765
74622
15455
89429
43085
10392
8539
9168
86295
75245
25287
61713
72907
58344
20105
15235
10300
36219
14530
93192
21039
82078
6980
32972
28647
43473
75025
13001
84726
63825
16971
97593
87031
3470
13910
11280
59223
66877
24564
54224
73060
95203
36512
8259
99308
77381
29288
45780
37812
12745
58268
83246
92783
34189
54017
15482
59025
22269
67853
24335
27674
91825
49280
59949
5903
91785
31147
8079
88086
78107
17771
36255
48911
80982
1566
58725
72648
98252
98591
78379
13367
28171
187
6690
54050
19791
96735
59565
10401
79719
33283
47159
18076
24213
50138
60938
13718
57413
97513
60102
42383
23264
26423
20972
34726
87735
45316
68857
76282
21302
65668
54200
93995
97638
49982
40076
57322
19535
74396
85254
76490
30924
34525
19065
41282
11530
46882
82178
63318
71662
35654
84467
72242
20240
11457
23218
8802
26169
88938
5094
26206
55237
37671
91898
44315
32743
7520
57410
3785
73157
5686
89820
42811
66047
4532
49994
24354
25849
99720
44492
39112
34238
64582
18308
68699
97739
25828
3684
38923
47519
68711
27619
43152
90629
3425
37024
35016
74341
72742
72693
4508
12635
30985
51642
20246
16803
87769
39777
98545
99292
51594
23978
90207
77668
97999
15375
81528
69080
44959
8918
88883
79886
51780
7193
60248
95481
27900
55985
37354
89136
95896
63743
20569
92392
9641
88321
3867
16709
31400
41874
54175
13996
43018
76005
45566
6247
41251
59668
60459
61020
87388
63523
1206
31550
11268
24512
53299
34180
25245
1441
6916
47214
29337
4334
73987
71332
8625
94727
18604
71625
60212
82096
43274
48142
11646
6882
53736
28461
78595
59803
51200
32438
90952
53205
69587
11362
62262
83970
36381
42399
1929
53693
49863
29377
14701
27183
61115
49048
54490
65159
98005
17356
18277
50651
61951
11344
37647
47455
57114
55414
7923
70411
89747
95682
78174
63514
30863
26633
92103
48618
36475
2225
62464
22907
27231
79905
7108
73295
70954
20514
605
54831
87186
77039
44825
57380
6421
76038
72971
46814
77149
65857
98444
32807
98536
49344
39609
30747
51554
16376
60447
1807
39390
44538
16764
63016
7688
56730
10386
47202
92966
50235
32349
97077
65705
36841
45640
422
44007
3919
73383
80579
17634
64280
70966
63559
99653
882
65305
27808
42652
32035
89246
10239
13270
24454
25153
85087
74796
80304
40406
13373
96485
28354
8606
31809
77643
39124
92765
35438
53113
40476
74753
80246
96543
69928
96854
19571
80533
8967
57129
99314
1560
28718
46488
3321
9403
78556
41971
77341
29685
41373
17872
50504
25751
52018
52906
54087
60239
2347
10013
54145
8976
66929
23340
20463
20756
61084
58201
86695
71583
88227
12418
3345
269
47294
51505
17142
99372
37104
98
44208
73520
20200
60257
57190
92954
22327
25135
91141
78199
86731
27155
32386
13505
770
33979
29111
60230
90421
76740
91010
81952
13114
41993
72254
62757
87235
8152
53632
12769
24509
66520
24769
99277
71677
85599
43769
99625
71909
48557
61496
73865
93702
81876
68784
79218
60950
93635
52714
81754
92737
64643
86854
98743
27302
75672
19272
76194
30677
76209
8521
67313
86387
4877
86094
90925
5359
2183
60608
80799
95246
90973
89347
47873
30442
1020
6272
74085
66367
13041
20398
52427
55308
15925
77802
56449
91300
33487
39322
56797
8597
90656
18857
68778
41153
84675
88859
32941
98108
58362
16337
58182
39393
63379
75046
79731
24900
26908
12772
16181
62958
81641
8451
49717
31
59134
91459
2930
80286
24347
13926
79487
31244
26682
50089
15107
71131
29471
86307
36979
21177
10666
13755
46418
2878
79468
33793
2469
99674
53769
38105
44013
3205
83902
49964
28422
9748
25791
14982
16654
97947
71158
45298
56354
28388
23362
47559
97800
42957
88559
82490
32529
22764
9614
50574
50644
49094
5185
90345
1294
39026
54462
51133
95618
52286
81464
38868
68906
10868
22303
25391
5842
39625
30005
82258
9562
62732
86207
39444
89979
47721
55994
6574
26478
44175
97526
44651
52192
21442
72214
91919
23917
83066
4792
98298
23133
38370
43561
60724
85236
86350
64515
66492
58140
19504
89332
79572
75266
69513
82676
44632
17167
41480
88062
3946
96790
24656
33307
12296
40320
35831
36878
42042
38492
52710
31131
87293
56940
83808
11475
76465
69098
83613
32291
8518
58152
4734
37266
76432
27433
60978
76810
95716
2714
9241
34226
83127
8182
37797
24396
85135
75849
21055
93897
18512
59714
7508
50260
12580
56974
70524
17350
81373
24976
51670
19880
35251
30832
63871
20804
85727
22208
53727
47382
71189
156
46622
84031
60688
56208
66749
73063
2564
31983
44950
55066
63917
4288
78849
28821
40201
92139
67460
49628
24180
50965
45188
29639
79648
18296
72669
36625
42942
42481
99286
79944
82743
96045
73029
95444
5921
92817
84095
66477
5118
18497
80436
68430
92920
74299
54810
21714
98569
76667
42313
17768
39155
2979
60907
57001
78119
93332
75992
1868
87165
43235
86960
26563
25629
34125
63581
43000
29715
55011
78623
39646
50358
98346
94083
49802
13459
99460
28968
54184
85428
99997
92255
40885
43928
99515
67081
61704
33265
63144
97584
98728
1767
63614
44043
18262
58814
33417
44739
62372
38547
26862
63306
98462
37308
55774
90738
50068
23514
66593
80109
75098
93104
51417
46036
55228
31431
47434
63196
81775
3486
4029
60203
28895
57892
60288
14161
61698
64609
50306
66916
89716
40046
21439
83387
75419
76966
61994
83085
47489
35441
85474
71607
20868
73938
43241
82499
93073
97339
17902
78046
31568
5228
23325
70002
95371
29435
60477
11429
49531
42771
49149
95496
38666
76529
632
50898
97745
8942
36100
74494
43415
3223
17383
64209
95606
16407
67191
50824
15360
55265
45517
93625
36991
86484
52311
70798
95429
24598
55286
87793
4279
28205
90146
91587
10209
81348
63758
27384
51539
23929
10193
95835
45923
53867
67679
26536
59382
51706
94867
76798
31278
55472
17933
53574
30210
28153
14405
74552
10004
88141
46613
48789
65647
5192
93482
25959
32132
65839
68915
14429
61673
3858
17277
50199
72892
29737
59058
32285
46695
89078
84885
40915
64698
1072
68763
85392
75950
34263
65406
15589
5585
72873
97303
55845
52085
22144
11417
94913
68299
31196
79194
99061
57975
45350
81839
13157
3769
92685
39032
4706
82023
77152
83494
30817
57258
61728
38218
79090
19605
36155
16623
30762
80842
59891
88093
91337
77326
37244
53196
95633
31376
87391
6229
83594
86008
6083
51609
75602
80478
27012
97562
56238
51444
55088
49671
56543
92533
79343
90781
36197
35126
92231
79453
2619
20945
14209
47919
76365
65165
68162
99158
78837
90745
10984
17240
35740
96302
32776
48667
44596
79163
71290
46827
96262
74442
46543
2076
94712
64820
83256
73267
22501
1322
82325
45844
89362
97858
96399
57361
68754
9699
37601
23301
43097
47703
7871
57529
11750
8393
83872
81263
7407
54651
44025
92530
39002
61069
78931
41181
51905
24662
60575
17783
9394
3980
1948
1307
58161
68659
6418
98017
74225
57575
99784
12186
57432
50162
48826
85505
63212
82926
17560
82712
11207
21781
48115
6217
36771
32044
94114
34360
46265
94797
99918
24695
16239
73411
14042
83008
71653
64744
54328
64060
7660
14478
63163
14011
64383
53791
29191
62113
89045
38587
28611
23298
15137
19385
52680
89097
5506
24250
62494
60996
63001
35480
56028
16276
52344
68058
26511
26160
41193
87110
68931
17176
23810
90751
56501
28251
49909
92505
37058
51185
9418
17893
6473
4999
23841
52176
38425
81669
48676
99396
16175
36496
81080
28119
2384
10135
15125
5787
95774
53327
7844
83634
25690
78882
68277
41987
94199
22553
7596
9287
82343
33024
8689
36802
99650
83329
83283
89963
21729
6711
27408
48102
53058
13587
26282
93976
57676
63843
10718
52439
94858
71048
63508
78855
85166
12110
63111
26590
59705
13651
86014
27930
21396
41413
87702
94825
90503
37229
91041
11844
60093
61246
36448
75794
10108
58463
84473
68357
55512
53943
16
51987
48279
17069
5692
8429
29587
15287
75321
60340
24268
98731
57013
45899
11814
95011
16605
46238
220
81492
7047
20853
51725
61133
20148
72297
23652
19858
34763
27714
12674
10117
94034
57816
97553
2033
16694
40906
18909
37763
12006
91721
10624
33637
13871
10080
24198
85291
30759
36686
5713
7483
17756
63776
8500
21390
47892
91965
81736
99091
2808
37275
93253
8463
79554
2594
70353
12113
96888
66654
53748
36204
53275
71778
68024
91343
33201
78205
986
96418
72468
47867
77338
80671
4914
69465
94007
25699
84937
9589
20350
68531
4831
36747
90891
20313
43580
37775
62058
50245
82212
7819
83234
43
90833
2161
48270
77439
43360
89197
78873
84226
34046
69895
7551
5610
88453
28556
33320
20902
71235
74872
68363
19751
84806
37613
58832
65342
79471
50562
21833
26743
4114
25229
69727
60138
24943
49109
63807
79593
41431
32157
95090
27689
85062
91605
76658
84546
93564
3333
21894
16715
48453
94803
13859
19300
71531
17698
18213
6797
99122
12537
57337
49192
675
97654
22416
8136
41135
79706
76615
13251
98578
16062
99186
74769
162
28934
44379
81507
16953
15552
6855
72391
85773
96598
5976
79307
46677
57230
13331
54548
33930
41904
63932
59198
81550
58219
55765
54245
14118
32584
40891
87284
13773
46128
26960
23942
2775
47580
9849
5048
33954
26981
70606
16294
98514
97068
6534
68839
47272
48203
2982
4261
10642
97709
91779
15183
70185
33771
71061
79993
25049
27460
39225
9202
46689
52271
50464
71863
17988
14448
15842
90851
49469
45029
2585
47968
75394
53232
20176
25528
18198
82117
10224
79352
58774
28272
17212
90293
89203
13147
41895
86683
53006
32602
4749
75779
89478
50373
64591
72596
22541
64115
75153
69352
26377
38764
47587
17643
98920
25892
5430
11374
31885
89258
81565
3418
64496
51276
84299
9342
54615
32758
40265
681
6110
12668
99161
67817
64014
94538
69596
22620
44727
37543
23633
95923
64853
18201
75178
60267
62323
96445
52048
26273
85785
40397
30723
24235
93790
1996
75333
15528
46836
69779
68595
76871
47751
66004
23411
55390
67307
7285
45084
94874
62140
41819
14158
45597
8225
92615
43265
67887
27079
11466
49305
80121
81638
98078
76417
77533
35953
89469
81052
61869
69068
99439
33433
2506
51426
8793
95759
37525
92023
20630
41697
63050
79657
34858
5485
36188
77186
29188
56165
52393
64094
84168
38355
59324
52063
1236
11338
38791
54728
74994
12357
74927
82181
77472
90769
69230
86438
28437
35779
89612
38004
66529
6669
97532
91874
33094
98404
28580
43635
52482
46564
10978
56992
13428
73908
13401
51215
61619
30695
57139
23240
99329
65806
78388
65876
93863
90058
56467
55875
20890
8735
71702
23572
6644
47770
53165
88865
71891
48096
28855
72938
36954
82578
72730
74097
69718
34314
90400
88694
64438
64533
14625
66086
87314
73560
30427
36161
5433
87659
6342
29392
56696
38627
57908
85080
57840
82386
10590
73215
95887
50983
5384
13498
66889
69416
84314
90885
98191
38300
30060
24137
66987
86924
36899
61396
34134
18790
17093
67106
12848
40955
52570
4102
17869
72883
42362
66205
25635
89264
1615
22516
45789
93683
59736
97809
17206
64655
92649
85892
59778
71341
4719
47230
15766
28055
17035
76084
81708
60044
97550
74680
2826
4374
97965
43552
74186
77756
51285
16010
1789
46918
27125
20731
44227
89838
67560
10538
67777
81162
67905
55604
97489
2659
23020
92090
70676
35877
12375
1719
53928
81949
49860
32142
81894
28919
71357
90339
51087
41828
34992
56366
48575
76136
11304
46708
18921
66953
93503
7737
17536
29777
72703
10492
64975
4313
27799
19187
12552
98356
43427
64164
8402
376
17334
36988
68928
42930
33869
4984
61554
40790
73014
14640
63889
32279
78220
38678
86619
76832
40250
83686
15543
67695
7261
5576
29245
3843
46042
79151
25672
60434
52997
15021
7590
25162
43006
58591
12064
78245
79389
16224
64084
12134
37430
35178
25095
43711
59235
48404
38947
66489
73032
75889
79899
40033
63410
71146
96711
76581
23469
18226
49433
59336
19205
20420
75617
843
5121
41404
83585
3608
40525
63270
21332
61094
85538
8869
4450
64316
41501
25480
87946
8326
47684
77161
66697
19126
79838
44254
59730
94816
31119
7053
52982
73783
33686
76047
41150
46775
44629
49115
35590
12861
28504
86771
57605
39939
36438
68345
31855
26923
23224
33902
99851
98215
33835
57093
57200
78306
39332
67368
71479
84849
3531
77305
97916
66111
507
27622
63160
22590
73874
57740
74058
47507
95878
84791
45420
76307
52942
79258
68314
48349
73481
18729
3504
45691
23676
41919
84949
44364
5246
18818
54026
20783
26175
74601
40732
42438
68619
85187
14283
57157
18702
26999
78061
13129
13572
12735
20124
80762
35245
56147
88025
6354
86551
30658
9217
70658
67392
66773
43125
95920
42569
7425
14188
25065
7306
23438
44770
78974
87525
1499
82471
55915
29462
14063
25806
85914
30271
41065
73337
43845
96500
97498
13080
74244
36786
37937
88871
62516
43451
1438
64725
98838
33014
70514
55649
26963
80887
21518
24378
95588
27314
6870
40229
21268
85196
71811
9131
17402
95386
20209
52775
33942
3992
52741
81113
68192
52219
28736
12491
27338
85355
25919
58060
19715
74744
25925
29548
45957
68570
19706
97034
60349
90131
43870
12931
82169
62671
51731
60123
29960
90262
85407
99079
21360
23346
28238
56568
19568
14072
74579
67093
26221
31388
27964
71842
11576
19233
21491
62565
34403
50846
90278
99668
69962
79001
38959
7370
78696
19526
65769
61860
66291
81974
82126
87674
60187
3650
54853
39499
65220
83576
67753
46454
94126
60026
6748
59342
25467
64444
68702
27765
39713
69483
55542
59812
2887
2198
37098
95847
90635
24738
14496
80375
13981
55127
27771
50690
35508
41959
24991
63422
85843
86945
30567
39548
1227
46384
81424
96866
57358
99909
31519
66178
92600
69001
21949
19147
1963
85749
32569
99000
94425
27857
66681
42588
61179
79123
46131
41446
24412
90671
72281
92063
62296
31959
24604
25449
64902
71790
20749
14084
64237
74006
88657
73649
29368
72236
91694
41947
17060
18146
73462
68250
42270
73325
85987
84961
63834
4001
94895
42301
29032
36692
98273
41782
59839
9879
47287
38181
62793
20090
91153
54563
28132
98823
38303
61918
70328
41083
89637
65174
13968
74326
24146
78641
63413
34003
88471
53452
42060
69498
36527
30485
25055
95173
23853
44343
22706
64734
56635
51856
82261
60364
15534
39341
58231
76783
141
93729
9440
60517
99726
93613
54889
34296
33072
2106
70984
51615
92020
77054
27735
54105
19022
59272
22138
66819
30533
3299
71732
20832
16541
34714
91309
34839
54072
87360
44999
60590
53525
46152
83436
87781
86872
67139
19251
48380
61982
96079
85434
43363
38825
11954
98127
70212
53672
49573
94706
46222
48932
63666
18940
77872
20035
9107
71888
73432
25776
23603
86786
37165
61829
9913
31528
44330
95521
4862
9781
23359
61219
52256
74415
66971
7081
41358
48984
4905
96586
88566
71415
92270
80036
40098
16749
85587
24830
93415
7969
15622
51948
75431
26703
440
31632
87116
63053
87470
89948
64664
57697
86173
50632
39792
78162
35102
57886
69309
83661
19581
58787
85663
57050
85303
25608
4050
88801
50074
60352
87208
5308
74976
94629
33127
11591
40803
9327
44477
31974
45456
56708
67927
89707
17469
27326
40342
57456
35819
58194
29084
40586
69623
8939
95466
99567
20298
38044
82633
89646
77085
89774
24000
19288
72794
38743
50513
13840
95472
83173
30039
86240
97107
66468
57532
38993
32816
37418
12797
68488
57822
64863
2863
99015
41559
71299
5155
72828
93821
30045
60059
95109
19742
83945
88590
1597
63974
85495
19416
5066
53498
15278
8698
96195
70936
80195
84049
65262
82621
54926
92750
97370
10148
72617
78678
77250
54447
29856
55433
83225
2448
29041
55408
31077
70160
76124
59128
29294
6653
32651
65537
18616
62110
87565
78135
80604
62992
27057
65604
91758
86890
49225
63498
33390
85926
92444
97931
25303
28592
45273
17304
79874
71546
62241
31461
38682
15891
24363
73279
54331
4673
92429
4947
13614
76249
26197
24534
42228
83414
77912
68094
97330
7319
17585
5451
8475
77762
21921
80906
10373
10285
66153
88761
26825
62855
69452
78458
1529
22626
7615
94846
69339
53400
58521
46958
93711
35138
15741
59403
21549
32316
35730
49631
33698
62180
16514
6778
14362
58954
46506
66581
51676
11564
75406
3138
78418
11448
31623
44910
69822
78257
79670
82990
13392
65394
28040
71311
59177
42975
6943
12644
18546
31009
48420
83866
88605
71436
85517
47712
44129
30454
208
64292
23453
27411
79520
93039
40851
45035
2750
5738
79850
19968
71012
78434
40259
42112
5915
89759
62473
84430
9736
75873
27286
12122
22608
27839
29667
21955
69178
63639
88468
97696
59159
76569
71750
86027
37638
59626
32898
29792
13727
13797
59888
87647
43345
14765
56269
6043
57654
78687
80771
24445
25086
72962
17716
22712
25889
61319
58994
33707
40293
17014
49662
38917
16456
58704
42338
44199
10819
75162
3013
16779
51835
70923
33671
73697
74289
28653
76404
12885
77466
71946
42939
59379
93644
74613
26841
31769
92679
61457
11219
916
50266
34272
39570
64283
17118
31583
74656
95810
4963
46277
40973
23200
65421
10505
15503
18122
75251
40418
95154
50498
65024
12156
51496
49061
28373
70670
76767
43839
25568
93421
30939
69294
77112
34220
19016
52845
66938
60627
67374
4453
4169
93265
51407
19269
89951
79770
24967
66224
8213
14222
82602
96937
82667
55008
39258
239
77973
47477
23966
77131
89124
34678
52573
41266
2411
81617
10264
6009
95136
84351
39844
75202
93165
52765
65500
297
84083
31739
34705
81540
81675
65903
29978
11554
77848
59440
97989
2637
94019
41718
44748
12272
84903
19483
75568
69327
61191
17106
23713
91391
75959
78827
19700
23407
59031
84733
41520
98850
2363
91434
75931
60538
66196
12998
65580
74540
95350
16111
88974
86811
27509
69938
78504
45820
53629
49451
81861
13306
5280
61576
83555
15760
72150
76166
67441
74195
28443
81098
45353
1026
91810
80332
67478
29902
89484
34955
69263
59995
53568
88312
29029
23740
28971
562
43586
72568
79011
80182
78391
64396
68949
76929
55555
18964
32209
28104
45402
58756
65632
93216
32572
2475
67237
91449
2918
47004
28669
54630
35694
66434
93381
58970
70118
50736
34391
7419
68400
54780
6055
65772
2329
69703
84208
82776
47986
74308
70756
4386
47602
22025
83759
55271
65619
91684
59940
57102
32700
83503
38117
22693
78949
32902
34879
26813
30549
78122
24106
51478
93351
99045
28196
11060
69013
60151
76648
12174
28266
74235
82792
91480
34464
77527
78968
59473
29819
56882
79523
23584
41654
14255
64182
4624
20582
86973
76279
19788
41858
71229
25870
38834
1874
26386
92386
86536
38968
52234
73963
55808
43223
75983
11512
25013
94208
97464
18558
30170
61335
13318
94596
9516
93235
74262
60648
45466
54755
29645
17072
1096
70398
21378
73096
81202
48307
79136
49701
69028
35785
10593
84855
76697
44159
97413
86985
74711
78870
4358
44037
36469
95035
20676
51938
28290
81040
47019
60633
84650
99054
26624
394
24817
71927
30600
80570
48746
26941
94507
26310
65827
13166
96897
15195
71494
85209
59006
87986
84620
49619
23060
47971
35923
38849
15210
52405
67270
30259
85993
33735
24067
58927
2234
60676
55216
90174
50882
26761
54706
9629
54218
20054
43891
1264
91312
88923
80091
42798
31345
29786
9949
48646
55298
55173
29868
26792
22797
22471
88840
1197
541
22815
27634
50547
62833
36582
57749
26017
15812
75287
72071
21665
6305
43918
54770
60849
39960
6891
7996
64466
3657
86719
10178
48182
80079
83542
26359
29416
95820
43982
83371
78531
84653
3696
345
66343
65931
14325
35364
33915
16504
287
94907
55939
59067
91663
5948
84076
31540
79398
94282
62931
43049
51639
599
68143
96244
69636
18024
80311
62223
42753
46741
89063
42640
67783
63984
22742
67615
21656
53443
58313
64914
28708
51697
72373
57587
61738
69846
4325
80918
10654
14969
29935
28757
92859
53251
60410
91276
46198
14179
14933
58536
95765
34418
54111
37150
26529
60013
84403
73142
80414
93439
14280
6498
16883
83515
45810
39979
84534
98780
69559
93805
72687
272
11658
14332
28782
69159
93476
44269
97764
65687
96277
70484
58274
11384
51014
32731
64197
89060
73658
91016
67438
76844
43409
41666
91718
5881
3592
24778
14432
85575
69111
65339
93818
5463
47522
48795
74402
55469
94303
88846
25120
64545
21995
11091
4526
40424
88199
41175
57645
70688
64026
13028
86918
89667
93799
95902
824
56669
8756
44239
56891
10053
91541
91886
38620
87479
93372
78037
47843
61268
20002
78913
75507
79758
92862
2088
412
62552
93003
54529
88404
47242
27445
10181
71756
53907
66166
87754
98234
14917
19559
88611
49326
69904
95420
14945
8271
76142
96747
91211
34668
95987
56305
98285
9388
61292
90360
77353
1111
54715
81400
43934
31910
25345
83817
1389
5008
3238
60541
42597
74463
47364
80835
535
88367
35624
63541
28690
31760
61381
21274
32514
75312
36735
73609
171
45737
78022
24714
35416
85462
43516
12720
72443
59586
75837
52533
34568
86570
59577
26886
58063
45289
50116
54307
36222
94925
18973
21854
58011
55509
49189
31681
47379
28818
35969
98932
24622
81843
95701
62400
79242
65357
53281
65677
47077
69956
73618
83912
56086
78489
78144
94162
87195
75852
18357
25214
79938
60392
86792
63334
44553
26700
5863
21842
69544
9925
43738
27262
36835
49201
16993
22986
35846
40159
47104
88263
35615
6162
77677
87540
13190
29911
67228
29844
11326
57941
38740
70093
84256
66578
53834
75532
42643
73533
33542
41318
55396
80393
9232
96811
13883
6373
82422
51764
1746
78312
80347
95212
89219
36854
44465
83628
25425
70478
29142
49564
92048
13633
83744
46979
57090
21906
56827
68479
10154
70456
48465
26325
69373
36265
65271
99955
7496
65998
4014
95536
33722
47745
77256
45853
36597
9473
36768
55814
9577
61432
61506
59165
18335
56803
62922
84839
33768
86454
88730
61362
96222
22165
23539
60718
59845
16370
74170
56104
58606
85041
70621
87262
77836
24524
37998
74216
73887
64429
91767
34156
80085
66404
82844
54252
90464
76459
45139
75629
85611
77509
35340
93967
4191
82761
34900
42231
46253
11139
40656
64478
51166
96335
17731
57615
70994
56385
39856
49076
71647
71424
86902
33057
42859
47953
51627
27399
97617
69788
94419
55713
13483
16492
61356
65714
27067
57956
52881
58393
61780
9534
98945
7160
62507
92588
51291
45173
65226
88416
50101
47193
81852
5591
6189
42170
10441
53480
94297
95118
77173
1349
18290
95301
34647
9839
73572
73475
61872
63569
29563
26432
73624
76505
57236
93055
19520
64267
62046
9302
85767
60782
45756
30375
15683
72065
48609
26252
40702
64332
67661
19431
19898
49366
23761
18955
81110
78525
34067
83787
14316
88120
36020
89997
68186
53385
38642
2796
86600
79023
8011
49177
94581
84504
89872
85819
57035
70054
63178
22837
58481
17249
22974
36823
75461
8286
93116
58588
33259
34614
52131
64563
97248
8008
96808
20600
14536
28312
77625
90412
48243
70337
60038
37961
20545
79700
67536
15519
2729
82013
18116
74476
84696
39963
17548
32230
70286
84754
9662
68418
92164
83268
48539
38804
80729
53534
48832
32013
44962
25370
93677
87858
53931
98713
3003
93451
14890
95191
43647
64933
75556
78299
16730
86640
15909
14960
76514
7868
97626
26935
9897
93088
54422
59525
61426
519
58878
71167
51713
3306
82462
52326
91187
21818
4307
90101
67685
67515
18445
94956
50879
16028
74048
42826
62424
12522
25535
62916
5646
22828
54233
80454
85108
85261
79911
40604
35181
16349
75745
80134
63184
7804
86622
14582
43680
464
2704
71106
65482
21015
51584
78638
40168
88669
73102
91739
5472
60145
55637
23704
24082
40024
73591
92518
65864
98893
89112
13663
37501
67936
27485
57074
27567
27167
16907
88523
72303
49582
33616
80817
24796
67023
74564
33515
75211
94489
67643
54514
995
18256
46521
46930
63904
81583
3180
32398
75644
90079
44687
54975
46464
20920
52860
34803
99732
77891
18946
77488
83521
14551
99695
45044
94462
64625
79075
3196
69764
43055
56199
97818
18131
73920
49137
38462
6394
2671
81882
60114
33994
74943
61652
33750
61060
77445
32856
8301
70075
78986
38068
15735
76212
69184
49006
60090
99631
44880
56098
47132
74912
46763
79960
19996
38349
88074
95063
86146
40568
27588
70734
78782
52457
92753
92093
70023
95298
52878
94443
15384
22217
66144
40635
75083
42081
66636
6739
7724
81043
85560
3058
4236
41224
14863
25943
89084
55036
43400
89222
64753
66211
56278
56254
16449
93540
68995
8643
53080
21091
78653
99527
91120
98957
34736
41059
40503
66675
84131
46949
53019
42243
2933
22342
19654
98481
43540
5213
10428
55573
1471
53068
90192
12955
73737
45661
81763
6605
64307
24286
46790
16828
9443
27280
26899
22733
61487
61109
66800
75809
82395
69437
49216
14728
66535
49357
94459
97925
32096
31949
58518
74939
21195
85868
35261
76981
68128
37958
85022
74903
80485
87629
28306
71457
73139
41611
82969
58259
91428
10047
48008
58103
89621
58420
13440
18628
93204
21317
49286
72010
63645
93662
20026
67219
5878
88202
53519
8146
80176
4438
52637
730
91526
75690
14597
94758
80759
15320
78339
27985
49231
66105
50156
14454
6131
57474
59189
32023
56495
19730
70557
31220
11115
15671
17524
14686
54413
62381
48176
260
904
43146
858
14615
72831
91178
86744
71039
86762
18436
18717
78098
45798
21225
64460
40214
61121
90156
39502
72263
28537
15641
13865
73230
66279
79609
23084
54404
76395
99473
90033
48014
60877
70044
9025
46906
3354
10746
12787
68555
25278
95691
35303
75123
55030
24314
73197
59220
28183
46500
51996
25986
44669
50742
15256
20655
12073
85792
56919
91511
92655
5637
10886
43039
40961
56922
37681
57496
86429
85828
58130
4480
64686
52552
86228
38450
58039
45472
60303
84928
12821
56904
27140
28565
53666
42920
61234
8240
95398
91745
55954
73456
38431
30347
82724
79639
70444
34946
4599
22361
67600
90372
45890
27347
6287
69318
52295
28763
89588
41721
80237
12501
54941
23862
74643
73816
67945
55057
59455
10123
67008
65629
21732
31336
26249
43216
83857
87098
32255
23896
98755
22126
39838
38859
22074
68213
87409
19986
87867
63764
92728
43119
42713
30018
36036
15784
50730
18000
21064
61835
54789
87577
42344
40500
27472
43976
90226
78360
17042
27610
81727
55427
25519
90870
65329
6113
71088
53559
88001
58552
574
10837
68989
35572
10315
12702
74546
52500
69697
45096
60376
46006
6824
71698
25812
51929
21235
61329
81800
49500
22886
28876
15616
41794
57718
65693
71915
81238
79322
30900
9607
30463
92298
57163
53852
9806
62842
45920
42692
37116
72037
28867
48780
21201
7789
23142
94056
91672
81806
85215
24259
13828
83930
46876
81147
23163
79447
37186
50028
87378
44571
71402
74726
26145
99192
13703
72486
29383
83881
44813
74964
43024
29505
45163
34055
62458
78895
87992
49827
71616
60813
84064
46534
82007
15693
18110
79105
88425
40558
97287
51069
68631
53266
62006
77866
25037
739
33194
2247
93305
31580
77955
4172
15632
56336
42808
17081
86252
7642
49683
46317
22522
30961
9223
4078
76252
16013
60599
33344
93943
16480
12589
17722
83191
44181
92716
9003
26124
91053
46348
93064
29630
99112
77225
13205
36558
39145
35352
58475
99213
92606
2152
81446
38486
44938
23484
79627
69605
66898
98673
22855
12018
11432
79615
94367
8857
28800
90589
19111
44138
70832
34784
22992
94401
90848
42710
21885
22284
95679
76743
53086
27253
97153
69819
92701
4065
10727
15436
35010
25766
17679
9504
47638
5774
97785
50013
33716
95221
23545
36243
63126
32560
15067
64420
54642
74122
13974
87131
52363
88703
77128
57758
84110
78275
45017
40384
87583
1935
79099
47120
17920
10761
77021
31205
11106
34241
41074
92319
58863
67209
94632
30085
78330
1081
5704
87815
28522
68445
67869
89405
82914
17811
29011
49250
12214
24924
27878
8106
31351
35947
46650
35383
96988
79728
36063
56287
5823
97150
59363
65458
85318
91559
66709
35489
52897
75498
94523
12467
65131
2283
95942
75596
94187
38324
20408
53037
72226
27463
15992
64524
39924
44507
59256
41202
58436
98697
1392
74778
4517
99445
56601
12455
56128
32929
63099
70371
82953
91031
18461
96216
1484
67286
36539
77399
48945
52381
32535
74131
30311
27219
65091
70081
32270
44388
12082
86265
86896
72764
23050
43070
93287
22339
26215
56815
74488
27082
61542
11240
12922
85550
41834
24302
21918
47083
55076
22187
93879
86042
36908
67325
56009
93528
13285
96995
3623
69532
89890
96283
89185
9678
95969
56989
27918
48816
25123
36728
37406
84629
28693
45536
28727
17222
69889
10303
85175
48151
18674
16880
69733
61796
8298
11725
67725
93049
90690
15244
82209
87064
26026
92621
59604
54062
54291
22953
56116
9058
55628
69611
17798
25904
84598
58323
4404
36149
66303
84397
81437
48081
3632
75016
97391
97117
4468
71979
17518
12986
96689
86167
93189
59879
60911
23838
82245
51545
1816
29828
6061
23755
68976
1829
86109
94666
53681
67579
42219
5857
67154
23185
2024
90696
45054
34018
797
37861
14374
26978
4151
23884
4664
25705
34034
84876
58286
51783
18821
88743
74982
50864
1606
99936
44587
33664
30411
73664
80042
91080
12977
56629
99024
58118
26575
64075
27042
97822
36005
8384
53550
85709
61377
6986
40543
2292
63346
68799
78342
94742
12031
20777
10096
70749
3214
23096
55689
99003
40467
44809
89551
96540
77616
77063
36652
71369
7
52918
36945
1410
40937
93555
71467
8671
23151
88285
98859
81907
23908
93848
52607
37085
52524
52210
16984
97425
36048
85883
8436
19309
8719
62079
73368
27726
40192
89005
63105
73673
9903
93595
30997
84714
64637
34623
72779
30408
68689
46308
32462
95972
17823
66999
54532
16153
79508
56177
63727
62626
54157
47425
2604
24683
43436
54139
40793
87507
57917
62085
77775
62650
62287
88901
58027
70646
70167
64774
25733
17005
28629
51346
70804
39182
36817
75074
96128
48356
88544
43445
31812
8661
33368
1911
90259
39454
88447
84748
81824
24854
48862
59870
748
37433
41465
23203
34119
98182
2067
19217
51142
77454
80808
25748
56647
93128
67185
46634
46396
33112
55134
74152
76819
9974
49512
88233
10740
85383
4490
49051
92347
82999
18882
97876
29163
25171
51050
59910
11191
60492
15803
49399
12143
16425
56754
34372
32547
59681
71271
94101
9885
89322
29603
83844
14219
17185
91987
88968
31998
51249
93100
34980
69047
85672
37845
69397
50486
14719
83570
49949
4545
55561
50803
49839
59537
35859
43876
83979
39768
48035
56452
42557
99881
74036
82105
12302
71445
83161
81513
19480
97059
57279
87632
19172
65799
55726
42869
90516
92780
75278
34205
7374
4249
40998
32877
49900
81156
16303
28330
4752
50300
23316
97883
51209
93854
77594
18088
44291
52445
59501
56962
9263
69510
87827
8777
25193
94935
23728
77042
47095
26679
23078
32639
44117
89536
73780
80631
2097
43787
13642
33585
18018
42627
58249
55317
72086
96766
7572
52805
45115
48856
33140
1709
96796
92484
38035
82410
7129
303
58173
55747
49408
55970
37900
84955
59491
65046
55759
35706
36716
29322
89698
21674
6254
46424
89802
50446
62031
15873
11283
45154
76957
51032
90723
50428
64045
94156
11683
24579
70572
80518
76713
62125
8579
90030
52649
30686
64152
96238
67569
135
92804
66718
70209
63852
2454
49384
40619
33460
89145
2909
36487
4636
54932
77585
46576
51096
21216
18152
10755
51227
52009
41861
54319
5298
57856
66547
63062
37256
95569
27024
34501
64786
83960
53336
83796
39728
63251
89783
65891
21409
39417
11756
31827
46406
82413
82853
47178
50049
68308
68870
86362
66837
69059
72046
58616
38373
96344
97013
2396
85096
25263
12098
31363
18366
16462
5729
3064
51355
79120
95252
51865
38242
94098
54896
91202
35520
85486
73307
15864
58738
11606
96030
34922
58826
1182
24549
94339
67969
23371
37327
88276
58909
86280
52588
86069
70261
69755
88260
82236
42469
78089
1667
50403
40058
91221
60523
1584
19648
38196
59461
29062
83304
14643
80549
70435
78589
95041
86655
82898
71509
65116
53962
62522
84705
30707
72385
45194
59638
75303
31168
62192
47022
22495
45124
46851
53428
54609
15113
75971
44675
44355
46113
35666
39020
38093
31775
43189
2125
16483
37790
20539
80161
53919
90122
51978
98429
34485
45148
41562
2839
10877
43317
1648
63788
64243
39539
73349
19492
23981
25235
42682
16898
5964
46091
68885
97846
14664
25330
15088
67917
28803
84482
70902
37009
17859
37735
63273
39075
36393
28589
56431
16788
36579
98804
49811
54960
52820
90183
28986
41538
99964
36127
90619
63688
77829
27652
51877
91706
57313
87415
13346
20499
49784
34345
69282
1575
42963
29175
84156
80509
7239
68879
46338
38877
77634
61225
69578
7444
47324
48530
98206
71729
41483
80948
94550
95075
32087
9495
12549
33161
83777
70975
24045
22944
45618
86115
25544
76069
16663
14060
6965
3080
95786
20966
21741
50034
57990
65012
56684
93223
73542
41028
34287
88987
24952
22223
24189
12562
72559
26401
7209
76752
17927
17255
67582
78074
74881
4575
84980
53354
65040
63740
44703
25010
98704
88633
79236
49375
31156
51398
21686
12421
30179
51468
30790
64121
75135
46848
99875
6504
65110
68848
30094
91388
75718
87516
78730
16556
91614
75785
15073
76536
50171
53980
54599
52479
29456
35608
97251
11149
58982
33808
39203
15040
29490
26001
5027
43485
59784
67063
85373
5396
60889
66944
32422
22385
36051
34937
39802
10602
62662
33069
18879
25202
44339
65882
67078
70533
62949
31864
72352
28418
5161
92273
88337
36371
82535
98493
88736
91196
5262
5530
59360
83320
86463
13956
37012
2201
18390
96692
9986
4343
28925
79059
87327
78428
6330
34531
99357
8173
84418
79044
2259
11869
58686
31043
34604
28492
91840
34253
22675
21326
50956
78562
97867
93775
72434
58005
89914
72507
85907
93546
59394
51954
99598
87363
61350
57425
75583
7068
3675
79963
86039
45649
39310
87082
31064
23664
43619
68079
30649
90500
58677
61637
52973
25879
53705
72413
11319
91651
1008
54459
32215
41742
77073
90473
32648
28943
64557
92362
66419
99177
324
55976
89609
38175
50528
26499
17133
32615
69162
39560
28840
53898
31458
47733
40336
39710
86609
74177
90918
17688
28342
4825
80735
36304
77988
37580
92936
33576
98060
12238
40101
9482
46372
9360
55201
80900
34797
53092
83210
8112
5372
32938
38123
82520
2546
47828
75919
59263
49888
91263
76606
5103
13248
43656
22394
87247
48337
43137
11030
7474
10785
63593
19031
96052
98453
58048
26105
82752
90711
41672
78779
47565
16089
80787
1374
94571
87214
76633
32068
87729
15006
75489
35154
55152
40113
8707
42185
32129
16688
73234
2781
33854
63657
80521
45395
25611
61646
80628
61536
5625
53406
57938
6455
68262
29755
36075
98478
32868
15967
9339
58643
90610
92219
42609
74790
50348
63941
7178
46998
35975
93491
48322
55668
45768
96457
90528
3953
58408
30845
30192
8960
52784
65513
58933
90989
28336
41120
33893
84128
24888
21821
60798
54169
92289
9275
98621
61927
779
98224
29889
87916
95234
81608
928
85639
18342
58335
77427
495
73765
58887
47449
80701
24436
39466
4859
91865
31025
8902
16102
44303
35538
36542
55353
80469
55149
51371
98508
85969
23823
33848
82456
90162
77378
10257
91565
30073
43995
39139
40174
56678
59482
55533
91126
3248
70109
70847
11152
73755
52146
67426
75574
62156
8100
54096
45063
39887
72608
51233
70179
50440
15220
22001
41361
96775
25300
72571
38233
63572
21241
64994
34476
84574
65568
33881
80494
62729
65976
64380
15268
98862
38904
30506
84263
22681
81025
89179
42096
9458
10849
4422
53785
84638
40128
17298
70496
35215
68491
89908
40375
60502
24805
2176
41218
51053
85877
56864
20994
36936
95325
3284
2274
4181
43805
3046
73313
4972
19974
48475
99430
29072
31479
12690
18659
4093
77100
73356
66755
85810
99988
21283
61445
69864
42280
33408
56046
89594
8420
44840
6434
51813
43073
15610
83698
90448
70252
74814
70768
5320
59556
39597
34513
12613
55369
30903
61478
85715
58805
11359
60853
23505
87146
34021
83295
39103
46442
44080
60322
67994
10453
25080
81083
37903
75193
16288
3275
40571
6269
77994
7013
77851
34910
54673
82822
71796
61005
33378
55
15723
40693
37696
17426
56595
82288
13056
19623
30497
5338
23179
32444
9818
31052
33658
43696
8722
70899
44776
45490
18171
64502
49744
14197
13086
47040
53138
94779
37885
84610
36890
87348
11088
37339
31086
15668
18006
25577
21692
81305
94764
89515
50620
73829
98768
1755
80024
44974
99412
65510
937
18638
38022
22727
63386
67624
59696
99891
84369
33423
22803
70563
90088
86402
92200
46714
57566
73166
56067
88013
19059
13913
49778
31937
34162
23127
95731
75477
19733
29267
82682
12855
36319
42426
76905
62314
91800
62354
29987
88785
16800
27118
55680
33359
67658
5088
97004
67020
41126
23523
21113
79371
71378
76383
28226
98160
19455
41459
31189
27863
92249
61155
36426
28367
26444
9708
4688
74320
38776
12607
75449
36173
95456
82084
93836
42765
68625
52161
31040
52619
83094
53595
18772
11252
93250
51758
81553
94028
24836
86582
11640
54035
72950
8039
32358
65204
80158
6028
14994
71872
54471
65918
96476
64353
2646
81983
74738
54819
83606
89039
66123
73441
29657
85160
50712
7389
50596
20579
30231
40070
7889
64408
66828
69919
95621
39490
89319
15860
96464
33085
39261
86521
9723
36347
90992
43754
75232
71717
3367
64832
38230
2537
92005
16562
61210
57724
27643
22199
663
63233
19245
86994
59598
22535
35090
48569
44446
39084
99616
32706
32721
42832
77564
37461
65787
26362
50281
87894
67414
72367
8448
83671
14466
73896
81186
9034
7169
86323
47068
46171
74860
96064
82740
76972
79206
14295
15223
15015
60703
69687
62183
97172
94141
30619
19678
68451
101
5143
64829
15448
37204
80878
64484
84012
13816
70691
21589
67804
9549
90537
1771
31742
7136
57999
66611
8561
48481
63959
1246
83463
26661
44053
46027
5805
77363
35807
86722
16929
30069
46207
65946
98093
78769
318
1044
1548
31421
8637
7078
48722
13938
77512
21879
1981
88248
68070
72114
34888
11997
30308
71076
32367
7908
9018
76932
77689
30918
63486
86316
16538
74274
76548
33643
60462
23935
14695
93400
55256
45823
44986
3452
6516
57804
63465
68119
97098
31299
32474
59614
55195
86805
24909
66025
49292
38471
70307
57767
98322
18662
45939
25782
38782
31302
94474
57786
41755
7624
83146
29996
5533
74582
71204
28122
80063
80295
84342
13175
43180
50007
85523
21259
32502
2057
20554
75730
39319
47669
67737
80927
77729
16941
92057
14847
91813
42258
96665
29966
9592
44565
67835
64148
86643
47648
71576
96671
42746
31104
45209
85752
81485
54636
54963
11124
47535
90873
81656
93027
18058
6959
2555
47910
92115
71836
72922
61606
98313
31180
97892
56955
81415
40275
46323
62894
15577
73566
11948
9318
10962
81388
32248
47614
41095
16758
59925
23115
38059
62363
27533
70466
29358
27887
17701
81012
20112
28846
55921
54847
60386
91980
76594
50931
16932
94278
98981
58542
1685
53171
17655
9177
35096
42508
66327
79419
17661
42515
63965
54349
80649
96366
94355
83039
68
87681
13688
11826
32984
96708
69477
65732
51795
51685
37714
50144
65436
68808
40018
45249
34452
78959
33005
65128
21076
58741
15391
48963
21579
51453
72757
9528
71564
59119
14896
84232
7215
62348
92472
77210
36509
47345
31653
35566
20475
60560
82889
98380
95359
46439
13941
54990
57065
57773
47181
53779
65006
89289
25834
41529
54670
629
21412
77945
27845
57560
48127
96183
27591
57447
611
26340
2955
49546
90387
14676
60001
73923
86475
87558
15461
58222
57029
35758
22013
96381
7148
62873
64701
55600
99534
50315
38276
89570
31891
80826
96439
45832
9141
10514
73707
29426
7343
83136
42151
62656
86414
97678
2372
20133
98331
77295
37311
17508
24280
82050
84559
64948
80207
65363
89420
68339
14658
60746
28211
10474
26542
26728
59101
55109
93134
24741
86677
33783
97349
91507
49848
7459
29761
57517
81131
48319
82227
7340
15171
53653
61670
10068
25852
17566
72675
61518
50278
80698
97434
26264
48255
82801
38318
40726
62409
87027
15958
37537
42527
32306
89383
96573
50773
98551
7535
44712
37452
5362
92301
8542
38410
12229
48053
55524
78284
39878
49524
39783
42145
83103
1847
33326
76703
59430
99869
94660
1468
61530
58457
12058
39817
84009
93653
455
67716
34324
43506
80011
26182
44858
55170
25583
1145
55323
46106
21595
81293
31662
42734
65183
11185
1038
15094
99793
42194
86966
64768
32920
11777
73847
51362
15799
28513
83710
99402
72733
81067
641
72809
13559
10563
96360
94382
11857
10853
7758
27228
74067
72196
968
26133
76297
39356
60065
81931
7633
6193
36081
31443
43323
85227
971
29126
47925
17960
55497
77417
16578
58387
43284
38730
94315
99344
2500
11701
14512
90812
91846
1175
81458
11066
80582
3739
88999
8341
13355
65467
80939
5759
74900
33463
53367
46088
12699
16645
21106
83539
11078
82560
87171
61591
69565
1157
66968
14609
48707
47413
43888
59443
15821
98658
87485
18061
89527
2213
20633
45496
87125
63813
7981
58304
40760
19074
42106
90302
21622
85273
21030
18686
25251
24326
91413
13624
52356
8481
33332
81128
49488
41495
54493
67389
41623
57059
3791
39734
61786
67353
9296
97690
11695
20264
19086
12757
86243
56412
56153
14734
69034
78806
8872
56849
9430
7837
39896
20099
72953
40323
4081
36863
75895
3757
3666
81928
20185
71006
96622
67841
83713
71637
64069
559
92942
76346
31254
51389
90323
23551
17313
13733
3025
18421
96311
19349
78226
19391
27375
16123
25358
30719
97239
18836
69364
84861
37235
50788
70279
8048
62204
99235
91578
1102
75766
8558
85642
70585
13514
21976
64252
18848
6806
34861
26346
84522
44889
83054
46219
1697
20307
58573
14570
52509
14753
64884
90452
94050
10776
4819
96036
56534
17478
79780
90403
64228
30024
477
97757
52152
37989
29722
3522
37345
98386
84144
45450
879
44516
12262
87980
64368
82068
18793
62763
87699
43906
47495
65143
34195
84119
27103
60956
60315
3925
1459
44095
7828
11002
79279
19407
72025
18863
24650
36237
83982
32593
24988
68287
6611
43723
10541
90043
25339
57389
29310
70890
4801
81366
4032
67173
69648
60279
51746
97196
95749
29407
41343
63083
65296
9198
70722
96973
19379
68812
16437
87275
70704
25596
10242
43543
51526
76575
6406
85959
48731
37626
92792
75376
61588
43812
65586
41309
51261
45322
7541
55451
26713
89109
39576
20960
34681
30393
12409
196
50333
61405
36362
21128
60077
37299
92573
22925
83027
11896
75351
60804
9470
47834
79145
42356
23819
60663
66428
33280
66865
14127
51178
41050
52079
50995
20289
28888
72858
89444
71
65845
47355
89936
24387
94211
89359
72345
1508
55900
91596
79783
96726
68036
67548
19315
89023
17490
39673
78235
37980
67505
63474
68662
2402
32767
32795
6705
4929
74701
37598
3159
41706
81681
62333
40592
91282
99109
49039
82868
3806
28455
79297
27549
76447
9189
50092
72626
99482
7224
47788
56733
90931
10334
4294
19007
5402
64924
64847
77283
47593
36637
63221
44843
63282
47812
46760
14786
86835
36112
17750
30298
67798
73124
77884
54572
66559
80118
97458
28241
33552
14145
39051
81406
5665
74527
55100
13096
90574
83213
79365
52118
11503
66443
39750
52183
30127
38529
73993
69944
94608
75519
22379
13413
68897
76111
77656
78812
9260
50214
40452
79801
28776
41593
27942
66849
22596
82374
47947
47886
26642
53650
28638
17029
68723
87598
82782
96641
61149
26597
55735
59296
92203
58085
67164
35041
62708
38636
49979
46161
79828
54352
53620
62714
16315
88053
99802
34446
68735
71268
72422
71769
92872
95170
94495
52839
74204
86753
70508
3568
88953
67115
95408
89844
20929
22272
11921
52939
67710
59653
98139
44440
98969
32621
72474
10685
74848
24408
7667
88944
17576
29343
51517
59977
93763
30323
29136
82038
50666
4883
55835
4761
99576
67341
26731
29239
9992
2524
55448
62809
76026
12333
88038
94230
82950
1279
94138
13474
79975
20508
83765
3086
62775
97382
26752
54908
446
32969
52411
93293
31269
26392
50980
74109
44068
63926
90546
80445
5234
20459
51316
39655
3583
12598
57682
3144
74024
7706
27662
49125
35169
49085
44220
53464
97202
6012
7715
43378
95008
86182
12201
24115
89982
62687
45585
84781
35428
71302
92569
19193
49558
33524
72016
27002
39829
35679
38389
89673
65070
98871
1639
80747
90091
20063
20487
38559
43793
67826
59098
47773
20643
80665
56873
77961
99506
79679
59311
49598
72132
10413
54392
56656
44083
25110
57178
91941
93326
39423
35080
82193
89301
66254
97181
46586
35285
96091
6782
60752
34098
94077
32493
39908
30103
21137
75385
20224
37473
77262
3776
37558
75147
70368
76917
73636
55829
18918
84025
42844
35901
44282
1792
81196
3379
22751
39231
30188
46357
62601
92692
51844
52228
2146
13761
42499
30555
13526
82618
50535
59281
82816
8371
90967
48368
699
44428
10822
94376
22580
69205
7117
85419
64875
27143
62632
19819
68525
74665
35322
42673
9073
4642
16584
72989
96760
53412
91095
65595
17942
18479
64002
19224
16965
45301
86933
60566
42405
46369
77402
91062
62015
69150
92334
97602
24701
48874
56342
37705
26783
72516
26838
4209
8085
10578
70243
85972
80958
63395
48197
38166
73209
97223
43622
15293
64951
30826
85148
55613
65729
91242
86869
47315
20899
16208
87803
85856
35892
69248
98789
7007
37494
33811
48295
82444
34440
88492
93693
2302
61420
5951
85840
2009
53754
77006
21802
53241
86084
14820
75104
84491
13895
46073
96152
96619
58634
71805
84058
70871
20368
35236
88813
27173
40818
88291
75052
87879
63071
97089
55048
35932
1896
2436
57663
62784
93589
20713
48957
57544
35557
85367
13324
47999
1053
66373
98685
33033
76474
87665
47696
23282
10618
28486
66263
19925
65525
16147
53306
38138
91932
45862
1063
49265
9043
15342
12342
97645
14359
30475
32663
75425
83338
27494
8268
90564
57862
26297
81479
3873
36298
83725
28
48801
84818
76886
65473
47165
38395
82709
67524
16080
68577
77903
69837
79743
26066
74259
11619
12818
97266
46012
19867
30607
61628
21476
78006
79929
95652
90250
92899
66669
90824
83481
12024
84998
13016
69211
5796
44605
62870
8060
96906
44788
77799
92142
33936
12247
70344
75065
69990
31553
70859
82871
48139
92670
47263
87229
37195
22849
87940
49936
93403
66053
8317
15702
29215
76868
42981
17151
62534
77012
97977
15918
14823
56485
45557
86338
91538
93601
22410
41602
94233
44867
40864
19336
86445
40445
20841
17124
52622
12253
37381
80362
27695
6763
99842
85325
81220
76322
31788
52729
61045
63630
62433
79188
74390
21003
44245
2900
27039
34086
39402
51328
79065
14744
22864
22425
73185
27356
17615
93348
63691
36609
66187
87491
96918
41245
62256
71991
91089
7465
49762
76313
42292
66730
87616
2115
12919
13389
24933
37665
55851
76105
59046
15424
96378
86057
84275
73111
56858
51563
91922
16529
68152
62821
8249
6461
79685
38266
61161
98169
55341
37153
8848
11783
18583
9659
55698
32712
51822
29203
88822
56131
76011
5073
60779
81257
71216
99836
586
22648
38416
30945
85441
87775
39438
51078
2576
80277
69669
16138
77216
17454
3092
17496
72657
23642
22565
29499
70868
7258
6122
20725
82352
48383
57392
61033
31290
19919
45109
80869
16242
10026
38147
92496
19153
52305
94831
47129
73050
98026
75709
51151
99036
69260
76859
46604
16913
39695
96876
34107
26093
34336
62021
12433
35523
3745
21531
48047
68253
81247
87925
99085
71485
21146
2948
32108
14805
93143
92127
11982
58661
14249
27292
84241
88685
35645
61252
30799
13212
77741
19422
64985
60178
31095
57847
44147
7941
14261
72587
92173
91358
62235
26035
37873
58079
77240
19050
38569
20762
73581
46738
11173
70548
5991
66810
10914
47046
99558
15980
12876
74683
50474
48163
27756
10929
6235
11243
6312
71552
92359
78269
73392
97373
25187
33295
37827
74366
95661
52039
23743
52866
5323
94513
44700
64673
96952
2738
48029
38282
73728
46897
15168
23450
5494
3541
86399
71686
70197
15833
33173
6583
18808
71253
8823
87046
17832
11408
4691
1124
99811
43165
26801
21641
93467
7767
13675
1359
88892
65259
76722
77710
29276
76944
99543
62549
53104
18570
75187
18046
7798
10483
81318
31128
68015
37281
94562
74637
71525
32377
6037
11939
73746
40925
75120
96204
6547
78910
10523
34498
11670
54920
57465
97162
66288
47461
76423
55881
84830
36673
63865
11496
25647
61942
49918
71052
1652
77738
54737
64805
54862
20423
18509
65079
23108
64213
38608
30118
43851
92322
34748
85340
90949
17289
68961
83112
13065
59827
62589
26859
60651
64109
1255
1420
66242
27707
67145
9061
51334
88123
45435
85013
14484
16398
10328
11716
89451
37726
29706
84333
94642
6098
74518
94996
24222
21293
26502
40873
18091
37128
49796
9800
23255
85938
27366
20871
16846
72455
22257
88794
8930
69993
50208
98661
90644
68467
79548
25968
42020
5765
58359
96845
43741
12476
29001
11622
55707
24164
48072
3620
19947
15940
11969
87836
70136
30851
27244
34553
14930
93277
51124
94263
92035
33445
4252
32673
9687
69745
18323
69385
2338
72913
10636
30878
55185
43601
1951
90485
39271
2765
63709
85285
42414
99363
18644
388
79178
65543
41102
1972
63242
58500
40690
80356
81290
41739
72715
97297
91855
50129
52656
47544
15946
42322
50385
61463
840
40662
7746
96506
31412
59958
34754
21937
41938
16861
95362
7026
46283
27958
18406
59797
83649
45621
49155
78928
99683
27817
8762
44489
898
55799
60422
99979
1621
32416
43662
98813
25315
78733
42618
33213
54059
31849
74460
71830
44645
29526
30585
6177
74119
23960
67765
63996
83
80256
72315
45984
25483
11908
68747
94990
84443
98044
7523
8994
49650
53888
54389
41166
85349
52698
11973
44614
19101
88672
99778
7978
87436
9855
87952
70942
62812
63459
98588
89020
87446
83454
21460
25492
82642
5036
65235
99769
32166
78449
58848
94172
15302
76352
39866
67988
56553
80423
65241
85123
60611
11042
8616
9964
89689
59083
24128
56327
90009
52799
68180
57349
76774
32340
32187
59018
76621
6812
7099
95514
51893
21555
30979
33506
95502
39478
30369
54371
339
49607
93519
27573
49958
33878
68650
10370
72095
62305
54685
68674
49924
93940
52518
72788
42450
29227
21564
72544
50763
25406
10557
86548
56839
82303
45377
27530
27903
93885
23627
35376
96833
15656
6937
92930
62415
75001
83423
64618
76178
29941
27829
30152
40629
55945
46183
70636
16639
54285
56571
49503
20685
22776
26459
80146
69852
49000
2515
1725
31595
62446
86829
46052
62888
93180
65986
18769
66398
31836
6754
85950
57636
92841
22156
89545
76337
943
85737
56315
13196
10090
58899
19690
21634
58429
75733
40772
56476
2427
41031
1856
96525
86136
10956
60486
64795
78711
49338
16413
37366
4581
31672
40641
75828
94245
20170
86075
54123
23243
10932
47806
55909
19806
16813
95792
19773
91486
4899
88306
22483
6839
33982
34845
11039
7959
25419
53434
36969
81962
35465
24012
97776
29157
33158
92457
22092
69135
40943
76154
50943
61756
62070
40848
63035
22355
96961
6449
42722
75693
9775
96299
69446
11222
7187
78620
19846
41962
73252
56189
32822
26233
81180
48285
60981
73404
20984
96329
51890
13785
98902
36667
91025
65552
28046
26612
18732
48398
75226
21164
3165
22059
64579
67051
51008
65967
83347
97712
18241
42121
48429
70423
15323
48066
60926
63202
6632
90595
77109
86573
41807
11396
5512
28080
98646
91498
2848
33188
82905
44751
66782
45389
37803
26420
32883
18418
41544
46595
45609
17624
62616
72278
25150
19166
5210
56589
94736
75297
97275
78495
36286
48844
98304
53022
86197
24006
37748
29316
76822
77921
99823
68229
34653
18751
95145
705
29697
58448
20609
39194
6922
39298
92435
59855
49729
27991
13138
53486
25385
8811
92905
20151
52955
31223
48597
8652
29108
71119
50922
99259
37516
13291
34699
18744
80405
83277
40281
74073
6846
31727
92637
16053
94068
92185
89795
7920
63028
35712
84195
99134
90119
85624
43970
26075
5985
81742
11872
83152
91462
83353
97580
70820
9159
59672
88154
49872
20276
24753
48581
24473
92222
59150
66236
96946
34964
34586
66382
24299
651
78605
62146
97504
60294
33826
35682
26874
69349
54822
80976
69651
37943
17380
27192
89158
82932
93952
67258
23691
57145
3318
56620
32117
69199
11768
88532
37046
9128
31879
55118
2753
88596
21772
99463
22458
64039
53818
49659
17594
6388
95188
16614
4612
29520
66312
1886
68235
67603
85685
63715
97669
80228
89579
41016
10904
11835
46552
13038
50837
42902
57490
2485
18451
51435
78702
1536
75751
35999
41337
32490
80686
43705
38575
83079
36643
77555
98438
3553
34302
54365
52549
39948
23276
96180
90018
5259
31965
70295
66358
79316
62217
13105
92408
91630
81815
38260
34363
57306
38660
39689
3113
6672
56424
12809
11673
76182
72522
86155
5896
15598
48719
86289
91407
50675
65745
41929
39249
92988
98063
26117
45078
66501
34543
77546
73795
1673
15058
23786
48905
78370
7691
38013
74332
61689
43293
46802
65925
15415
58655
35026
2964
30134
88648
7673
15775
2360
66565
27558
33228
71851
94962
113
73832
85001
40516
65381
50458
93442
48768
12485
40674
10032
9556
86356
85059
66074
41773
95289
35315
94693
52594
68549
92823
66630
14411
72162
87052
81629
10358
37919
35456
19761
79435
90909
27976
45218
13236
18699
7438
37079
93366
17438
28480
33622
68958
1169
8191
29676
3394
85032
19938
53379
79035
42008
1740
70612
42579
62098
6995
98636
61286
95319
10218
4786
14576
15717
55372
72153
35199
38886
32789
52668
95575
13605
74372
8896
788
57242
83899
16031
82654
43335
80219
21341
93903
83042
69877
89725
3702
52823
24058
9754
54999
8161
82972
29538
20939
62162
84586
754
52961
98032
30225
21616
86664
27741
24842
58371
53992
19822
39515
33967
56772
50583
19352
92832
7242
39612
35596
39982
45423
11295
40085
96018
38459
48508
22635
35868
74823
57923
8747
96164
72407
19132
34983
2042
73523
53312
81580
40534
89506
3190
69272
6559
22892
81693
54273
96637
46799
20798
47233
94785
20359
3965
50553
33759
48972
14008
2131
3888
65818
6626
60413
87720
95093
67048
97449
28745
84775
84568
6156
43305
3519
84452
72333
81336
35398
82313
7935
409
36277
70313
23472
31495
21363
54700
28904
79563
60734
97220
53589
89899
52756
33045
51575
34382
14835
38813
88718
19886
35798
48923
38071
73172
77692
28299
91999
32193
41578
17801
30954
90806
3129
52732
68107
82142
87333
35495
87903
10343
26084
37586
9116
80719
16739
35746
98606
7032
78760
56229
62745
7325
18165
13450
67331
19663
92975
79868
90708
95649
61908
9089
24555
31406
60828
73429
73688
39588
6077
23499
53345
36027
23008
43958
2662
66132
88105
90217
18039
96424
83442
2268
88355
84665
47309
45258
45722
61808
45701
242
88373
54792
32844
11539
14237
50699
94346
95029
87012
41272
30579
88178
82056
55655
76893
34073
42136
77192
42893
61976
46863
59208
6727
41422
48227
61023
32453
35059
98395
14026
40436
6879
77717
72172
97123
34913
98929
27097
43595
69803
94394
65659
34632
93924
57871
16593
21756
56519
82596
76221
19956
3907
72495
48636
23398
86493
52109
4139
13279
22663
95933
14860
43778
46656
37040
40363
85605
45365
91102
10676
1365
22068
49015
78669
65415
49259
45655
56748
8338
23566
33246
50705
49692
61966
37562
2698
59305
52921
56052
41684
83738
60898
1316
47333
84305
