3982
1493
7207
321
230
7705
3803
4549
6373
153
1738
1173
6410
6748
2563
4701
4317
8045
2155
9876
3761
4358
629
8170
9861
6719
717
8909
7070
9492
1166
5335
2223
7470
6708
933
6832
5245
1184
6308
7673
1686
5376
1956
9748
7323
6099
7220
663
7450
8135
746
495
8773
5557
2765
6215
2394
4008
4494
4723
961
505
4986
3553
2796
2320
729
3321
794
1510
8315
980
8936
6647
5484
7920
4198
8329
863
2017
6695
9
7652
5848
731
2786
5409
1315
9925
7157
5139
566
5927
638
1966
3061
5162
8418
5085
4040
271
98
8398
7456
1512
1354
3704
2305
698
4489
6532
4178
2862
8108
4976
2055
6264
6824
2001
1637
5013
9666
1461
3537
5758
6244
860
1244
5027
9913
1691
704
8968
6238
5982
6361
4868
1390
8749
1422
1473
5151
3500
2686
293
3378
7197
9130
9271
9315
130
5052
2553
7267
9488
6970
7905
2517
8769
7728
8751
3831
3596
5938
9035
5267
6230
4301
8573
4386
1718
2652
4336
999
5355
5788
9372
2805
8425
3398
9227
547
3961
8895
1251
9639
2322
3090
2262
1547
4610
3697
3519
2071
9540
1213
8599
5430
8975
7631
405
1008
1975
7110
3508
6166
5851
9168
1061
7970
116
8144
6422
4686
7241
6116
5956
3775
3102
7374
1097
3619
3919
2967
1267
9003
257
7407
7683
7165
7044
9260
8650
5448
5729
826
8819
6663
6296
8607
5537
5770
4204
9899
9643
5470
4328
9405
9551
1276
9722
8184
2414
2844
1287
4466
1193
7235
9309
9506
73
4648
7572
1456
5607
8374
6949
7990
8252
572
2382
3841
6857
8299
3407
2069
9803
4264
4448
7357
1599
4900
7113
8554
1703
9693
8837
5592
7733
1087
8465
8693
1882
2840
6952
2946
7100
1857
47
9886
2612
7417
7893
3647
7335
2504
5415
2366
29
3548
395
4477
5941
8176
4149
5344
6382
6660
3429
33
5326
1627
7032
6031
4104
8367
4078
4618
4245
3179
7839
2049
2129
6918
2983
1921
9944
4668
535
85
1334
7590
1981
6010
8283
2722
7175
9145
7560
8433
9657
8849
1309
9842
7367
168
9605
5965
4902
8525
7890
8567
8121
2634
4774
9177
7534
6011
9081
592
216
7055
4069
2939
8729
5911
2272
3049
6802
283
7544
3204
7849
2163
1657
814
2184
4637
3953
5105
8200
6812
4392
7750
1375
8879
449
2959
1781
9616
9480
9796
2463
9595
4874
4844
240
7476
3525
5867
308
6079
1751
1815
4363
4419
1950
2343
9720
4628
5659
9686
8079
986
4556
9231
5973
7000
4510
7855
4282
5219
5305
4969
8352
5565
9092
7615
8015
8490
8407
6721
6329
2425
8472
4300
3720
4888
5999
9079
2371
4577
7666
2285
9112
8115
4836
6973
5588
2407
2136
361
5272
9052
2171
9046
6552
8918
4165
2332
4119
4275
6619
7769
2144
5318
3632
3863
6589
6335
3792
4943
5494
7880
6182
5367
525
8781
9284
1155
9439
9131
8686
3461
5820
2670
3165
5546
5747
6461
5232
8331
4852
7491
7775
9563
1916
5578
1620
1296
2538
1150
915
9989
1791
4816
3946
9344
3811
907
3119
2598
4995
1871
261
5294
7794
3935
20
5259
2000
9573
4407
5895
958
6689
2247
1322
9852
4432
3246
5625
6314
7140
6105
6896
1206
3227
6778
2716
67
1057
8263
8004
775
1842
9400
2749
4750
5193
4018
3444
9026
1670
1230
2858
5076
9207
1861
1555
3353
9324
4797
186
6064
3387
7978
4589
4760
8093
9974
467
9426
5871
1412
8664
6474
551
9451
4380
7006
5664
3262
2099
6927
7280
7026
2542
7827
473
7311
2201
7568
2251
8941
9105
6597
3675
4929
8067
7224
2106
5178
6760
6569
7509
6418
2644
2586
3473
4054
3254
601
8051
6679
177
378
5691
3568
2451
4187
1448
4230
8824
8620
7597
4254
7077
882
687
5689
7252
6937
3895
9838
3012
3098
1575
790
3320
2692
4826
6607
9461
9012
483
6255
2114
1106
1822
2976
5431
891
9069
8708
7121
8235
6159
8151
7011
6571
4539
5507
144
5798
6544
5181
1535
6043
8347
9530
1678
8036
8542
4933
4099
7300
9967
4761
9910
846
5806
10000
5635
9704
4960
6990
6359
3739
7602
4781
1080
3880
834
6140
9366
2087
5221
7789
3338
2704
3908
6025
3053
4024
3669
1402
5141
7432
3185
5123
7399
6864
3623
7511
3142
2488
3002
759
7648
4238
2604
3758
241
5719
456
9418
1723
7996
1746
2441
8999
7801
2037
5650
7141
5400
2351
6880
9585
4660
3133
427
6633
2676
9293
4123
6843
9191
7342
807
2523
3152
3307
6083
8720
6445
2298
9351
335
1833
3487
1024
9270
2995
8793
3657
5704
2780
6282
3240
7484
9752
8508
2919
7383
767
6909
4671
7301
1900
5479
1128
3881
4518
2476
3411
6204
6122
4153
2892
5047
4913
6271
3859
311
5458
6737
1904
2235
8583
351
415
9444
6437
2738
1344
343
5775
8865
1364
1039
3040
8245
5290
2627
1771
8860
7870
1233
4562
6146
2577
7714
921
5613
4527
3281
8805
2023
8447
8672
8928
8635
6456
9766
3728
436
3587
8083
588
1762
2886
5390
3978
1047
4451
8623
1582
4348
949
5112
6787
4716
8273
3783
6764
6630
3366
8306
388
7946
4739
8498
6055
3211
3451
3278
9739
1489
5037
4050
7088
7423
1934
1019
2219
7524
5526
5202
8460
1602
9811
9829
2758
5006
8887
3574
8652
2818
7186
9627
210
6343
8228
101
4594
1140
9385
5830
3026
9952
1649
6890
6391
3125
3683
8533
9213
2826
7934
4695
6793
9933
9785
7954
2436
618
4132
2500
650
191
673
5888
2903
3077
519
7696
4807
9777
3607
3200
3927
5094
2192
5839
7757
1111
1392
1563
873
5677
9549
4090
8989
9190
9250
135
7626
1438
2928
5906
3993
9673
3294
8389
8740
5061
5738
6509
1525
6525
7818
658
6488
4426
8028
7924
3830
9520
6191
3746
7283
8204
1806
6174
9154
2873
4215
8951
9335
3348
8515
6518
3433
6495
8215
58
5517
