20223
40712
3322
14817
42695
15999
18213
41346
19129
9748
44469
10097
10265
24341
46155
40218
49605
11445
36760
10811
16176
9977
46521
15163
3093
46677
1984
28354
45977
7084
44312
8558
310
9734
37935
27346
31775
41401
46102
49309
8639
36175
24863
6302
10254
6203
12110
36643
40749
6917
13163
34546
11927
44524
9522
30143
34495
8606
42321
45368
31640
37636
47053
46039
14037
203
41117
35445
30340
49782
40775
32229
35845
9058
20507
18070
29140
11187
14658
44248
43937
29085
47240
18239
15059
11530
37179
12484
12513
11513
11463
13123
1532
37365
8013
42664
30835
19224
32535
20624
6925
17383
39713
1240
37240
24114
34018
2277
49952
35488
10459
14020
23247
44794
30596
2509
31897
34104
4104
46056
43908
15528
21233
19149
25100
48757
6455
12766
34403
36428
38598
5181
17678
23888
7822
22326
32902
4908
4711
1755
14499
9926
11802
49299
9656
28368
42876
2443
44416
41608
315
39521
2361
18148
45833
23734
47550
46230
7746
14718
178
6875
25948
41062
34252
47451
29432
44127
17022
25696
7708
42231
8004
44625
32035
5697
18909
26064
41054
31225
46775
42501
1511
40966
32979
21283
1890
32876
18454
11765
33887
40386
18880
14705
32494
23893
47500
42272
31949
3606
3563
22941
39948
39856
33312
10486
20083
1702
49315
32946
16002
49929
19054
13392
6952
26401
3083
36681
13776
17359
21425
31550
8889
4686
5987
44581
603
21833
7657
37053
35300
15116
25408
77
20159
20485
34250
34350
28003
35764
9577
32082
2051
46749
22641
18595
24079
9897
23726
9090
25359
25750
3124
31923
48095
10886
6534
38692
46402
1221
6406
46457
40908
44478
5796
32398
16016
14609
26319
26224
23925
6029
6734
20662
34429
40421
13749
45310
44603
43975
41578
24184
37397
27829
1847
12281
3220
29563
30379
31441
13590
48522
12458
850
10872
32822
32479
3222
806
43831
36782
28736
4798
2849
8953
27932
19954
39557
38572
16021
30410
1920
44814
38764
29323
44487
10952
6839
24329
40650
7563
17478
5947
10387
39060
2878
28255
1745
33663
2019
15824
9166
25724
8744
19297
10724
36391
26894
25803
24056
680
12691
7915
32738
38968
16637
4195
25901
44442
2463
18584
31284
40151
7198
46470
18326
26012
31408
10204
22822
11068
23671
19738
1310
48362
36458
45719
38381
794
12153
47884
9467
8787
12412
10439
23699
34719
5781
35686
25364
17144
30996
39245
49434
28298
18413
539
23958
37644
39762
43899
4973
11431
17611
13596
33512
20821
30687
21808
2962
20929
32811
24592
17641
6353
42563
34096
12403
33584
32282
32837
16100
11889
11693
4064
16703
39200
26476
17318
34600
17071
33220
45911
43929
8082
16567
36593
20127
23530
21784
15188
4825
48313
39806
47004
12777
31165
20446
19533
45679
9321
37952
36960
13373
34765
4076
3580
26424
16884
32470
24743
9722
35898
35544
3685
2883
4847
44018
35132
29442
37961
29821
1679
19758
11706
30872
12635
1684
152
27025
47217
6254
29168
8774
4671
48548
40061
17542
39655
2793
20531
34116
3194
10769
16788
37575
15764
23995
13826
42043
15406
42833
28331
9240
10329
13991
10709
36976
15333
14522
21961
36254
3650
35358
19375
12395
25647
1403
25229
32564
2807
4290
21395
5875
18650
35853
30135
47190
8594
24837
35270
19928
12783
34624
20206
28179
30974
24448
3460
43552
44506
45113
6399
37696
9935
35030
38683
24550
35570
34191
24082
34279
9205
30016
38567
24697
12957
24819
10035
29749
9945
4645
12063
12494
26417
14168
11854
24735
34293
25472
41964
48656
6337
36225
4146
3484
43609
41515
19880
12743
42647
25373
41100
33538
18395
9221
25925
27329
38677
29027
46590
17682
26912
20745
41283
2459
22361
7714
25441
49018
28652
21741
22246
17101
17884
10857
22704
21897
19079
41263
12302
25057
42217
41251
11626
31730
1740
3751
27575
27166
24901
31318
2326
26128
28542
23031
32453
5477
17663
6933
27839
47501
24776
23411
27802
13726
33725
40189
47072
45626
23284
2559
6383
9778
10541
33782
37345
32171
30054
1388
15351
38654
15139
45604
2155
30523
757
873
12572
6583
5079
5326
27221
39112
9255
40723
17580
7374
46335
39188
26536
29767
36086
35637
16199
7641
46610
26812
8922
4249
23057
4987
7882
36901
10430
11969
4336
21221
8805
45763
17467
34472
22535
9832
30327
19349
39792
40616
2633
45263
39898
37711
26244
8361
12977
38881
38956
39220
35784
3628
3551
25713
3658
20551
36998
3347
31035
21358
11124
41875
20844
46421
28800
2141
47477
34237
17157
29305
13625
12900
39786
15726
901
33036
18755
4943
22178
574
27596
8259
32119
14475
19530
31171
41300
24369
13967
16233
8826
32006
44455
31536
37836
21830
20774
17042
36324
17084
45382
14544
22506
39649
425
15554
43006
21497
40374
35033
29198
41248
2239
24016
24466
31479
38617
44988
19944
3180
33230
32793
29424
31334
30105
28576
48981
14792
37816
27756
44744
16834
5993
23470
37444
7511
2721
23327
45226
21766
31492
16744
24656
41622
33016
27405
3147
30314
17249
31293
49166
36889
10608
21052
43129
47027
8901
23704
42602
18837
2382
38273
19910
41131
48873
27042
16538
16446
15323
36532
3444
33924
5343
7958
8169
32361
13306
892
48906
41478
22153
25239
44790
32313
8437
7313
23932
24358
27179
16550
49532
38498
9307
4436
9351
9807
29503
32187
38895
49274
27292
38788
23591
18514
39139
25895
281
24416
11222
3351
22609
43014
26934
25789
44336
17438
14615
40513
34928
37188
43404
2248
18796
38219
25301
29519
46816
7509
19210
40813
45704
43398
13483
37912
12984
10442
36242
9563
43732
42435
6559
4461
21245
37627
45936
37012
25710
19021
29545
27421
26545
26261
46836
17714
37908
27910
7079
24175
27709
43297
26525
36487
24666
41646
820
19457
24451
36988
21630
989
15760
1726
2417
21071
38311
11011
12600
44933
23136
28414
21406
5481
20522
29339
48864
3994
17582
4610
40978
22011
36020
25687
17394
49326
18009
6121
40340
28328
30588
35654
21254
41503
40473
28042
24276
46616
7868
30097
48069
7338
47657
48914
16477
47703
17493
24718
7233
10181
35676
38254
16578
31266
49932
13053
15975
45661
20322
42945
46958
9191
4918
29712
5204
452
21201
37766
33593
81
39354
1589
10932
11142
1650
4151
7261
44710
5108
44831
11825
9507
49737
16411
17751
44280
44114
18139
15107
23200
8542
28801
48711
43288
32552
13038
49962
9392
29453
22347
15073
5752
2895
1659
16596
13135
46793
12320
11040
19573
33094
40586
1111
10587
30932
35933
15261
47283
15197
22439
16309
27054
25344
30205
23717
25864
1330
14345
26659
1825
16451
47875
15659
37252
39316
8098
39548
42087
41921
38186
32753
7345
8562
5295
12836
25287
30196
19133
11164
7638
28228
41979
36106
42673
47608
9458
17264
18830
49024
49251
14692
29357
49349
31565
31960
27283
29461
38636
3335
18709
8486
18442
14754
30158
47280
7227
47463
41755
37584
17872
37029
47797
5405
21169
37978
41894
9101
23496
19838
31937
20893
1157
39446
9627
41712
22332
43334
2570
18857
30860
8716
19179
23832
2746
19005
16990
49813
44823
32935
13405
34934
30553
20374
32488
22579
34517
40302
45969
13787
36609
22103
6380
15612
32026
7171
42911
19185
11728
5819
3905
6049
22983
39365
1832
41634
32665
13712
35473
18528
22165
40035
9148
35642
4870
3183
16802
14779
42411
5642
20119
15818
43483
35622
18250
14890
1436
7299
33509
27562
40127
4952
17832
37377
38448
37551
23388
18921
27746
7000
30480
27559
5022
27738
34556
13288
19500
12827
14312
38376
36849
12053
20987
35053
32439
18573
40
9813
49100
7045
25631
48815
13364
9670
49112
26059
43345
9014
42444
43534
8852
13947
48722
22754
42525
27414
5736
49999
19932
25049
20908
44971
44382
36797
46273
6687
36928
4572
7007
10778
30370
11472
25754
3470
3635
43221
9177
17299
19564
24070
28095
34070
24952
11992
21106
22909
15093
11774
7964
17899
39205
42463
21036
20640
39760
31902
22081
31389
21869
49245
25112
28164
28879
34820
9636
29638
4561
44593
689
22388
37525
29210
34440
42963
13077
15635
49625
28237
32659
26874
41550
34029
26386
17328
22393
33643
20641
41224
28280
46821
20583
25464
15891
3696
15148
15378
20060
7892
742
4392
33899
26258
12603
33251
41121
6865
18819
26510
18348
26009
44779
14354
49527
22629
11483
48423
7549
3017
26561
25832
18789
26867
43438
19199
1571
47297
1128
7038
21738
35993
35779
44051
22268
38006
9513
26989
39092
2627
9992
36190
49840
44536
41367
19889
48787
23856
17928
46633
23351
45131
12464
43387
19413
35082
34049
39742
41388
168
47974
11199
13025
7483
33048
38791
37230
12798
18302
3438
19335
39179
32517
31676
30924
7366
501
37804
41889
22956
31691
28945
12642
4361
43514
39264
33945
9296
42196
28281
6829
583
26049
21665
45592
1282
29043
37995
29244
41784
48502
10732
5674
14594
15661
26810
31832
31804
20437
12888
13494
43781
33634
15851
7108
14898
35987
46949
33358
32679
31972
31659
9496
25486
19269
18479
40278
8277
42425
35175
4099
4529
26285
887
43087
13505
48704
22027
36764
49442
32703
33915
12221
49729
46755
21531
38068
48391
1699
18200
48777
13758
6093
2260
21120
34670
42455
3678
15154
39232
28458
40433
48443
18947
19805
17206
38826
16260
30777
655
14083
36034
42319
18059
36918
27529
32866
4165
46865
21685
32854
43444
20690
15085
47612
45543
12258
14454
24259
435
30616
49746
37705
5913
25606
27445
42023
36147
14007
30907
43844
46093
24883
48214
20792
15586
11565
3718
48484
41013
36435
12909
7125
19404
24422
28895
5863
48371
11866
10695
31862
6595
11027
16657
45025
37307
42579
1087
21309
24706
39342
19085
31200
6627
39847
8870
17698
36899
734
9247
26592
30163
27868
36657
23072
33051
29882
30738
14159
832
20305
27485
21912
48185
2311
44402
32377
22226
25206
4754
7973
24262
27898
33542
362
785
22872
37662
19726
32573
12349
22460
24941
32251
41866
49360
47306
26153
44666
29603
11451
27068
46911
47777
33967
9852
19240
33719
25995
26093
17858
22899
22204
39675
40117
8230
36558
5607
5288
34917
25153
38021
26117
28870
487
965
13677
39876
27491
29925
37687
27109
45493
31043
25313
45681
32250
32921
49051
40622
5962
40140
20920
49914
928
38489
20868
12928
13617
1789
14635
40609
34855
48156
48829
13242
2915
31688
43573
13567
10831
49720
8754
26305
49427
48517
33559
7592
19552
36515
24001
3620
48470
7995
36626
35825
43587
29171
35499
42780
33909
2820
24372
2485
24602
41489
10230
13459
23267
32897
48133
371
46122
1619
49558
16140
22497
13701
48493
26200
23861
46183
1220
28205
13932
19712
26175
17370
4584
25109
29123
9476
9426
10135
38430
40958
10085
30752
35070
41837
45580
42742
20597
25673
46370
15601
8700
38436
19462
39638
6615
34760
3318
43036
49592
42124
49265
41042
41396
20754
38706
38622
37002
998
15540
31756
19016
4410
39034
39303
40694
45299
22690
1258
29598
2034
13552
20966
18273
43563
33603
710
28829
25776
17457
38666
34614
5256
2901
37383
8304
27588
33135
22660
21512
39933
14383
6267
41706
39156
32326
7605
14267
38532
15300
21146
15502
33455
48838
14245
35236
37322
34861
28913
27085
40940
3924
47405
19603
5443
6804
2514
11686
33237
34684
22298
31664
12668
29412
28306
14945
16164
40915
6797
37656
37865
29580
29754
19216
32306
49143
13382
31592
17490
43274
25321
19779
10808
11173
25084
45737
49415
8050
48417
27697
16121
14806
23638
17228
46975
38852
6856
35961
19253
10419
40012
10318
23514
6502
8138
13070
32750
19516
45334
43364
23769
31208
21505
35280
3156
29378
26639
15934
45870
38585
46969
47135
44288
41375
25875
10373
37774
34710
27656
24637
2028
11983
37154
27276
42804
15172
36295
47963
43689
21818
44030
11609
20150
43630
39817
23774
37134
40595
34366
21975
22486
45038
33106
43882
25571
43215
49457
47262
13231
36161
33156
541
13573
32999
222
25014
11849
1969
1977
49128
16315
13314
17164
40172
28585
36638
3812
19668
43593
37356
12015
33469
35285
13915
32216
21656
24575
14289
47019
14332
41088
7839
35724
32052
37195
298
43868
7325
35470
9707
23176
23308
42380
28495
9961
11733
14376
49206
18996
2587
40896
14177
27213
2646
13115
29142
11956
8898
25254
49637
2543
5686
44649
31400
16968
8913
3805
25142
29403
36742
10984
29819
1015
22727
28472
32348
27782
34356
7161
8246
44808
45728
45998
6576
4220
30950
22870
3135
19700
13332
41774
11365
49825
31794
45771
23095
5494
22519
13846
8196
16248
23642
47918
29851
12209
30343
6272
34632
14679
2538
27712
3965
37542
21853
7470
21131
6659
38758
8646
35907
32586
35399
18267
13010
7100
18360
22182
8799
41196
32767
20247
10753
36821
21589
37436
34386
39724
22559
21364
33346
39670
10344
391
46888
6232
41738
5121
38547
17634
37473
48617
9212
19358
8710
5613
31624
43642
41802
23812
44425
19634
47165
20702
40561
17556
44730
13088
12087
34728
31243
33326
28820
1548
41337
5854
47143
30263
6292
18407
12295
1052
40093
32697
43306
41311
4206
10029
43270
26435
39592
6249
48346
21778
36007
22771
49869
4133
16486
47524
16112
33490
3838
8767
10463
13959
37821
37851
6463
48971
47628
14501
37798
47535
25121
13884
18537
5047
5527
35874
49154
34960
29151
24924
1423
2050
29693
25071
9545
34507
34131
44298
25509
33524
19430
29973
40502
16590
37850
24097
8664
1336
43987
31377
48197
24231
15287
46860
1272
10238
47956
39089
34203
5037
40784
13471
39063
47582
23549
30028
39402
39397
26978
38411
30036
24282
18561
20548
11591
8178
1459
18506
36939
1922
37079
44930
36521
42302
19643
45505
1314
45652
16353
36062
10277
16465
42556
15694
45411
17000
45327
9557
12330
45585
11419
46021
33825
2140
41620
19367
34168
10846
46930
27208
35123
32782
42760
7767
31157
8428
6428
44103
10167
23334
8375
34838
28513
23578
25521
25852
42347
16208
44140
6348
17339
45788
38355
15363
45900
12008
13649
32639
16433
36861
33268
26615
6962
35515
13804
13276
8733
5336
2215
12720
43876
54
19584
42334
33280
24726
30230
13909
43323
8321
3830
33391
37513
47393
24045
31150
5848
47112
42064
31511
40732
9389
4261
25841
45099
21340
28264
30820
45853
6443
28850
16269
24991
8024
46656
22640
20713
7575
46560
32647
18494
15445
45409
49550
2395
7480
21908
22883
49564
9586
47669
38904
43941
14861
29918
14910
26322
48957
43245
27079
31099
13898
47338
35839
14106
10781
44947
40236
1563
6722
49064
36217
21633
24764
30178
15682
42499
41993
34986
17284
40798
36545
42890
28727
46258
3891
11675
8103
29802
39774
23874
10149
11117
48009
48479
17624
14223
17594
40169
4790
44167
2668
46622
14042
43729
17377
27999
34577
13682
26589
34945
44970
4128
45159
12917
37674
34290
12551
29644
5219
1066
29789
23397
30381
5546
41143
2999
38222
14734
13541
33442
48205
34778
5637
3074
7203
30005
23829
10410
45276
49691
43548
42257
46087
48078
31786
36669
4459
48571
34464
34530
40947
13982
35099
48739
30828
23911
26491
48629
13433
28661
22150
631
44098
2187
14303
11873
2836
49080
2401
33954
18805
36564
5777
8080
23610
7697
6601
10283
11406
46204
16680
17862
240
28953
48171
8037
43171
35605
38471
9339
13042
44870
4873
30504
8153
38019
47725
25432
12678
3931
41681
29671
24334
21674
11811
13201
20023
47429
41588
11008
5761
11661
11310
17808
43313
23557
37246
22474
21085
16926
30703
43776
30272
3960
1809
24801
14623
6633
3727
24932
33988
4934
30433
33179
28028
25264
15731
39975
18490
10799
46763
28388
47747
31212
28432
2210
34733
48586
36739
44045
12531
42186
14295
27878
11545
37313
46288
39516
26459
11611
15674
14762
3039
1185
43758
5744
19475
47260
9794
15874
47762
3391
17963
45318
17829
1665
45047
8220
29740
33165
38924
27768
2706
30794
23041
12813
6948
28901
8492
40577
9139
15944
37125
2126
16390
49795
47100
29113
623
28400
22612
12163
18119
47355
48452
2938
44149
28933
46398
25036
9420
48592
42658
14745
23433
5953
3705
13259
5199
48279
8144
5593
32609
32192
26825
27239
13855
11635
23447
19660
15836
8584
16404
1244
18741
1764
47225
21447
23751
277
11374
33146
7241
40365
11268
3240
41764
48299
22924
49860
18253
35557
33834
18210
15320
16793
15067
2338
38466
3283
46200
44762
8841
33242
10303
25931
9079
34539
35415
34083
44733
24132
39417
47988
24569
23006
32079
35146
37566
20385
30260
14875
11422
38144
37789
39426
25596
30085
21183
16951
49193
21004
44617
25960
49975
1355
43709
21177
20266
49575
42711
42789
13155
38086
36722
971
5147
9691
13295
44689
17128
45240
31911
43970
7212
21947
41556
44230
14022
6897
7668
7157
15957
14237
23017
18966
23983
46013
43500
24508
23534
34586
12945
34316
47811
38231
5370
27381
16340
33683
4691
945
2356
15902
29268
31414
37507
1870
35869
29278
44326
46592
30983
31360
20878
23026
2686
26755
12023
5372
23253
11059
44697
11089
40801
16915
4668
18548
20415
10619
35528
19596
41105
40351
39629
30449
38340
32547
32163
35703
4801
7132
36574
44085
6037
31328
19796
12658
18104
5626
27796
33085
16147
19982
20479
5221
565
9679
9823
12240
25213
6972
41033
3769
37420
21714
32712
49404
2773
22997
8312
13529
31083
42971
41028
41498
6672
15395
47442
42248
13181
20806
4044
24027
27817
31746
18090
4891
16932
22550
7740
25333
26339
29998
31714
5578
18972
43067
39570
17220
15467
39103
45691
21842
23165
14403
10479
33806
17721
42261
26772
2692
19159
26859
16649
3776
30645
16376
27918
15795
24857
35215
22306
22788
46561
23368
15223
38978
26026
26218
48935
47945
45109
43505
3371
32844
28748
40659
4221
16218
8816
22194
39373
48385
15516
21464
11385
45847
24534
5419
18734
11654
3864
36585
39901
17301
1711
28154
18293
36820
7419
31582
23125
15271
27610
27987
8471
23317
5092
9713
35209
21489
16758
14518
18311
5565
266
417
39509
20093
44172
37278
29387
33976
9273
35453
34993
20887
46413
23848
8281
31829
33008
9681
47417
12623
31064
31026
8454
37467
23581
21459
27675
20336
40557
1479
47439
28675
12171
24306
34398
45458
23086
6563
24219
36405
8678
25429
45290
6415
36672
13770
27979
3512
28014
33191
22378
17768
43992
15867
35941
339
3476
17997
7947
3505
17731
7532
30465
10192
27257
42856
41442
15841
40857
37482
7428
14330
13093
46302
17414
10944
8979
43525
47390
45214
6707
34888
45926
728
41695
29897
27778
20073
30181
33371
45206
16428
26906
8298
28774
16904
29583
19486
10962
4256
44571
27953
45072
28638
34878
22597
2428
35711
48440
10248
27096
15239
49189
18985
25416
9983
47313
22062
49849
14531
36713
15474
35041
21123
47785
18158
4992
3170
36388
9908
29949
32064
20937
31576
36692
12868
6753
40072
43679
44265
22973
23787
35505
7938
28487
19169
43461
12124
5179
4430
47829
20234
17009
37742
9482
2762
10012
28620
1507
18842
1032
9026
15645
2063
26449
29683
17176
19826
48745
22132
43425
12523
18163
23745
3402
14254
4548
27923
34803
12362
9444
39704
14435
22794
17949
35886
47577
43747
33422
5829
10683
9031
23801
14095
41750
251
31733
28705
26082
13465
2860
40395
10045
22712
27250
15484
35384
37731
35618
24144
18552
14490
24689
18461
1375
14560
37285
10392
7303
7816
37900
45125
40316
20170
36376
13221
34841
42003
46714
3426
18769
7551
38944
25066
28539
6815
49502
45347
150
47699
48800
44364
39435
23427
4888
9008
36467
20032
11332
348
39606
24434
26784
11831
36477
21218
38140
21280
26362
4593
6365
40287
14826
14411
26748
35244
38154
3412
39486
45743
38935
39008
48551
44434
45194
5980
39284
46512
41854
20768
18917
12684
6902
22260
26954
35407
18952
48307
35924
6087
2982
9536
20217
20066
31073
29877
19068
23659
13865
42954
211
30353
11231
27962
27431
39495
42629
3841
37336
49643
37146
554
7280
21795
13419
18435
18050
8130
42225
36445
18885
47648
30845
20853
29709
32338
44376
40055
33210
31762
6183
44916
11277
37206
34141
25536
9620
18093
22802
97
9369
40865
45446
6200
44556
6223
28144
19440
2164
27303
6437
43255
23665
30892
5120
21198
34679
40751
38100
1523
42823
19994
48409
36945
25882
45794
5381
40487
1940
25974
35700
15011
14681
15220
7447
26517
15423
12478
3885
25292
48360
43636
29101
36027
34783
5236
13218
22764
46480
43859
38732
49581
16515
2659
26464
17772
516
7407
19388
26995
10294
1262
12034
47124
18371
30491
42537
49497
29072
42737
6746
12192
9917
13668
36136
3531
43659
1001
2923
12119
16773
32918
356
25002
46726
49801
7052
45810
32885
9159
32772
45551
32502
21068
6051
48635
45064
388
5706
34159
25617
49367
11214
4557
32804
35582
48993
31275
40458
13344
14423
6174
46386
48842
5245
40270
4415
3789
18700
6788
8988
30719
23510
13324
37497
2088
43116
8184
17190
26186
25274
49776
28508
24785
39838
48031
44217
16817
31370
6765
17508
31984
26961
9350
28467
3389
9113
10009
31125
38915
26557
11313
17789
47518
30127
30561
41825
42402
34647
46358
712
26346
30417
26644
15964
1792
27884
40108
8967
3949
42397
33492
28051
35106
29552
11579
49514
48929
12562
22410
40709
46486
29627
21599
36074
8062
30747
17820
46682
33579
49668
14844
43664
8266
5723
5164
28194
33860
49653
31887
934
6695
23455
6168
18035
39925
20006
40146
24224
47242
14565
12360
18017
35152
27317
4059
10070
15387
43953
49383
10920
35810
42594
15925
49213
47481
42
18076
34800
36094
44306
15204
16948
41185
44954
4326
41540
30428
2782
19813
38816
43162
25737
45612
12844
45516
25133
47039
42164
14928
41358
35755
45524
35305
12435
33707
27627
20395
1078
20276
25654
45351
2263
21021
21325
35595
23974
24209
39480
35253
48287
19094
19748
12073
11715
33736
41172
18662
48116
34658
30610
38050
14959
38991
41526
45640
46645
28649
34490
38714
33567
3310
32146
9096
40345
20781
47594
28139
22744
25963
7064
10126
44080
4172
17533
38364
47841
39042
16181
16846
42110
43108
38775
13430
22233
45150
9266
10907
31879
21703
10634
12148
31231
7847
42730
49752
7628
19768
34417
17910
8577
14936
33616
46703
19047
30457
24482
126
15572
28835
17429
8539
5889
28064
1592
29366
42928
26841
28568
29964
32352
28246
21546
5431
7354
16601
8947
10357
37427
16616
45562
18282
38109
6498
29839
48264
3916
12189
30550
39885
21991
24914
40639
10669
498
46297
40676
35434
38559
21935
28525
22
45818
20134
31101
6080
43207
39734
14138
18628
47159
44996
4450
12041
42846
27942
30626
24621
36271
21883
27662
12612
4748
33339
33741
14585
41327
22078
40462
16869
30295
26572
39298
49462
29780
19674
29033
13146
9878
21474
1462
40842
38073
14576
42486
5311
8449
28212
32239
18030
1166
7786
20579
42620
28379
6067
20344
38512
3975
49238
49708
25400
36310
27480
4732
8405
37615
16977
42702
38054
12809
36153
25167
23963
28971
21958
44033
17603
21987
20012
31017
24479
15914
45751
25388
18619
7020
29612
24151
39965
23794
44898
33413
38297
6133
10370
37084
4705
24967
12211
8994
8613
1906
38987
24106
22129
26713
41309
27196
26291
31609
5132
16056
1177
7496
17060
31469
41677
1894
2471
16160
14365
13360
26075
29662
16349
37166
5509
4767
7779
37264
31554
12961
13836
15621
44755
15989
31844
42298
46171
49483
8936
5456
3296
35811
14647
18122
7988
27015
36287
1493
20104
8053
3205
47201
2491
29494
16723
48766
30213
49891
11326
12331
41562
39252
2080
22046
777
29538
24972
19787
2598
26706
46216
8466
17972
42147
27842
22852
19288
10674
43805
10119
245
34072
31859
47567
44237
13532
28994
34211
42287
26601
33875
48647
11352
13103
46546
17443
21416
28071
25797
19330
10717
32729
49225
29223
33474
35332
37107
22312
24849
43819
4236
29954
22468
16713
4377
29902
48018
14112
39690
2620
43360
27125
7453
4487
15775
43699
18631
42055
9885
6281
10994
18778
46137
46810
15041
38263
40836
47191
28560
7398
9789
6005
30954
49105
20258
28315
15259
23348
20566
21698
39615
17194
29848
43029
31002
21610
34972
22562
48569
24555
4833
25623
37092
22057
4
36055
25763
2007
10979
38746
6106
38175
16326
3026
33364
35080
44152
19280
21554
6778
19896
24871
8623
37923
17040
39129
1955
39460
30919
3750
29316
31131
9313
39863
45823
29931
32525
45170
23229
31708
33304
46248
18224
3798
13817
13659
12139
663
30289
19626
23406
34449
35427
42869
19967
36117
42112
11582
15037
29284
27152
17240
10567
36204
31612
40299
38033
21044
40494
858
28852
8349
8120
19303
8420
646
17341
39951
10172
42356
6153
49090
30539
19845
31522
32210
30788
2529
11294
28183
38170
16271
26275
12739
28608
25989
10654
18339
14124
28341
3496
16900
15593
48144
41935
17957
41425
4537
25496
11094
2437
26148
32990
11287
36356
20694
4722
16628
33130
23101
38604
32296
31812
46782
23295
12705
12374
48107
7259
34824
46320
7581
48226
11899
24756
20296
33072
1204
43042
2610
5010
33939
17020
44520
16500
35380
23218
2297
25191
35329
46149
44359
14277
30486
16036
7184
39165
35796
1026
22663
40210
30309
6215
1345
12423
44494
7439
36710
25828
23569
37880
39461
33797
37298
20
16826
28769
36838
18674
29294
44860
112
46982
34902
26374
33674
20287
33762
21311
17843
32103
11945
38862
14213
5301
49178
17745
15786
35734
22967
34032
9862
34055
3591
42769
33693
12278
29395
6312
6664
9647
1948
2576
7683
29657
5062
24033
2720
33440
36493
4386
20430
27358
4654
37609
46349
15346
5394
22585
24247
46436
48803
26690
34336
38344
19709
530
38129
13268
36805
7616
31643
22359
14914
37212
40009
43053
11344
32592
2945
14786
20656
472
39579
19118
38195
45424
16063
31052
30692
48333
18718
45002
11152
12992
9287
20043
1293
20200
15453
2343
46573
2752
6844
49770
20995
33812
30120
23159
40761
10529
15241
17913
49038
12447
4633
44344
32123
13694
41662
7851
15706
43454
22272
34746
21926
330
33864
11501
5587
4621
47855
26670
34226
35532
28429
48967
29259
22939
42153
14446
8838
24823
44065
37113
5901
9189
38303
29723
46537
27340
35747
32625
31435
40986
9130
42096
1095
13443
30808
16367
49907
5275
15026
13971
12247
42682
34565
4114
1049
46901
16858
1447
46375
32969
36312
2285
43920
6513
20975
46045
49132
48690
4319
960
31507
467
16524
39585
16044
37595
27367
1995
35917
4293
46665
26926
22002
33294
3663
17278
20954
20408
20832
11971
2828
20185
1871
4477
10869
49379
4969
34302
18689
15568
46891
29003
23147
17985
43134
4035
22098
49477
47902
32271
18897
22817
7807
36197
14393
3119
42133
47368
28113
32152
44260
18651
35370
11800
5662
7721
40665
31423
133
16875
24642
28692
30666
14856
21262
26038
30861
47635
33024
28985
32267
48082
28927
24529
33623
5465
20173
45398
32091
31251
38848
24312
47719
8527
27372
24981
45438
14664
46238
44637
14972
10155
27269
27186
16395
22037
26732
41237
42985
30660
36336
17800
11132
47045
22449
43821
42997
35320
6524
19394
41942
2199
34896
17521
33754
2971
23209
35164
7902
17705
26761
37049
11243
5517
44564
24164
34182
9591
43371
8730
38804
38451
31347
38285
30514
32047
8356
48127
44185
41010
11397
14071
17937
2092
20356
1131
42074
43100
4928
4186
28623
24129
611
31308
38501
44195
16282
8397
23629
41414
43148
2109
35663
46738
39335
20316
48670
10741
9371
48041
45646
39534
47086
36965
48055
32136
19243
5159
4015
49871
18422
40021
43761
35952
42907
35341
861
44715
24294
21341
49683
7752
46848
31994
44001
30248
26169
16735
36773
24492
41163
49332
30044
693
28035
27512
27469
38201
9401
10103
24389
21300
16224
3548
20493
18870
32386
26236
39022
15420
11536
44881
9958
23067
13797
3010
22416
28446
37885
21013
48882
29015
38401
12937
4346
33066
5808
36240
12760
17402
4812
443
6020
44880
40044
49285
31455
47803
36857
46991
46009
43187
19690
34174
31182
4508
12099
26946
42933
4615
36876
26833
45058
19109
48249
7522
4084
2372
43073
9041
46491
22527
38833
49679
22844
47994
29795
49941
6119
1813
18729
29525
34371
21158
3064
47175
19446
26204
27137
27112
30962
26723
17115
47062
19031
1621
19869
42479
8519
35018
15310
42367
40256
28090
21876
8507
29986
43796
39080
46264
20470
14144
7929
23375
32419
31962
15719
47326
46322
34127
37729
44210
19314
14966
14837
29868
1398
16106
2865
25585
40888
45485
22287
27724
22692
36614
48610
42891
16686
9063
10219
23684
23905
45946
3058
36414
42035
7384
25452
16071
13736
39699
20459
36503
14057
47837
40546
11905
10822
41814
18602
14200
44675
45249
43232
39821
4520
918
10511
28126
22428
9847
36048
35117
49396
103
3046
18183
6646
1368
21433
40827
19510
5083
13602
34325
20617
26136
33114
23118
29099
3878
42205
30675
41655
11500
27857
15741
37410
47686
68
45884
48894
14721
7873
47677
188
28962
27614
47556
14998
41846
39982
15433
29215
11258
14461
20725
39998
12389
10503
12859
7288
43615
49041
40420
46880
11753
3528
10074
43413
47924
47757
49985
8382
16692
24891
41202
27532
25915
44849
25171
18940
47861
37531
10621
40531
25815
41916
33994
41596
4276
35184
5936
44655
11912
41910
41277
9601
15549
22120
47732
35007
39917
37758
5713
22672
38250
16662
13198
41956
44393
5057
10557
38527
4851
21529
25190
17138
5427
3982
48691
26102
7145
23476
22211
45171
28888
25249
27636
49007
30883
23618
17652
25550
7677
33188
26351
3362
36266
18177
18390
1482
39386
41437
6542
13924
46450
21372
21613
27543
34961
7793
42179
11208
45875
40874
19979
26798
22913
43480
37946
19857
4303
47341
17565
193
24582
28594
34607
32612
43154
1607
29070
5559
41456
45984
41466
30233
28689
14988
19544
37453
10900
14068
25513
45185
38323
43711
6713
23188
45467
21650
40325
2952
26679
39324
2733
2672
21563
33654
45908
3731
47107
26883
41071
35228
30571
29053
37070
40996
763
30066
5015
36124
6485
29487
29233
5658
14208
23238
17516
10924
30768
5352
34267
40525
43200
41157
47939
42820
20365
45957
24198
20813
6888
3260
48162
42515
2179
41799
23943
48946
33288
6150
13871
19614
26691
36348
48023
42389
1415
41727
1552
23276
27508
2303
10572
28104
16082
8233
1638
14188
6475
42800
30721
45478
17255
40191
16559
48252
10650
30391
26624
13637
11643
27150
25669
32407
1195
16294
27683
1101
15122
32016
6981
40401
40922
8658
23487
40226
3266
16506
39229
32688
21386
2114
7021
20740
44910
41984
9760
3588
593
11931
11080
46164
402
46933
6327
5533
45539
13512
11042
12723
38642
48856
10535
37987
22738
42637
2225
21091
27396
38726
11741
24614
46073
12267
47895
4003
24793
19916
28718
27451
33776
13015
8338
7120
5892
25560
42013
24512
47379
1772
35199
3110
46114
32958
33408
42544
11106
829
3245
10593
5263
5927
15003
33849
39145
21760
45377
32444
35973
38877
40682
30071
12879
40088
25023
11786
20946
45012
40448
49613
31484
12504
21579
8872
12548
28402
34009
3855
27649
39017
30639
29186
10494
45086
26490
13178
9768
28751
15493
46698
38115
10056
46067
15882
27031
48533
21721
17095
28783
5840
8208
41211
24680
29473
20676
38395
11554
12584
1859
24398
31112
9432
48240
34453
1146
8683
4773
33381
36362
40250
24401
20606
48328
26395
44547
32421
35572
37034
25570
22832
3277
4499
34694
10337
4021
20516
17066
27004
46509
16765
4357
49885
45252
39271
15809
18366
48671
42585
29345
