1916
1455
4274
2051
886
2779
4713
168
228
2671
4300
4565
4730
4609
1571
159
1680
3617
4322
2117
3124
2070
1393
1239
1869
1142
2328
1765
1948
981
2436
3004
2223
2134
1184
736
309
4390
3787
3071
3117
793
2293
2810
2903
104
1336
823
250
3483
1192
2490
2879
3693
3318
1727
1691
2580
1008
4632
2957
144
336
2278
3055
944
4041
4697
4661
1151
3503
562
806
2014
1473
689
3021
713
2449
3681
537
4370
393
211
1034
3409
2242
3911
3772
3967
3400
4490
954
1550
4156
1513
1347
2705
1968
518
691
2734
3755
80
3086
2685
1413
4512
2616
769
4641
3346
2842
4171
3904
2339
4131
2770
4424
1227
2163
4868
1811
1625
3337
1211
1646
1611
1740
4011
1046
4506
1552
3185
748
1938
2082
265
2820
3207
3958
4254
4799
4124
4983
3257
1326
1826
4434
3421
1405
4894
434
2550
900
235
2284
4316
2183
407
4473
4732
585
3431
1690
1953
4087
3867
3635
63
608
3762
2353
2385
2453
1505
4859
3586
2155
1904
4407
4778
3133
1986
185
1924
757
3740
176
2607
817
4546
3835
2560
372
2833
4105
664
1860
3525
1636
3896
2125
1093
4358
191
135
2501
2719
877
857
923
3
3068
991
2047
4190
508
3461
3797
3291
4926
1461
2925
4816
779
980
4905
4226
3330
4261
3261
327
1057
4888
43
458
311
1780
2372
1300
2408
3882
3288
474
1387
1790
422
4148
3000
2040
1437
2570
2003
2592
87
4455
1374
4763
1102
2626
3551
4235
16
1082
2413
4585
349
3304
644
2204
2467
4651
2306
4052
1359
4558
3158
4492
2219
2747
4950
1833
1701
1134
1890
4372
2990
4617
2476
916
1742
2429
3654
3676
3982
2072
1664
2885
3993
4597
575
441
1013
3942
1362
3045
2106
2524
274
2198
4880
3921
2493
2259
3103
2897
1876
4786
2397
290
3662
3854
965
1608
3715
3749
526
2028
4062
1442
1847
3492
3226
3370
3036
4002
1251
630
710
3811
383
465
363
865
3235
1308
3627
36
1652
2972
4823
2584
1116
2180
1564
1531
1241
4574
3547
4093
2918
113
122
782
3176
4463
2343
3940
3195
2147
559
4682
3273
4932
2535
3874
3722
2311
1808
1201
3610
3389
3822
57
4195
1526
3539
4213
4742
3241
1265
4073
4302
4911
3167
4759
2863
845
2965
620
4958
2240
4999
2653
3569
3701
3980
487
4804
1898
2938
2662
4832
2647
4710
2760
1069
3478
3579
4678
903
1795
2638
96
3809
3416
417
3445
359
3595
4170
727
2698
1972
1582
3211
1029
3378
600
3359
4031
208
258
2262
4445
2368
2795
4850
1713
1166
1994
836
1072
546
4120
1596
1279
2830
496
4622
3144
2782
2730
4411
4288
635
4332
2094
4250
4346
3650
4029
4532
4979
4524
938
1283
1492
26
2518
1176
2852
654
3848
3457
1316
3014
4963
1427
3096
1483
671
298
3513
4207
1122
4399
2944
1756
