41712
47220
30320
55930
83042
53895
42731
48157
37708
36670
31614
37266
965
61594
93400
217
93146
64011
83057
39155
56699
19950
12388
48996
65909
79441
62589
42243
64957
14872
51709
9153
99918
87507
47574
41385
60303
85273
66907
97254
95850
35004
51133
36686
24079
42188
59632
4056
94336
61381
70960
86991
23877
50428
32718
29261
71662
11597
50672
25919
65479
72718
57761
78779
47977
11542
53617
40375
57322
76334
55198
24509
7990
5918
49210
11558
87436
2244
86884
26587
34174
58625
11771
18485
12922
96756
61170
18165
52472
15656
31827
4007
61869
5646
50483
52662
90510
30488
39969
3312
47846
30814
21402
13544
48273
51969
43162
34955
96824
49408
77234
86588
81333
74717
73578
54374
86649
95478
13102
94639
96549
51996
49927
69886
98981
4111
83512
94880
60251
71125
51285
21235
83762
18070
82432
38599
18970
91352
3412
20572
36152
56943
35880
93458
32621
44251
77598
56000
86002
48768
6995
28241
20218
96622
1972
57572
99787
24189
13608
60151
75861
85346
25812
95069
73093
58338
64545
50477
57874
53531
22733
67460
63740
71149
12961
17447
98176
25348
30048
24424
64454
79151
67942
41150
38083
41691
65381
87586
663
93808
52945
2729
93052
89329
89902
96488
72284
46869
1313
977
70197
36377
30903
74320
94492
38514
75406
60148
62769
5018
15980
55866
10212
12302
92841
61506
37507
74994
81632
7685
31818
82001
25382
78437
24708
54514
54493
50565
31699
58124
85721
83219
97083
44770
58823
20481
48627
1133
53827
51978
78235
19117
42148
72123
26740
54007
74567
28614
901
85972
59281
815
763
33106
98646
85480
53284
78968
22602
55768
35685
92801
75535
81046
5475
53013
66819
49457
99442
95575
99512
68857
92896
47938
81171
96906
21894
24827
48902
28385
33787
39112
49314
17856
31727
63962
65818
28718
67396
20939
46451
76883
18525
83204
5082
87549
58283
54328
3522
7761
98115
92212
41358
68891
3534
71460
31354
72913
97748
84995
57090
32038
5326
25571
90934
27250
39020
37790
507
1444
82892
81241
21738
52747
74833
95408
26642
43659
41651
6962
63978
91645
89789
70047
840
56788
4862
80225
43384
92154
63083
52640
64774
72449
7758
5100
18461
66657
93900
36658
64966
70218
54188
42307
90247
62415
89289
54459
43799
4584
35755
51792
74598
14567
26108
93033
44410
13465
47822
36933
92820
6208
20707
69822
24869
61857
66535
89521
7691
47230
30213
75232
11921
75644
46052
51224
33164
55790
95243
79242
38868
19022
69776
88923
32047
6608
4288
97696
56522
17728
6556
16248
28122
11191
31244
37272
48704
83826
36210
66413
41242
87970
81556
7248
37522
94535
20383
81022
47962
60300
54667
41977
74546
74051
10889
61582
60712
26825
36551
37427
31894
45450
99219
48673
15003
65305
71717
66205
34485
45643
470
12256
74610
64884
672
7599
91553
32657
58915
96018
93296
57105
4548
78196
61606
91416
32520
55655
82801
54026
5359
37339
90448
13038
62369
24546
73081
75541
14152
39795
50104
50651
15271
68961
79435
40754
6455
64689
51661
46579
69272
3980
66062
7538
71003
53782
25324
82840
48496
23008
76780
58295
10987
34015
53211
85987
895
13483
62717
27216
27552
3803
17048
79984
47165
35593
76526
56720
92255
51990
39731
27768
3571
25306
55982
96375
67728
88855
13584
99476
8747
48594
70569
96653
42713
80558
42026
73398
59629
96735
18827
73902
31711
90900
60358
26291
9430
55619
64948
22584
61841
7139
89499
12012
12583
25831
33359
42539
48938
90192
48319
88572
93009
46851
5674
52674
37720
65128
3183
74421
15781
42649
10703
6025
35236
11188
15195
89762
9757
18323
77732
61780
30378
89667
84687
26615
32895
28751
14429
35660
93174
38993
50513
6852
1597
66666
51819
20453
96726
8057
43613
8323
9986
37876
34784
35557
62119
21726
97233
41068
48435
9858
24579
84769
37195
1676
54722
86301
80500
97843
95746
52961
76359
27631
39640
65464
74476
21918
4358
88138
77222
37491
77790
32596
74036
83243
18384
71949
91068
21369
36185
9635
17112
16681
7602
49122
82251
58185
9232
55045
64243
16227
13099
39356
33951
8143
27402
46824
98896
35834
23029
84955
26063
79844
63886
95481
39914
67808
13987
95588
11222
70466
61936
66974
2338
28342
53400
20923
84553
62201
72239
93122
70417
60859
35636
66404
19324
59177
81934
73002
12940
30231
87479
76993
8820
9827
74527
55735
791
5793
1661
37244
43497
88028
7673
9690
81769
44242
85849
4969
72782
72883
74790
73914
77579
66749
38929
32758
81821
7972
74674
99994
21110
23896
95029
59507
33378
58362
62305
2237
51719
71766
27204
1008
48649
80365
65943
3104
51688
96198
55546
69645
56135
44623
82319
68680
34437
43052
8286
63126
25644
70994
44199
22934
63315
47532
23478
25821
30350
25776
31366
32297
46445
92966
17124
11646
2637
29389
29807
97016
8509
29163
68342
97730
67771
36112
86460
46970
47727
97779
12912
58356
90714
39292
51471
6568
30878
28782
41285
47590
59870
91507
54966
48035
92862
13166
57197
52408
8457
94513
85999
75806
46177
72422
86255
1563
31638
24112
16526
26001
98691
43439
72263
92054
77506
45813
39506
94770
73404
93833
61701
32496
12873
70756
18186
8310
3742
80924
26282
7490
18033
55878
87952
42743
11811
53141
71140
43210
85459
23334
45881
29648
94382
91282
59656
30192
82956
7462
68775
99946
13935
49039
63846
55097
80085
26484
73639
89872
67826
4755
79386
55814
5787
27433
4569
12760
6357
54807
20517
43863
1426
28891
47159
36979
43760
14386
20551
25028
61399
96766
25532
79688
10651
43082
2997
2173
66257
44013
86216
26703
73438
94401
52323
83390
61637
68628
93207
91089
3382
99930
79889
71564
30729
14106
41089
99625
43012
93528
37003
60328
62644
88209
15876
64072
43046
34009
31702
14130
28550
85495
8133
27518
54291
62674
74799
89298
64432
19419
75858
2564
88340
67475
68299
58304
39332
7728
24305
90665
49103
33811
51914
37970
65271
43357
52140
77686
52344
3541
87272
85599
7627
43808
18650
23392
33033
47513
78891
95221
60096
93622
86353
96537
51789
42618
50419
77756
18100
56321
34934
56159
60703
74192
6983
74915
63959
93079
42698
55698
62702
58909
2961
69816
31150
34641
92112
36222
52759
62949
10926
17969
52494
75715
32120
47498
12156
83796
43284
49735
1175
7853
34662
74210
64139
13111
26468
5930
57923
33875
50998
92380
56916
30973
60575
44581
56907
80219
63395
71482
9079
56550
45801
95719
5027
13740
86225
55610
25489
73179
80579
22831
92710
53470
29093
71244
59574
34745
85184
66703
55039
61744
66309
80079
1822
61051
19123
60267
72938
30079
12784
33475
88624
1630
45560
33045
58426
73881
78281
71369
29233
26246
27454
84943
65589
4886
83024
68613
38605
38321
90140
91706
36200
44352
77363
8826
64307
74167
87882
50205
2787
26517
60471
44501
80774
18735
78913
82999
46509
89740
25513
71555
74091
92292
66871
85813
15094
49979
95392
14380
25474
36805
72645
73115
55475
51600
93708
45609
96186
52726
27002
16370
29966
78422
19959
93238
84568
12562
66129
12250
44977
8881
54886
81791
22104
40769
7902
61286
14277
33405
39136
90357
8155
77839
82282
10819
9311
82377
45014
99253
97135
10514
32844
77817
58933
61765
81864
84366
57416
32349
85611
91166
727
95130
37354
55631
52228
99308
23987
47205
46064
79468
46485
22208
79322
61338
86615
52625
11637
65760
63047
5613
13871
16736
17994
41639
67511
12317
22098
75721
69220
16239
53571
6189
39414
61759
92875
62433
42920
50330
82416
70444
46113
93030
77710
23700
6687
81730
73990
26819
84122
934
26096
48572
62992
96976
44883
56812
88410
38480
62623
90326
87226
65241
48829
23835
35532
98267
42685
83182
75553
1545
26368
35111
44291
52714
97678
15619
78830
61475
76542
52836
77988
34916
33533
79819
13520
47812
29514
8362
16898
55225
925
95072
42792
15333
9739
51456
39930
18348
47413
29719
36948
14893
45966
16562
87699
8167
19636
63193
11530
54255
5820
38129
14713
10865
55396
24027
17432
73761
46647
97837
98365
93616
89972
86762
92283
77649
96955
19227
42664
59150
26578
91761
89460
79648
20121
32932
39805
89277
31519
45957
25437
9195
69590
68598
35438
79996
51075
53602
58658
75834
66477
400
18668
84342
50092
47858
69459
10108
71381
89228
26728
2955
72504
25965
58884
91306
17270
69440
73469
77570
73301
42219
76459
72779
70646
14756
24714
98859
26636
69202
20685
58030
80729
28113
30475
66956
45502
58005
76612
67493
87891
98105
51627
46589
45023
45167
95301
4142
21003
6046
96720
79218
42316
48737
9870
32703
53272
51059
49085
34974
66626
21976
88971
41611
15403
51444
84720
62598
40134
91150
85810
12943
94315
73774
11588
37299
54276
17161
42817
15839
83924
87119
60215
66092
7087
55835
1575
16865
78080
52009
39478
42072
7099
64231
74244
18284
92136
88392
53159
27292
62421
45917
94367
5485
92927
47660
43940
88645
69751
17487
42829
27237
33381
87763
3391
78550
61887
10563
36402
40223
1014
751
43665
50599
79471
69578
41883
28687
12348
13471
50806
75605
63993
40900
13453
1365
1243
68729
41034
21454
73298
33124
73520
44803
47242
59971
40482
12220
42804
21799
98096
2756
17945
45386
12549
7071
52036
97059
90421
84507
7410
90177
36628
15519
72336
60865
80048
13077
57633
96900
98722
69083
76374
11841
33613
14139
51551
26688
16065
22852
69880
223
45374
34168
38651
34421
21177
52698
76652
78263
28299
84467
42594
1951
31791
41126
98740
72516
50922
47699
17780
7117
26310
56839
13917
9711
32145
52732
25290
60657
77411
38279
53852
20301
40366
6177
22132
24091
25785
20157
41276
68079
58536
486
6897
24235
12461
94263
60532
5460
51346
86078
76102
40830
23978
15387
87604
88514
5375
79068
33350
49851
96039
19175
68332
4175
79661
55292
18769
17322
24396
35920
30225
29392
29538
54447
98743
73600
81428
43906
99119
53925
32999
25879
97608
66153
45136
97715
41990
45081
52216
59089
71161
34290
4630
58872
1301
44031
63904
87385
83103
37696
30945
71421
39371
61680
83411
843
4923
60819
26948
98563
80195
61878
96616
24476
80359
37259
14142
27012
49006
27781
57505
13044
9900
86069
35801
66495
40955
49350
84656
79828
93348
98795
65085
47983
19092
90836
51380
99408
50089
19553
76063
15101
12479
6299
28635
15232
49640
39783
65860
47309
1798
58194
30329
37177
10242
92853
26603
56931
92270
94138
54267
58481
96686
65610
49967
74955
52912
88010
90644
69300
82593
18140
65629
69510
42588
72580
84806
15027
95286
76868
94233
81016
81315
85434
28101
74814
41169
21479
64368
42081
44474
74650
71039
78476
2027
39246
3150
50022
38871
23627
67161
38032
86396
12232
10361
73783
5933
4670
85557
73679
80765
3693
76728
76926
70810
70484
6720
4499
4920
32700
81330
32239
60953
65021
11722
31867
56730
92417
6040
98591
84311
96152
26227
71378
83280
95109
98212
79532
94483
57251
90778
22452
181
40333
5878
83338
74412
13334
50709
10828
43335
77512
19877
88129
57245
98548
67893
12485
73704
96418
85099
70795
41834
40314
41623
20908
29465
26410
32139
82053
10669
19132
97666
15256
22281
8930
75388
87745
13675
2298
10257
60236
45514
66984
71799
96317
15992
96964
25019
91178
48105
99494
23868
29923
58964
12632
65873
87674
71201
43314
452
33945
92725
66697
59607
89081
67985
3486
7831
29780
6397
56925
90909
2118
69385
93760
5527
75278
21720
86231
43125
39277
83851
419
1755
88901
91959
81144
45939
64054
59037
65094
20713
41999
35169
70255
93985
78852
8390
37836
33936
26435
54166
62473
91517
8539
41138
38166
95191
32087
90601
78107
64469
94620
78803
69462
92890
84299
87815
5506
33304
60569
12604
82825
95838
90793
38859
9061
88373
29108
72614
84308
3678
2402
40885
47782
31104
5976
46253
62513
57114
36701
17475
91623
92566
51166
46302
32432
56455
96088
15268
25800
62043
9003
77167
67176
98758
93885
4847
35035
62729
98188
81357
52994
55268
5042
11475
98295
22278
93818
52448
73353
20597
97959
11667
73923
4712
67292
28629
36991
57175
43580
45203
2695
58530
9946
37342
44953
17936
47599
8341
85483
312
93955
17923
23465
48081
79749
30445
4490
64280
8240
49079
45691
23121
58478
65339
28333
57941
49198
57776
37073
72703
60996
69282
31910
56073
93091
66550
37778
97428
92496
56092
66858
66382
66279
92484
9415
58637
84195
13883
6626
72184
26529
13321
684
54282
63157
77457
25956
32862
11246
23179
20173
75080
33765
54236
53010
76847
92661
89832
94715
45313
9180
18229
94550
88920
84601
64850
61231
93677
82700
53171
89231
10273
53867
57993
83079
95881
58088
25248
45569
19733
40247
54523
43488
33545
70987
11170
57056
54230
10431
8625
57465
98224
22660
12855
91324
99146
24857
13617
59369
6864
97577
88657
83265
34217
62244
66843
21662
54105
3333
54209
41193
54502
78534
75010
58893
97352
62031
91526
52887
7889
1127
93284
96515
62311
44645
89869
33338
48066
70786
15803
11066
88291
59913
5131
46097
6522
88105
78599
4386
29078
19010
92960
94898
34064
40067
78519
83100
77118
57282
38495
54694
1713
98395
83960
38239
89472
75345
3635
97129
23301
49582
23349
14841
49723
51328
74775
28586
17875
78260
21094
97703
82136
3815
39957
48060
17865
63495
66712
55729
62751
59266
47602
7108
30582
77552
64295
65525
50666
1169
82227
40323
15302
27970
14768
41553
52146
40037
89750
33225
76676
19565
36539
2549
42167
95090
16846
72440
5698
67865
59943
33185
95514
55771
9919
55973
2607
27399
51673
52488
84897
21241
29413
49521
16587
50440
35343
53428
46399
46210
48545
42621
26850
62781
72806
87919
28022
67841
17756
43409
75495
7709
78006
29746
49463
25416
62522
95530
95908
49439
16208
69864
24451
4557
59766
63303
71702
48343
81839
95456
52506
21390
92444
24848
77656
9516
54712
44669
63825
22236
498
51838
49543
20942
4184
39240
98426
21702
17701
77280
70591
80137
64338
49271
61448
9473
5243
67878
10331
18079
52088
44080
38715
34925
88996
12168
14335
19480
38987
16025
30802
28675
34357
27381
86786
31949
59858
35309
10373
83017
52454
36307
95508
73841
56333
10911
91880
16706
84107
29688
49604
61045
39667
91868
63285
40998
63291
58048
82673
953
21952
24540
8649
41495
24921
51761
20890
71537
74558
63453
64359
24442
9058
49689
69098
74454
31055
30253
91965
8194
6342
70093
75791
11628
90461
63343
96427
59479
48755
22266
8835
30140
60776
59836
92594
88465
70881
45356
31748
15891
55131
47507
34769
45789
46409
37201
70557
6125
80668
99469
41306
94468
28794
4880
7950
49241
72046
60630
19248
66218
38434
70304
71659
99094
5057
1148
82917
2537
87336
36692
23200
72385
11347
46985
96338
88016
18122
10697
75287
47281
5420
71876
10184
51307
2524
3904
58735
77967
37034
22971
67267
59043
29020
71341
78229
23752
78126
73365
19056
65680
30750
95945
2344
88077
33417
87775
9586
71497
7786
70682
3177
82724
78324
48121
68830
96433
54343
78730
431
44550
74756
30039
80689
61490
98139
36640
90207
29065
43445
68543
77100
73554
57444
34910
50034
48478
33085
62198
65793
15165
54813
23652
68888
1728
15860
30567
79932
7010
81803
52204
49146
69391
58814
38291
40922
91657
3959
30512
9406
14594
70835
44452
73285
57612
82529
52955
19581
95701
60196
75593
90406
50019
47837
7963
66199
27549
29627
32160
84961
71976
6446
21378
79087
2256
85608
63248
38389
65311
36213
68122
4346
66770
72403
8173
98670
16352
98081
91675
15204
19724
66733
36329
79239
81702
50907
62262
37082
65131
87363
86753
41962
1111
44608
15497
56070
52512
25049
22785
30753
19602
93088
67289
81751
14026
79612
95496
34379
9562
41956
70456
54911
608
89536
25120
19993
73383
64203
99366
16507
82547
92396
55173
6073
16971
94626
6144
61545
5317
54572
83588
60666
3617
71091
94126
86185
43461
70435
47709
71579
49912
59940
60169
22407
82264
80152
97376
97452
74723
16755
49894
66782
64695
49515
92463
64127
19437
79700
55796
76990
96998
79853
85010
51465
65439
56110
18491
30954
47950
8497
23072
81101
16520
16462
46027
75168
7059
15329
29618
6159
81479
80680
37604
63166
67753
49387
78040
58246
74466
9931
2829
25809
3168
43393
91199
24839
72394
95377
46244
9131
14725
84626
24216
79578
75022
2283
35154
76328
32224
6788
24598
81385
46
67966
69596
67243
90058
18241
98609
68369
34635
80118
11988
47144
18857
13721
24463
77179
59461
45627
80036
72260
36713
87519
25507
36771
59696
61152
42454
72944
53385
65064
90848
93424
89386
57361
26777
34192
50617
85914
74741
70920
3916
3409
87735
50779
56568
80958
39884
4340
83194
37150
32181
89063
2741
93830
56763
11673
1908
76505
56632
71393
42679
89097
98069
89335
22483
50959
34403
64512
44532
8423
9922
84919
68473
46161
88947
56254
25702
63184
55271
64441
82554
51529
84781
7294
21210
87446
95688
41727
92637
30936
93485
2158
51178
36963
57203
85325
19547
96351
78925
12040
39090
22077
71607
5079
87592
91279
56360
93195
54941
97446
3248
85068
48249
46146
9000
50055
40543
70633
45295
16675
8442
30790
74665
44303
66892
31769
78135
59156
80124
1291
94504
46930
63367
34607
17234
75657
51160
34723
15183
98453
31913
32547
67191
23725
12501
37131
17673
80863
17093
85746
39655
27091
14414
17734
49747
29731
34623
12909
90583
27796
4899
93473
22706
73417
46418
66132
87171
98166
81193
80811
40909
51041
38767
25687
73942
72483
28763
64625
60373
44123
20276
77915
62839
39579
5994
60749
52793
2802
39127
85331
89798
49759
52292
60502
80008
9992
89310
25660
14911
20270
12229
70002
57740
14396
61921
72901
21430
13859
21781
31208
86878
67371
35282
97657
79361
76343
63358
6736
54758
1380
7166
49692
1996
92588
67347
99106
13013
28928
92402
10587
59296
79871
4258
80652
75226
38773
32337
83310
48337
72416
73713
6223
64866
7520
90265
13187
71119
46662
33695
96610
44172
71412
92145
79960
44349
84037
67331
57593
46525
10682
44416
85648
21506
24683
18360
57038
10773
64704
9705
98652
72208
74894
18778
15085
43992
21863
38172
19697
49283
43323
96171
44431
33246
72083
35615
14197
41578
17624
62989
12748
38697
86869
71808
60584
47956
76700
8945
83689
14304
52
39756
13089
31083
73426
76520
55103
38895
24778
4981
97965
78364
94275
70676
32676
80988
88990
77152
99842
94748
40461
50882
72828
8259
65497
51197
27854
88303
22623
19465
61078
87931
72678
52552
70496
14246
76764
8869
81916
30634
3113
733
35135
39750
53745
24292
36921
90626
82334
80423
42017
65323
43131
7029
81162
45200
91974
62494
66025
92972
5152
11518
34278
96094
97635
64737
46750
96387
21882
95212
96250
5750
9812
3324
79865
6501
90439
42783
4764
97367
8079
85306
51032
99283
55311
62656
73810
71436
2421
36478
7523
61985
46903
65345
56592
89948
78113
70353
9119
39289
80597
97510
65418
32255
90528
77991
62897
13895
50931
98191
75220
71637
43738
11832
99650
84238
34833
45575
54828
86268
87781
67353
13813
97196
13669
9659
99677
3031
635
20432
47278
32123
71814
69718
96134
93378
11567
65192
87131
91788
41160
57566
31275
39991
21351
13685
78339
2942
54084
79508
24650
1099
57755
56534
32587
73450
12699
79276
49445
70289
50336
88721
32026
34794
97071
63175
71271
63584
77619
90278
54954
39347
33918
54172
64289
22992
2149
26334
79596
4221
53730
86313
32212
89362
67734
29651
83005
44422
38465
52469
50394
84330
55347
49906
59559
52112
55375
16437
29838
22477
28223
63462
39902
95319
97596
83628
6418
72699
10801
96552
56485
23108
85935
49573
53937
17496
86023
77826
94004
85587
10315
4380
8436
87647
48691
14066
27469
88324
63639
30796
99775
14481
99451
35978
63077
54413
84018
79221
59382
17454
59806
94697
90818
41050
1648
54673
35050
93876
35679
84351
67655
53025
57676
60840
15644
72684
61066
70722
35703
99314
10309
94751
22776
40638
90973
35090
83841
3943
59394
37735
85450
10199
23432
65549
31998
89545
90308
85523
4191
94773
15510
81711
81095
92908
99576
39542
20679
61365
1615
144
79285
53071
2228
60050
38022
19367
88544
19660
89429
2042
99393
96885
41462
22532
41511
14472
70014
50184
47172
60065
10752
37806
27665
69983
82483
2842
95646
60672
92765
40082
21671
17972
84058
22724
21525
59733
45865
55671
30271
66059
43787
30369
64606
86747
53205
56626
81431
81644
67631
45765
18787
26764
99634
68210
95923
84864
34574
17203
27887
50748
5845
63941
95325
62827
57953
38245
74732
60090
88843
90235
46686
74692
10840
74335
68085
61713
84885
28183
62858
61371
19489
51316
78974
53672
29160
68467
93976
18262
66269
28486
41236
93509
75126
25904
73130
40683
7590
88736
77955
27509
31675
94306
47407
35764
27829
26899
37290
96857
1478
10621
11658
57319
76688
69523
61017
33143
57151
82404
78586
20975
86417
32819
52128
21827
39945
23639
89600
34183
97223
62809
49598
13001
54532
62
65961
14740
82947
4786
2485
21970
9128
37516
24891
34083
86103
80173
22764
49506
55112
11023
60007
23578
78888
45188
88770
56461
14469
42463
74256
8274
89802
93564
1191
55390
61323
75480
16092
18531
90674
28998
64924
90299
97345
40970
44843
91828
36530
11033
14985
10932
79117
18152
85267
36277
61097
98353
65656
33924
23221
41672
74064
61258
85889
76532
61612
89988
40110
75742
31464
87299
92737
25629
38266
39603
48270
42991
94806
33503
38184
7389
76587
62568
70350
34510
49839
86799
86963
48111
16147
2857
4084
94733
67328
43030
49540
57544
5582
7126
11387
84372
20774
75251
6656
32978
21647
20038
20960
22873
57490
49045
94852
19208
13199
31550
20997
32779
66190
82291
16498
96253
4902
91605
74341
5173
46601
83460
83915
68094
48188
91993
55338
76603
48716
79099
34443
18921
42496
54154
40235
91160
85172
45432
23957
5240
35254
24354
67426
26990
65632
76877
59220
95240
53882
14924
24634
39109
59922
79929
14048
16745
71586
92542
72034
7328
57233
89045
99543
41257
32386
86902
23594
64496
84549
358
96506
77286
78046
1832
19422
48404
20466
64509
89927
73230
4636
99708
47443
46723
73932
98401
10557
32001
123
94565
5494
30869
79145
9531
23737
22010
83570
42606
45835
10718
95621
42423
26938
93995
64029
73795
60981
53135
53049
70505
35724
27472
42566
11750
31531
91669
11268
70939
50116
32685
78528
43268
72818
36060
71070
574
55402
45463
65552
82798
2616
8591
96467
59137
11139
28409
20612
24265
31553
16950
57728
99161
85468
39979
35141
11908
54487
48588
99952
64063
59208
51944
59229
83161
39002
84427
71756
1603
98615
34705
11084
87302
89103
71592
36854
52250
59589
95267
66010
67463
61570
10642
78147
26923
29892
83866
20060
87043
40598
22815
33429
67447
23682
43149
81135
66169
69312
95362
66822
66239
4853
9769
62867
31009
68284
42975
47043
35105
98304
1850
11338
9696
94040
29276
15558
60367
26056
37974
96210
39594
26691
38630
62125
78650
51771
63099
90699
17954
91181
46296
67029
68909
6791
60697
94260
52179
3800
20017
30289
64261
93326
87165
90632
91053
10010
84418
81580
5808
95673
84009
23319
49363
37885
26594
84907
24888
45478
56189
15842
12983
98816
70765
27646
23115
19217
21570
31687
15391
24491
27723
10343
89570
68110
68442
92454
10956
37110
3861
47428
96930
27164
53303
82856
53254
30027
39438
31885
47104
23603
53339
46433
59168
81669
29340
13526
10972
23844
54569
94990
96027
85425
3702
47434
96662
29325
75416
5753
51539
73969
42179
25184
85511
5283
28983
88349
25364
56388
22648
37568
38563
76792
83347
1084
62345
7346
98533
84189
31263
44874
58844
37027
46427
18088
63831
46476
23407
49668
41584
94172
59067
5170
45997
31589
7279
77897
48725
36246
13559
1767
32721
44184
35074
21940
31296
26658
38416
25205
51081
13450
79737
75626
72861
56778
31159
32270
96048
52924
56739
57648
10743
26120
47342
9873
23380
63529
60395
46491
56473
88038
57587
59888
75821
33555
33744
4792
1331
64216
29505
88492
40839
44639
58588
75144
24058
49177
52411
30915
8860
50446
2106
72846
52814
73139
2219
61149
7206
49720
47452
63410
94117
85239
12278
90952
54462
2582
80518
15125
50147
16797
50989
89631
92991
46314
60547
27982
39383
69111
43747
71030
24173
26499
82709
93909
97944
42908
79294
13279
60962
81843
24244
7740
3089
40561
22568
48285
49378
85776
94224
3238
81785
81495
864
63593
34076
89481
37745
80304
93061
16059
31449
22037
48942
95417
54844
17566
85926
53418
23856
91572
90482
74235
16834
56510
3855
50355
84446
14826
70923
11274
63266
41224
41807
90748
50342
80066
21851
89652
57303
3641
79410
69803
9339
17142
88871
81031
91254
30457
98679
76240
42655
44114
47190
18796
24207
59278
66831
60849
43772
36292
99820
80054
84458
13224
19101
20603
21741
62275
76172
75974
99207
67536
324
159
4502
19886
25156
95060
58234
9964
1282
27024
83085
67908
45780
18436
5069
36255
68982
99054
68500
32877
28464
94025
25867
70908
77540
51746
11606
54880
72837
29282
18018
60560
7822
68918
20990
84223
66993
85752
93366
86933
58436
74509
30066
42228
95551
7792
80909
91843
58701
45426
11100
8317
20661
70109
16572
47770
67603
73655
77262
10026
68070
11048
71958
22953
32837
16984
70746
98029
78937
12537
38974
59351
4960
50831
38883
97892
39441
33457
48505
24628
47648
52643
66562
56415
3687
69858
39698
74515
51276
84730
21042
40571
47065
73340
15983
21265
72733
42038
29343
22379
83317
40818
79654
64838
99561
82535
48325
40619
41099
94794
20420
57074
39325
84858
3586
71525
4438
12058
84491
16318
11863
1325
7145
9601
24271
25992
57145
58591
73142
1389
70023
27350
40146
39563
1499
64374
23807
44748
29004
51822
18549
80738
69483
35468
95450
87153
10724
53104
9296
21290
70618
35715
65445
65647
12708
50730
25239
40046
90217
74305
84980
86142
95295
34348
59437
29200
72019
49119
66938
26029
70127
36045
69105
41822
14573
53843
11393
14805
1264
34778
83399
64713
70139
49656
67234
15375
18689
31409
47071
45987
86
94196
22126
9806
90400
72992
12833
52683
90537
87018
37848
25422
79764
3779
21058
28705
43372
46048
69416
44996
98527
26081
52054
14518
25080
50290
18702
72297
66431
75083
58518
82352
31565
22342
30970
52338
19501
55210
93464
21604
21320
81220
92829
69910
98807
62211
41218
10944
21558
44553
10056
65915
68314
65842
27411
90012
50510
60880
75464
62183
99759
38205
26392
84177
7920
49936
41019
81855
16816
2131
3156
86640
72022
80567
43702
71906
44379
80610
64817
82572
76392
34495
37223
98685
2091
61969
2689
21653
7230
57605
31605
44941
16858
61551
2057
8393
46543
82166
59314
81058
79609
23426
31125
91208
6550
67591
53992
17246
80448
8094
2833
63874
43522
80408
95615
12812
59562
17820
58957
10038
16660
4697
19043
19516
87656
15943
39075
85108
46979
32322
72757
84079
19971
30304
15632
18696
60636
46943
14963
56165
63514
64100
49012
69568
19901
35242
74573
85047
99985
39310
78211
21296
69733
87760
54041
20807
32416
96369
86918
98246
1484
32764
47623
63932
66019
56675
93512
96409
52063
64167
25522
26206
10395
40006
34128
37549
44611
52030
42960
86551
58075
87409
38340
99131
67750
60648
99039
38422
70868
49817
45072
45234
53565
1026
30686
24381
38483
86423
68171
88056
63434
90928
21338
20084
104
2573
69840
29114
62745
58649
84812
9955
4804
84839
9726
65265
70514
20206
30109
27872
77472
22449
28425
26218
24000
94101
43897
27262
19150
91343
4777
58579
26557
87311
50455
4099
79917
87687
72330
3666
76484
28092
54480
20102
67020
63028
75171
12333
45041
73749
33576
77631
88593
27802
20762
37635
25852
70609
80317
52607
81452
89014
15540
53068
46735
75351
1355
71729
87259
49677
18601
48682
26261
63712
90885
47010
76627
44724
11353
65107
85090
99711
24784
51883
12296
15177
65714
83118
81009
15287
36884
45905
88251
1038
16907
19278
55436
36594
78385
43644
96058
59705
85959
79133
87458
18729
68223
19388
37320
75016
44492
51435
8765
54734
38221
42325
51490
57883
44831
62287
28171
93696
68326
34592
73206
92338
16642
42151
96677
34238
74006
3873
22461
14255
12629
79261
69895
79310
86921
12616
25849
91941
64878
92432
56669
54926
55054
28818
11448
62299
50403
92103
82868
13270
32279
56199
44141
45157
83362
88563
45878
49628
64042
19813
92423
42963
28010
48002
57560
86039
61652
47907
11152
21540
41529
23569
15040
86973
4749
82883
7557
35492
65790
13959
94953
10859
90128
95994
60596
48636
50846
23169
77323
87201
57691
27973
71079
98124
22806
14695
49354
38810
68412
61463
94282
91483
73865
73182
64789
61359
1151
30097
23523
77143
63642
51569
1883
25037
92365
50068
8906
50824
21491
3657
27530
46796
4606
18366
7032
97590
37623
6168
36106
24286
29038
82493
67124
14521
19840
51725
85032
50165
54355
60428
46918
28660
37397
46659
51014
11707
37418
99750
23914
15717
41779
10999
97101
29603
62323
33021
79523
93961
70279
34870
21082
59412
53452
18021
93354
60120
23929
20783
73539
10871
31782
89023
28809
1948
45057
61832
90763
40668
37793
11240
77802
55851
23209
62461
33201
68140
33899
80109
95859
7
25351
81122
50687
28736
25748
1987
11060
33194
49024
49183
49827
33967
60761
97828
41846
71448
65778
79017
63651
99582
30170
34714
712
4279
32920
57905
93946
38721
76716
48453
61820
54657
38260
77063
64756
83680
74222
41437
51026
47873
86533
98057
28019
48923
64200
51395
4136
71647
24741
41642
61429
77039
58176
76941
75361
5112
30088
36438
51633
19071
80381
72797
29767
84272
2265
80485
23826
516
31760
26035
82648
82154
44675
48298
43506
44858
65897
41025
46842
57395
46134
62073
54148
19394
85547
78504
14219
95725
30597
91077
83606
67911
2320
92649
22336
75580
49235
93107
38709
77668
26078
95826
11011
39393
40793
97764
97147
14457
31855
48667
8915
54435
6290
11539
48972
26383
68943
32551
86780
39203
53226
99384
39933
95
20331
95801
67252
75248
70313
1633
97413
6006
99607
75196
51658
45350
36820
90287
56226
95771
64908
77103
61271
40391
58979
89911
22043
35459
79059
13123
17804
1734
31251
14670
96564
21036
66514
48212
96525
19758
89188
87021
83713
57786
43674
29319
88553
49054
86722
49219
80338
60022
56302
83484
65516
20652
23270
16535
56434
97339
83780
74079
12769
40647
76807
87464
15357
64329
84696
50544
80
77765
13239
8982
77186
42576
27146
2079
10492
37653
65806
18995
55900
91291
26319
68873
98465
50254
98475
88700
33756
6943
93531
38138
48807
11881
43683
89350
75303
1682
77338
59690
73322
8783
63862
33469
35743
64185
31959
82029
76127
78879
58066
82654
18839
19626
98926
75889
72342
86710
64802
6952
23517
96863
41901
6211
16489
77079
78019
79377
13218
86957
79624
78708
89960
53876
23670
40803
18232
1255
32645
38913
32825
38636
43970
71326
66221
4474
18424
71183
26450
93870
71216
90363
59376
82902
54011
89887
26911
33625
51923
55942
17283
12995
45392
3992
88199
37473
57895
10596
93726
12125
70859
12659
56012
70817
88456
9482
43061
89759
1810
59818
70716
72303
5738
11957
64798
3763
66425
54136
6092
95099
72989
41312
80942
41175
60172
12891
9614
60080
69553
97751
84043
96079
6751
31382
29130
15937
27533
18339
1404
13575
54789
20737
64402
31376
29090
8548
5127
3049
309
61347
66755
41416
15415
94819
74103
39817
33097
69260
87922
75043
83814
13492
9141
33887
1108
78443
27594
83692
52076
14499
23298
8704
36084
30771
89313
13431
48041
25251
37760
97300
70261
23908
93436
46515
93049
13834
58716
21579
13785
44751
90384
50950
8561
34549
75913
41364
85535
43693
10441
96848
11802
71512
80323
37119
12027
20041
9787
3443
45112
25663
97327
66779
54856
77002
95792
84397
7773
94965
24195
86176
5909
85367
78565
84153
78904
94687
33213
43561
23249
65146
33671
42356
91913
16547
5689
50263
27186
24515
97687
89402
60917
65366
50229
69050
67667
45243
41733
61957
77051
73682
76954
53196
34034
37922
9165
41874
5436
629
71622
12443
40940
22364
74045
60489
5008
24161
34260
29438
91779
84119
48856
1343
37165
42389
63379
9363
78794
6708
28830
78165
56443
16416
70844
11753
68189
36146
47034
83130
14322
69138
33823
8103
47635
80851
47385
193
83649
40198
50272
8353
5384
52900
82462
43033
2897
65510
251
44962
76462
52353
21024
84479
9266
97986
42396
87989
90690
43635
19309
40278
59751
96814
16715
59116
47672
92795
95957
90851
42933
10474
54868
44336
26325
77845
62873
84589
94993
88440
70142
80997
29816
51587
40409
64618
56959
596
64631
6763
75895
75678
44813
44736
29444
57868
19443
32447
57425
50135
13386
90046
98374
24973
73960
69364
35608
74030
98258
59598
76920
14860
61802
72855
29728
74936
67579
4828
38526
72211
84635
39844
55521
56366
75458
12418
56870
95817
35923
75632
88782
57990
3360
96698
81684
24820
43943
11576
39228
83252
15293
16935
87110
22150
87494
45334
19928
71052
87143
65745
79804
16016
28516
33256
27698
99766
61942
33237
73584
88807
74903
58924
80399
22117
27051
76471
79719
35959
7572
41453
56751
72532
82972
46344
14289
54212
90223
38157
61994
66581
15882
45743
69999
36677
87247
7569
13416
15000
39216
48197
28559
53553
2384
2811
30552
46769
86985
14039
53711
26380
18747
85120
12394
25947
70969
39676
9794
81525
55146
17377
84647
35648
55073
49872
57374
81696
75583
66675
78022
88755
85215
97931
34305
84827
40122
60456
26810
30619
39621
32956
23884
55427
92341
31440
89255
84580
9385
94074
76813
11405
16123
9745
1859
95737
67994
55234
38111
57660
93854
6647
11454
60431
41349
61692
96772
64643
8841
28577
6333
48383
15076
7239
27045
33973
98496
39063
50583
68644
45453
57706
16010
50602
47522
46351
58722
44654
91117
68784
45038
27488
37464
84540
5228
58097
57682
51609
71781
889
37870
1218
67307
80539
31281
67389
54361
76642
2930
33057
69727
46189
39533
69629
33283
91852
77771
33860
26670
72590
75907
28605
5860
26676
79493
56391
43177
35843
86081
78718
47889
74213
90085
35996
44217
27744
64475
43235
11316
83884
44089
92945
88184
48890
83356
4978
69230
67408
59339
52805
11292
51874
15626
55158
56046
14405
24137
74860
90159
78373
69153
81589
79950
6824
113
85965
18909
27500
9260
91459
14319
31662
10068
61027
64420
31806
47132
36234
73993
12958
82444
86698
50647
40214
73603
22385
51496
59714
8225
11973
37812
44321
36912
65259
81775
17692
776
44932
95331
99537
14835
94529
41449
55283
76288
96119
9324
57978
48569
72352
16767
86365
10785
48371
38547
79126
26859
35572
74439
16697
38212
91831
98823
59549
23539
53699
68705
67054
94678
91474
92515
553
65040
63923
74949
67280
43296
16178
84940
60947
10090
80027
93381
67566
21848
57624
31168
20759
92386
88370
29676
44108
12073
51841
67954
7480
60758
25458
28211
873
23081
59845
41916
91901
87345
34021
67646
44205
76319
25174
23618
11426
34617
77863
8268
51233
53489
92078
81293
82663
71863
3556
59958
4032
43006
6269
88169
68146
44385
68158
29133
36014
71171
67560
26883
41813
74018
94428
30463
62024
63422
7413
8063
64484
31775
35218
13965
45420
93241
37436
8487
9083
1224
20820
66810
73813
86207
70398
28040
34141
71848
40622
83783
611
25010
12644
10261
31031
37900
90546
5881
14087
76145
55491
77311
90558
11374
97248
97281
88154
67182
60038
76661
43729
88288
3510
29566
13654
44867
53235
85224
6672
37061
87720
31177
90342
84849
83652
47025
21070
45655
80848
29023
287
91684
95005
59260
72547
6772
74830
81464
77085
73102
97907
50763
44010
48142
87803
51645
44596
10468
18805
50388
10386
14298
80253
70221
58552
31092
19938
32303
93595
20096
99839
86060
92719
54764
11420
84525
46372
26743
42710
20392
51542
45896
58106
37583
43192
21598
76005
86515
63328
69797
80433
61683
18656
85831
33722
25766
11173
51005
61307
87128
23719
61417
90992
80094
70667
38401
10502
99662
30628
52582
46128
63419
57822
40583
33582
34055
27338
30857
51111
50159
89625
56745
68573
36133
52537
87354
59330
29291
82108
6403
11695
75620
40268
13843
65223
7898
26902
72968
24604
10163
4532
449
83552
80170
37159
67695
62146
82633
98032
88605
17713
82731
34400
16263
51206
70698
32905
13706
5954
90098
39835
47898
86249
2875
24991
24766
53360
19684
696
1453
66593
67978
62552
18863
8585
72159
68589
1816
422
21222
71509
61112
3736
50782
73035
50754
22059
39048
12525
17344
94950
19861
38785
24012
87098
95783
64255
58207
99851
28068
15482
38553
47321
39402
50739
90143
59192
34382
23490
42838
68354
46772
43921
38318
21161
76905
67933
43989
37403
75293
32020
12720
54685
7255
82786
40705
21192
83475
30533
3595
71964
17792
32734
852
78638
92786
44986
78483
67219
99222
24521
42045
17981
35279
58805
6495
31223
35816
89170
49421
11127
77375
26999
92554
13508
4947
94596
27811
54249
86677
34205
67103
62223
84614
76566
42063
74372
46891
96348
29242
49863
76078
2067
34751
83402
91745
15433
26978
93305
95112
49488
18946
60187
77930
55622
59745
95203
22513
13379
51612
23017
18674
65058
46784
20853
44529
2979
87793
97513
49262
10077
91233
63059
17429
38819
7428
31485
46613
73075
19019
73621
94397
83179
14176
85871
65595
4517
56995
65293
1236
41892
58542
31330
45942
48252
82990
89853
13248
39878
94825
59519
57264
96287
5777
90806
63807
5146
16999
75687
40445
35355
12134
75120
98963
33780
40949
66150
91395
18561
68931
70942
55539
72144
63553
81073
21778
41865
72007
48139
48523
84250
23447
87620
99689
94913
8753
21219
50818
54554
33637
59824
38791
87034
14887
25498
76023
40784
34107
33652
32990
19196
82074
38584
48420
3074
36490
38093
74640
18952
52826
47550
84598
43583
91938
17029
97397
55259
38901
67066
49064
705
57474
93924
18299
57187
21467
69620
63819
65882
70472
55750
92917
92353
35291
73838
29560
58857
92618
86658
65220
3934
79108
68732
92688
74875
80149
42127
26532
38648
98584
82032
86390
2302
96110
69935
46833
98050
72568
41108
7926
49415
13791
45530
64152
11896
70823
84083
48951
60102
97992
82566
88093
52591
19669
90989
32453
44928
62104
3730
96442
96238
85386
95151
54743
18555
33561
3251
48520
94660
29825
53901
19712
98438
22394
61133
40412
59006
40845
33368
83619
54307
82474
98621
78760
94153
97974
37769
85019
32798
23768
65833
4322
17750
89646
69547
15561
85395
86100
61316
11210
24375
8521
92200
68928
3824
68757
67923
18204
80973
14261
42481
8030
11255
8469
11326
57215
32169
90571
49094
11286
15775
29459
92026
15479
46283
99875
35825
61188
22913
58768
19523
98850
9910
2442
54609
68802
9623
3513
58619
50971
48551
17463
25678
90613
16956
78623
6388
2594
64985
2552
18119
99796
28748
8579
32056
33603
80375
33808
98279
43873
37095
22843
85697
90415
35621
43302
13627
82612
14432
15448
73505
28315
73493
37018
58680
39823
97483
64979
58387
89518
42899
15796
72053
45224
61405
58152
10047
17502
39481
80887
97165
5665
39710
46192
89127
44159
28364
36750
28077
51902
28843
98008
70780
67615
85407
25110
71995
32071
75522
40476
78846
5576
95032
16666
63791
165
26359
15247
76594
25617
63007
38065
47059
94928
86735
7547
56220
3006
80466
24149
53977
84675
9211
79358
35505
69019
7496
50574
92304
26868
7377
68570
53431
20243
88086
67585
80829
10300
10907
8335
78663
2466
38941
65000
88678
23673
38828
99067
65870
75110
49259
38688
14972
3367
22297
72458
32801
18219
48896
36289
15705
86197
12177
20969
23139
89136
25730
30680
78867
97117
55460
63132
31199
56424
43882
90824
19251
57050
25977
28861
61500
31644
77491
16343
87629
79200
48536
90561
60734
99482
99656
63120
60138
23328
45267
9372
34046
58863
20136
17524
15922
41550
44782
75153
38443
24436
33072
65455
43479
81672
8185
96808
41758
54065
91718
28437
3269
7047
27710
94202
27839
9440
91428
54099
2204
3785
17643
80915
73896
22510
49845
92203
17151
34690
62931
13764
15668
75986
42844
86277
97568
44486
11493
56971
67319
75568
75879
68439
77308
803
63273
10764
47742
89551
75040
6241
96647
20148
56290
38102
33982
77909
32410
98951
81345
80787
68485
62778
90943
41501
55918
34116
94169
46381
48816
52375
86374
45978
20798
35691
21149
27308
31235
7502
17017
370
67817
49552
89841
41300
44693
39982
345
17301
89728
9046
69410
7282
42853
14237
54130
85352
42008
23160
8478
53705
67072
17087
79453
86323
85828
72165
58457
17173
23386
2622
66294
77402
31504
46625
15546
5729
71851
78205
96583
47562
32670
17533
3608
39515
26420
73459
93549
74766
47797
96796
10846
70627
92530
31336
42722
70655
11304
47486
87082
83909
8671
60465
86164
27134
22019
73163
7309
5634
89997
7801
67362
45710
16251
76938
10145
22495
26240
19352
74271
47294
84485
28153
2720
33008
93784
97559
71088
73246
28287
76120
54035
34250
85685
6901
36509
70084
64725
27915
53919
99177
73029
96213
61527
53592
92472
89692
88712
35441
81202
69166
4209
20066
23795
97870
80585
71619
14783
32483
61084
65207
98328
80640
56498
15748
13028
69959
22199
41929
3837
13971
27689
30579
31312
66282
26792
20536
17631
75733
32612
34815
75440
56894
43610
8683
73548
18104
53949
1862
79004
88215
77723
44565
21839
19031
24109
17194
99152
22330
37592
57792
67432
42631
56403
37912
3299
9443
9342
11368
60721
36179
35203
1465
70710
55005
19849
87198
59232
39896
12327
51429
6428
81443
88447
91813
93268
75397
57963
29972
18271
76160
22168
9501
11686
6592
23279
22922
30991
19574
41373
3473
31580
1523
34516
62732
42344
1584
8017
63678
37128
98557
16871
40287
79184
85315
26951
4688
92316
98514
44266
40021
37940
64588
18406
40528
38346
93689
7187
46695
76197
18476
16034
379
96299
66398
81992
4523
74982
25220
19288
15595
51255
80018
9498
9665
12824
29850
4105
95640
85785
25223
22214
4444
20194
10795
37641
87708
43104
13563
40513
45533
10129
36756
70249
64765
13300
62812
37858
15580
99979
57911
34000
89441
40696
24619
88352
40253
7657
34363
36414
18393
68055
90598
29957
33265
8951
67792
61204
81815
10737
35053
15601
52982
91727
2659
98868
60889
18619
7874
32380
85291
41395
75696
69916
46811
36023
11768
52155
33689
53623
62256
40983
30842
72498
61515
27588
30051
77128
28779
96949
68262
10550
48426
62906
63898
20893
68116
57023
54545
58448
42191
61130
80262
86716
77442
33487
51362
9592
92981
12369
99292
63257
79419
72248
31415
36100
89008
22187
65284
97815
2912
69339
36796
27274
18757
2475
96491
24878
67090
56022
97315
91437
71222
16962
50214
68012
4731
97532
50635
94709
61826
16282
18171
87186
71299
32569
5652
39774
74582
62970
99415
92228
66074
75959
46534
76450
57300
43714
25269
25144
41071
49137
99936
403
27079
27442
81907
36738
15311
90375
39530
27179
71937
88819
81489
41684
72068
86942
82688
80454
93650
32175
75055
55890
37906
67222
42405
31342
58347
60389
37385
61905
91636
21482
16077
76136
65421
80210
70054
77210
93555
68519
66349
62601
56797
61728
18445
25400
66327
17585
95911
39554
56647
51572
45493
40604
46714
56821
34879
54395
91123
42981
45255
35099
78055
48981
71045
13401
12107
54780
11942
98481
27106
38147
86661
82303
26014
58280
47315
99723
14005
66865
6742
5277
79780
10135
42206
97876
69150
34296
35856
10114
29572
86347
57352
83979
85627
78360
19153
11484
94184
71464
76737
96280
66334
56968
77387
77298
43094
82584
36649
36789
29581
80875
60013
8655
75922
99000
95463
9553
42334
52933
49885
7865
1783
4996
38935
96705
28455
21442
64667
84214
44709
34455
69471
59730
43189
9650
14368
39646
68665
13370
14502
60608
56296
91892
66721
78406
85285
98502
22153
79905
52048
61893
74622
63685
50962
37369
24961
45719
10969
12146
97626
48832
55011
4657
66523
42273
50538
92096
34137
83667
81592
83631
27375
95386
92124
79557
85853
49708
95752
20521
1655
65159
25544
17411
79834
74442
66468
66312
90076
535
10325
71747
87995
29184
30881
15070
50193
60782
76163
39191
45130
70154
7352
75779
66355
51700
8112
21308
38303
4316
77466
32102
28055
42945
78763
89576
42264
97266
24909
6696
28974
51899
95011
85901
14814
44285
89933
96937
14795
75757
86475
85709
84742
14603
20636
9272
78397
9672
52564
5304
6974
94242
79337
29889
31925
18052
62134
62351
78788
37058
53183
69324
94016
16321
74399
57520
71683
77439
17252
44825
53318
40851
17362
35123
48795
58667
5549
17182
93583
91984
91465
34858
65531
59110
45664
64109
59797
82370
17075
14582
69037
50559
64521
68509
4728
93317
55414
9247
86847
1911
58164
78815
99558
7331
52976
73646
6812
23050
15952
17389
22245
52704
99042
62980
84147
42371
59775
7639
81061
89371
48618
8661
94886
77430
12372
37375
11072
8796
91318
26346
8002
63855
6913
73252
32096
35422
83069
63779
13154
63218
14228
19065
18885
50800
25443
8045
69846
69513
42865
60907
36518
27289
77015
49997
48301
46567
67624
75315
87287
73527
78412
79206
49616
44513
51148
99967
59348
60615
35019
69068
48877
88709
39182
93577
88825
53324
46885
5869
60511
26191
42438
29255
5710
77195
14170
62546
13807
16611
18876
56040
37827
34153
91007
42560
81962
68235
77976
22889
76243
19706
23588
71473
12513
37552
30524
85672
4065
81659
52909
96225
88416
52659
53766
88895
55555
9980
8610
77717
14945
54618
45304
21271
55515
36341
71833
76050
31598
89704
67157
51218
33719
7062
3058
95167
59250
72196
27720
27259
9107
44095
36768
74927
10895
11786
62400
30738
88523
65006
22358
16822
72071
62458
7844
27070
43860
98838
5341
35563
16803
35523
81882
88068
24061
61735
62955
91446
2869
66456
74140
2775
76386
4011
17832
1505
68793
89158
81989
68274
1392
80750
21128
18046
89582
38459
90705
71332
74616
70582
70374
21818
6485
67701
50007
81501
51734
25892
72132
65018
31049
9284
43079
9549
93918
13257
89356
32316
68534
35663
72596
64005
68833
39612
59449
48078
64853
43369
9888
66559
8695
39722
6727
42234
53119
29917
76639
7712
74384
56617
89249
50306
43625
3754
72895
13636
28351
35184
95987
88172
37620
52866
27225
66089
46876
66117
75943
42768
300
90784
70035
92066
47556
87235
36728
28568
76426
22892
36957
32889
19678
73377
11612
59498
58268
99424
8780
22718
269
90339
11939
85798
11823
13950
85947
745
81418
97913
3309
23356
18711
25379
81531
83237
88794
65983
38752
95862
31839
68458
94602
37214
89261
28168
90037
60126
26874
58832
27622
69199
75507
65378
95664
31135
82966
49958
20374
28837
39585
93335
81971
30982
31843
92188
3495
3092
32367
81305
67890
30652
95762
29145
74158
56849
69669
57331
37323
98240
4703
63019
24936
6839
41602
788
87568
15680
70579
86823
66242
20624
33838
18512
69660
68693
60804
16089
60444
61649
73044
21903
88682
42414
1938
35865
15906
83805
8808
15964
22687
29407
35386
73563
30829
77247
12775
21982
3849
35267
64350
29203
56589
99344
28699
96262
69636
20646
69010
68689
22028
33399
27848
82602
87946
71283
96308
86814
40162
42447
28904
79676
77698
88044
76963
88633
51935
13718
91614
72376
41208
71897
41053
36603
77875
54426
65687
35230
85566
82453
36338
55442
78611
94376
38669
57801
11109
72471
93015
2363
48868
41785
60285
13422
59308
24366
33436
53754
72977
35337
99262
95136
32477
25129
48011
47928
94217
36313
50129
92032
50174
71738
83991
22529
80185
87729
13178
45405
32746
91224
61457
56144
92692
6107
26789
46079
73823
20316
83289
23188
80250
91562
9839
20325
86115
32358
68720
28934
1771
65488
78736
33442
651
69700
13053
27317
58411
24033
48026
63920
78095
69309
34900
66483
87064
97095
36387
53544
97788
31012
29371
33112
38672
34461
83741
85663
92005
78467
62793
73349
14643
27579
56653
81748
16886
59012
14051
33173
13746
28202
75849
29365
33667
2982
18848
57004
58790
66367
97550
70896
26182
68955
22434
87482
32532
69242
19236
23642
72559
17606
95426
66947
30185
43223
6843
91135
51352
18934
23493
5039
87879
59614
21619
35380
97068
90165
42368
37674
57404
31080
30713
22617
17661
17316
49570
3379
92777
74964
18580
84205
61106
91697
40381
40876
35318
87864
92533
47352
75965
27616
2280
56690
40732
17890
65079
35883
83469
49796
91889
2417
88233
54581
80411
37046
5988
87833
89145
96787
47199
2674
4673
40656
57099
32505
43116
13904
43537
86139
87534
93155
50492
91532
3458
13929
53443
14615
14686
87903
87430
18598
45676
85376
41187
82923
51514
90186
27677
34830
83426
63483
44901
88266
29523
56180
89506
3135
44047
72922
80613
82190
66886
12577
63239
2186
21393
81278
65119
29484
19968
71671
15735
19455
13697
34806
96595
6934
33848
16334
55185
24314
79569
4413
68165
98914
48221
44056
73728
51758
16382
62159
81620
93793
1206
97049
94971
79490
89411
33317
99192
59488
2436
90452
40915
41593
61246
6138
1053
19990
66572
97471
34330
44578
82093
35892
95258
28269
20344
53376
46229
48774
88669
90119
27427
99360
18378
89618
28415
36469
28965
77399
52256
96122
82392
43345
85169
11005
17829
46262
22428
88617
97403
63746
18311
8213
11469
93714
35480
25467
84281
7154
80280
35193
58945
98887
16105
19919
64750
24415
94434
32200
71265
38376
74326
58115
71360
4023
5823
8713
65958
77140
58313
94095
44068
21549
66684
8402
31217
27152
95966
13999
40308
41471
45829
98349
21012
83729
79026
76038
83939
69690
53525
25315
66602
43827
98154
95594
5106
36576
72764
98078
25632
24982
42771
19336
86838
37684
36615
9522
8417
79398
70231
68042
65662
3229
64536
29358
40723
78345
36588
52433
10410
29059
60499
53122
52183
95936
8939
68216
62165
6470
10672
62848
25083
16373
29694
68198
71772
52369
78245
53812
29599
65391
13862
87076
45276
992
47471
54642
44318
55823
85126
7819
44892
81547
87397
18982
26474
17615
52424
72172
12436
15156
91092
53409
76435
59650
7993
17560
2494
16626
21686
81269
93940
63755
54627
14359
3290
6272
12082
69922
6302
18912
17908
15214
1435
8613
56086
39100
86014
59964
10489
49308
70337
18973
82850
17783
12848
79972
28721
80506
98142
32963
2033
86802
36362
27775
77671
34995
14206
39173
29545
98316
24802
21518
85578
94083
57230
43454
44166
69236
95972
59055
96061
84705
12000
34098
12061
60895
30018
24653
30707
69184
23417
26505
71402
80701
47129
79706
59076
91547
23459
63987
9186
93137
94724
4218
94047
6879
82816
8033
98719
38846
82117
69785
70731
92014
99521
41761
3440
17685
26166
59183
20026
1420
68866
92243
37482
3061
16474
55466
97434
94355
76417
27039
4163
18583
55961
3205
80347
97733
68424
12870
72114
40094
8130
45752
83442
63724
35932
30930
72666
18006
6067
30896
19495
16214
15369
92505
17893
41422
65351
96985
3467
19791
44690
78455
76304
40159
19181
12204
28238
2646
2503
89112
51337
55161
25065
24695
13828
54078
16196
48163
23710
63620
21695
74537
29047
26716
57273
68653
83378
5259
90757
36548
79633
54703
53266
18509
99128
10178
69074
67859
84983
59021
92832
58133
51124
75995
25092
22968
97922
28946
2012
1044
28510
38501
56989
89969
94059
35947
81189
15146
95176
28397
19538
94904
80472
38837
47757
92176
2360
85193
95145
73877
99695
17652
2704
50077
73316
55588
58033
72098
5555
98334
59125
3122
10633
62696
89606
78745
89078
81159
50461
16117
12403
12793
47773
70542
28150
20493
17054
15870
45322
83149
37183
34314
87058
50864
3214
1185
12009
35489
51389
20359
9397
22172
88862
46338
5567
86121
20429
31452
79163
88938
4831
11509
82172
18812
57062
99738
26157
61268
56119
17005
6257
46671
19294
8204
23066
48203
45847
96744
52579
58051
41269
55842
57819
62537
74366
1709
96579
37571
73856
72101
91211
77942
62684
84382
75184
78995
89051
65732
10608
90726
78156
242
36460
8378
27564
71103
23551
4291
12098
36078
35361
14771
84263
13135
52546
73191
4047
27909
43152
3342
56888
19828
73279
27121
64386
12424
81879
4410
821
86152
87330
12668
65046
80530
45484
92042
53501
135
16135
26621
45005
6238
67502
52192
98011
54053
68744
33277
18259
32636
38044
48395
46232
67042
17331
65561
21140
9302
42478
55594
67838
75818
62012
76215
58610
49775
10227
49781
7392
46631
82322
31394
94416
92273
54633
33863
92240
2326
55030
42872
75321
59458
35514
90311
19785
74805
10453
71921
5402
84772
46955
43833
56238
18631
60825
31733
84754
15751
38019
19407
25300
76856
30423
30243
98633
65619
39023
29932
24796
62339
94843
46991
72724
44397
39451
62638
3019
68039
26563
565
54599
16401
58219
25559
9018
10016
77216
31476
9461
55369
67206
62449
73755
16776
78653
77604
90479
71549
94330
70185
62232
52240
79969
52613
23746
68604
73490
43277
40558
27756
22309
10575
30158
13779
89817
17359
47254
22580
6888
98768
94584
87668
47095
46106
53650
23285
59876
33906
5399
43247
60206
4648
55951
40741
78693
95563
51420
27652
78177
84064
39264
39319
89393
71918
10523
57746
65580
82087
49164
76365
57670
28916
86573
73670
93189
84260
83530
34842
65980
83228
31428
40183
20725
74173
71308
4365
39496
44028
62916
46158
99894
45176
20478
47916
74704
36844
88114
14441
88248
74115
7441
96006
52384
85657
30549
88776
41749
81568
67484
21637
90009
26127
73694
275
38007
84406
37723
82343
75669
95871
25925
57456
13303
78580
19776
33497
65696
86405
42298
53806
53052
68992
10203
8722
7215
15528
2125
30506
61197
45063
70368
89173
13532
22678
29786
19
94449
31183
34882
95279
40503
52311
52762
78278
85248
16306
30500
16593
5539
90259
12555
29480
75132
13596
943
5515
36863
66800
50718
16443
4422
25589
22226
7178
66449
64567
72226
34949
69974
38053
59781
86298
36063
28327
19089
41947
26758
43555
97010
98414
56345
15140
21158
37235
30121
13315
79545
62510
34986
63382
80695
48847
1929
90738
40491
16157
82386
61628
31937
42759
29664
6806
83738
99076
58564
18308
82245
24259
35178
35550
4575
6055
39051
66926
54337
4267
45859
61002
66507
71012
74186
23786
5600
40204
99439
99613
5967
68384
25568
29877
6534
48789
60407
42884
72742
31986
16041
62662
39362
40171
43253
57523
9455
64939
93259
28852
53791
91736
73978
36356
21412
58228
84800
45731
16556
86686
89893
23945
86432
27897
49476
68259
75098
22251
96631
97202
25882
88968
47089
52878
96164
80900
64823
333
91337
57932
43516
57840
88584
82871
95698
37983
94349
67032
78296
77344
76227
74265
28534
17222
44132
56208
14017
40113
20545
6516
70075
63770
18143
2161
17408
85059
86509
67682
42511
98902
89435
75443
30384
29633
68305
75266
7746
92609
29230
17762
53965
63147
25593
63035
42054
47806
83509
8896
61216
22950
31659
12043
83597
97645
97217
9031
53473
9092
51063
22312
11435
25135
66913
66639
64899
83136
79786
97272
17103
77622
90656
28644
35798
25699
24558
44919
171
22861
89689
6116
50528
62171
68247
43427
26050
85209
12455
36982
42545
41666
22751
62613
69678
49299
39463
24756
27353
80805
53345
16395
40775
17133
2762
14866
59403
78690
58793
93406
1560
42530
27082
45728
53959
45145
60053
89191
56513
3891
21329
45109
25199
71155
53095
70975
33530
69343
82422
45795
84162
45096
20221
91269
29218
3623
6193
90104
63202
34583
51102
5622
69263
96146
17295
29178
60932
474
67676
41327
12980
82764
10422
11112
2515
68845
52308
62064
19852
88428
83329
14557
47016
20258
31629
7264
10419
1880
7645
74402
64594
69944
99012
85157
67765
85254
97800
20862
96918
72626
76059
36832
15586
75770
58259
18891
88471
86496
79316
20917
90067
47999
22547
46369
91044
54831
34672
82129
32950
76206
58777
76255
71256
53983
12494
81516
24006
19593
53690
30832
87009
91755
35404
45545
49332
16633
99808
82514
67118
57844
63224
62482
24671
82752
47373
36423
38370
62388
12354
76185
94669
77585
82746
12809
99186
46274
15342
39258
19761
10611
12284
9208
1697
63331
2009
88147
57016
5332
91108
20282
79514
61222
27604
28882
41010
91797
21189
43915
54899
53583
84928
67719
73212
77747
82193
55250
77857
35328
7013
57132
95899
62009
3422
93732
3983
28138
95350
31119
29950
85145
2399
67002
69962
77021
55356
7618
83759
26252
12674
5423
31965
77936
46470
24946
91016
94867
48356
75339
91034
26459
6589
43973
84873
61179
80839
60688
73261
74360
35584
13144
10093
49943
644
63669
78989
42118
58698
84736
96451
31528
50916
91803
65177
17035
50858
40354
27192
86283
64396
21076
69123
2192
70173
98789
3925
10151
15912
11875
40079
93659
34562
25055
55121
48447
70875
54313
66105
84137
93226
62882
80628
66642
61979
23053
30262
64090
13202
11149
80546
25937
17396
55069
47266
64115
67548
81113
12198
6379
49646
63505
34528
52262
38392
24088
81226
32422
50895
72361
34266
85026
72880
70069
59995
68631
23966
40439
14188
62403
29856
87635
81406
63785
21766
19312
38620
30646
55085
15046
4468
48365
67527
38285
61918
82047
69495
65934
98282
93445
40864
28528
36261
34733
31302
17579
71692
57123
51951
83533
84098
98383
24335
97461
64176
55567
87858
18418
81397
29493
99323
28379
53840
55643
56003
37949
74299
62095
30115
68396
67420
68558
36823
52854
28492
28254
39142
20749
7953
32523
59891
13343
22666
24347
52771
63547
40531
31498
67139
72278
21344
56577
4245
86896
4160
11963
22800
63691
69025
32465
54111
22089
19803
86603
5265
12598
62375
53736
75062
58146
16919
5201
64319
28199
30698
94559
69745
77485
30008
93113
19346
64225
86338
93162
55216
27738
4612
42923
88959
74885
66617
76017
6580
32926
90864
14344
82206
15424
83548
382
46033
14115
67786
43769
44230
69538
37531
40427
35987
27997
28599
22593
60926
78495
97022
32245
74866
4938
12732
73066
76499
92746
79728
46753
81922
49494
41489
88486
82016
65183
36905
2933
28476
12262
45926
53663
81089
88318
46552
56608
61295
57435
55665
589
58375
80964
79044
93491
69428
16602
75940
29987
13645
30417
57349
96473
99335
95536
95353
97178
78608
22901
89466
58500
4072
79075
81739
30439
6324
54798
58982
11915
15821
78089
42258
50693
15763
77259
70429
2457
4819
9849
57163
69053
53513
34479
71821
75489
53779
20408
79422
55573
22825
60331
56278
60798
5893
16425
8735
74283
46802
31067
28873
39167
54194
16456
24045
35969
66373
24561
74482
14640
7367
93842
30607
98874
36493
90879
48914
67148
64557
17280
52842
52286
21433
11719
23234
36164
98972
24482
76279
6437
27369
41791
93274
28083
59430
29993
54386
63605
19745
53083
81363
68818
10355
51859
74848
71311
74653
90494
14744
79258
20450
78837
98206
86594
1063
41538
21927
47394
65928
99509
30210
15458
40052
80292
69709
57383
33732
72953
57532
29426
63624
89676
16181
70386
41568
92325
47867
41932
94297
66037
4236
80231
83832
45215
39429
86854
44236
21808
35785
55301
18192
38733
8085
15470
39713
59903
7456
92081
74125
76972
24225
19892
45585
41858
82148
47736
92576
5365
78183
23093
97614
60413
49228
56125
44370
65168
28278
37998
38956
78675
85767
56247
58399
99088
91376
43812
87830
35740
22699
27927
68976
64911
73237
55329
84516
26429
13392
76786
9025
34961
59528
82935
16724
24405
7438
60343
68006
86042
17594
84433
72635
24955
56702
44462
36039
55933
85633
94571
74491
58323
6019
63575
33011
59534
36445
76401
91245
48469
19648
46006
22556
22068
38196
28669
79581
77887
51502
26276
85862
63447
10532
87412
50629
31879
23032
94935
32398
76267
53162
8295
40674
44446
20841
9360
55704
15052
50370
51182
23545
73731
8970
14673
13755
74085
1743
48179
72654
46595
48099
43549
5716
44794
5768
12687
83707
92679
54984
38538
20295
64652
11219
46702
55713
31028
1899
47666
81946
96879
92939
25983
53037
83970
94141
33323
83292
37449
51404
87525
55683
37
69355
24125
56803
97156
8518
71885
43412
6617
29709
17844
41120
25751
55802
86487
2372
17920
1273
80283
2799
97889
76829
21879
65403
12119
29868
20234
25278
41706
99866
16166
86527
91025
56266
28306
23215
27936
34540
20075
52274
62574
61573
45368
36008
81601
82233
32578
76703
87375
33796
27326
69761
20185
20362
40980
69608
83039
47681
53241
93763
51291
64039
56052
85138
59665
38352
14621
59983
58994
33643
88538
51093
23502
76578
41337
37458
81379
2665
98441
83948
71198
528
52787
20582
48969
21949
4453
53495
4395
29798
96396
64679
77546
98710
48237
79172
89823
21760
39032
16297
76090
85892
78956
91593
65238
24915
63535
78061
60978
33710
14710
94648
14097
51807
33069
38575
21991
5469
59098
46088
24582
82718
20698
33515
65702
46323
69443
75376
19166
85074
49158
76557
22989
89206
86628
49393
26148
83988
81290
82505
9772
40345
95188
30338
88279
97184
6922
76096
15818
55485
89039
61667
68021
99027
55756
2887
3199
54935
52109
30762
68406
24326
97855
90967
38968
5942
91382
21113
49988
58689
91922
83436
78949
7200
52399
27115
6638
20505
23819
54401
52018
17511
73475
79755
15696
92753
28449
78553
84336
96833
8552
46940
16782
6086
20112
44712
40452
8878
88743
14939
82627
57712
21628
18451
34223
91370
10236
81257
89219
99247
47236
64423
2906
43592
23932
73060
40012
78306
33152
92621
81955
94782
36899
58469
25602
48746
77527
52091
15683
20170
36130
3025
85508
6669
53367
33591
70167
11860
97522
68763
53635
94831
70539
43955
34556
37302
75422
95044
14655
64142
65726
83576
42136
93775
33133
88505
12885
32859
50043
95603
49323
19263
45289
97037
75516
43219
93415
76743
26832
99009
81629
47339
72522
83893
99881
87269
17542
19617
14533
82276
52521
88834
70209
65992
47367
30173
82773
53653
37668
85737
32786
60279
36567
81238
11731
7319
61783
30662
99830
70295
88382
72464
4599
20823
82218
87980
983
60227
35068
66044
87848
84668
47464
50315
58408
39853
3714
45633
25733
76899
94065
8979
71238
99598
56852
35773
81891
75202
20008
53299
89777
98942
86545
6312
25162
77045
92164
28043
95545
91584
84025
77796
38746
48603
37952
35022
50293
49805
51862
62085
8637
68522
13062
2088
58017
72318
25715
6473
71988
30146
5839
65766
68378
17066
48484
42286
83878
1539
41404
47120
79892
64579
73160
58503
42109
2732
30298
14548
40720
90030
6370
32065
99231
80713
55503
55906
59672
70115
12729
25403
76758
22635
80759
62925
93607
79038
3885
1969
550
86564
79795
51267
91404
44773
30402
34696
913
23142
35901
58741
23777
26172
63706
45618
74686
52161
7663
62055
39863
42502
60242
44272
50232
47715
26963
63569
88224
98780
11796
9577
46012
87577
32605
93741
9226
61536
97498
90516
46213
5188
16279
51246
98938
21586
60529
45600
45682
94477
10282
57853
70405
3565
96323
93668
15229
54999
24158
79346
89716
94455
25
30356
15729
29908
31971
90912
35416
92655
239
57499
42099
99274
63068
19379
48655
5216
40296
36878
54905
50376
15116
5298
14902
202
75709
97309
87214
97809
65827
39765
14072
15015
86448
49769
70524
3272
77353
18625
5442
74146
22742
29307
8243
7932
61033
20563
88889
98572
24726
56879
14951
56376
56312
23362
85416
56553
91498
3968
74976
27942
58759
13288
78312
35398
17215
83158
1511
39683
34656
29758
83500
61799
34339
26545
34418
97385
99378
69379
16922
4130
63102
63474
5195
80796
36399
24732
21256
28953
60315
47611
50876
1072
24668
76835
85718
25336
22413
12189
69175
20875
66178
72605
70325
30396
99906
82068
73017
26136
73612
32285
93219
66968
93631
76294
38077
87555
80649
50242
95658
61435
75788
95435
67096
32203
5604
4310
80939
43845
27955
20832
86469
13355
33292
54972
23252
27863
