3974
5252
3593
1572
5048
8118
6204
1696
6062
5163
2099
1065
2360
6352
8383
2371
8843
3061
7685
2442
5891
6563
1045
4209
9720
8695
8685
2674
9724
3840
3732
8212
4679
3422
4166
1813
1843
5
4269
9697
346
7808
1568
3742
6190
8947
4349
188
2348
4390
731
1773
6180
9811
5018
6130
2490
9627
8646
8064
2073
3180
5711
9666
6906
9957
5980
8920
2457
3619
3287
4404
6930
7991
5103
9261
6156
4800
3573
65
6374
7161
5452
4593
6413
79
2957
6145
5753
482
7429
2810
4131
6102
3048
2327
51
7453
6743
7154
3850
7502
8404
5882
626
6676
7245
5681
6028
4758
4057
295
2367
9200
8343
633
3659
2721
2637
2031
94
1164
5176
7468
4628
4964
1746
3313
2014
3303
9483
9135
5595
4983
472
8176
2156
5123
7939
19
160
1702
2855
1670
1036
3760
1139
3278
6238
7623
2491
7736
4553
6590
1920
9900
1433
458
2840
1240
1990
3454
4746
8324
6707
4765
4289
9674
1487
3011
2601
3864
8565
6393
9922
4871
4806
7926
7255
9950
8667
212
8458
2170
9425
6247
3728
1319
1800
5535
8993
9052
9289
7197
5529
6824
5196
2720
9005
8260
7111
7308
8186
9963
5026
2775
3359
2994
7216
4086
5586
7606
8444
851
7008
8985
6518
8812
373
9408
5380
528
3994
7564
7857
251
9398
9527
1757
6229
7274
1926
9643
4278
9420
4571
4397
4443
9918
5782
1142
9883
1511
6758
4567
3667
4249
2114
2759
9608
9984
9248
5806
3967
7373
1462
9633
701
9466
5468
7577
5512
2147
8575
9499
3642
6780
9046
3504
7209
9307
1860
8590
5039
289
7442
2194
9548
8794
9509
8437
2917
1095
7031
8233
3982
4515
7492
5369
6038
4301
8479
130
6267
9207
3120
5055
9224
9254
1411
7339
726
5189
3563
615
8035
5874
6620
2901
9589
4662
8757
4222
6848
658
8222
1377
883
896
3932
1309
6055
9169
6695
9218
264
4123
4893
535
9774
8517
3036
8616
1455
684
1267
1836
2311
1016
8910
8017
2868
2576
7786
3787
4183
6642
4690
5294
5394
2385
2003
2592
5569
2826
3264
7954
6334
3672
3170
4537
2432
6315
7408
6478
5262
7268
7049
1283
9935
8656
7228
6018
5008
311
7521
1724
1590
6594
3077
6326
4076
5094
698
5835
5772
448
5301
3326
9124
9116
719
9076
1444
4863
2430
7519
2396
4828
8466
5072
1546
9756
7677
8504
3696
3029
1958
338
3051
3955
9570
4645
9876
6941
9654
4960
3418
8165
568
8932
7418
221
4582
2877
1560
88
1659
107
6670
330
7070
4720
9099
8607
2470
8855
4251
3204
9995
5700
5991
3605
3479
2243
515
3915
8335
8394
1713
5917
1887
23
7100
7543
7383
6076
3764
7148
6390
1505
945
1350
6958
9595
2332
3200
4734
8788
5494
1405
4094
6862
2630
991
9781
6809
1224
4473
9357
4010
1803
1053
1600
3805
6251
1368
953
3450
7179
5222
5664
1153
4850
8533
7539
37
3881
7754
9341
3226
2559
6976
233
3895
5411
816
5471
5649
5934
8191
1786
3482
7295
9372
8736
3255
4978
4292
9533
8044
6214
5828
1604
1295
393
6410
7823
7282
6300
1335
6553
7352
5062
9085
1492
648
9105
2543
3621
5929
1241
2747
2021
5623
7316
9068
1527
9835
6898
4011
5144
1080
8311
1868
8097
5314
495
8763
9475
2796
5437
7769
826
4046
4550
5482
3405
5119
768
4372
1205
9331
3150
7632
7232
5388
6854
8707
6503
5327
9015
9319
2738
4704
4336
9559
2899
6767
5762
7965
9459
3394
6446
8496
1276
9388
1321
3233
9804
3085
7589
6918
2706
5348
8840
6490
7059
2525
4916
142
9905
8414
8675
2945
9870
9704
803
3874
8559
8928
5605
7985
8309
210
3159
280
4148
1893
7778
5738
6813
2643
1826
3103
2933
2042
2255
4196
7137
8137
8292
588
6987
5217
3379
8121
7844
9687
4482
5552
7345
9824
9574
4216
6285
8201
4510
2232
4466
7861
9750
1084
507
4418
4027
8828
2190
8427
5286
934
8717
7917
5659
925
6735
2177
4068
3295
5966
8025
4370
8490
3543
1480
4949
3904
4639
3132
8083
7660
6635
3791
4103
6499
8152
7710
1010
7125
3499
1110
8892
4887
3856
409
8060
4325
1398
3589
6199
7597
1945
6009
559
987
9298
602
5088
9147
669
7743
2537
3523
9972
6344
2210
6966
2278
9731
1027
9323
1683
5155
6879
6621
6461
8104
2288
7979
3123
3190
1626
2088
8878
7075
3346
8868
9178
8366
6605
8248
2815
1387
4616
4430
8273
5279
172
676
8548
1647
8355
774
4910
7023
7949
44
4354
8727
5633
2304
6790
873
6884
919
7087
7555
3540
2924
5575
304
757
6048
6307
164
573
866
2230
8527
747
9278
4928
3554
8072
1171
6939
4524
5981
6538
9446
1359
133
1254
8624
5448
3689
2124
5746
1538
1903
4819
4855
2987
3827
6095
6430
5908
4787
4726
5727
3215
7904
1190
7871
2888
7395
5244
2971
6085
7481
4152
7362
6793
4439
3440
2613
8964
2052
6995
4493
5677
843
4318
3513
8282
5430
4777
7727
432
600
838
5334
8147
5852
3923
9761
9792
6729
6367
7322
7019
3002
3777
7889
6138
3467
242
9021
1679
8888
2517
2504
3336
782
9034
5703
2291
9511
1992
1193
548
9618
1770
7667
7720
7819
5843
114
4172
6277
3709
8001
4836
6688
2134
3364
2563
1428
8952
8634
4114
4035
9858
5952
2404
2782
9240
2418
8978
4653
7650
7895
8597
6549
9159
1111
7691
4694
2584
7190
3244
6433
369
7475
2685
5818
1969
9849
6521
5943
1218
2064
1124
6658
5133
1931
8268
5541
4993
9366
3634
7795
6460
195
7620
2691
8378
3719
5355
2267
9181
1640
356
1980
2766
9436
7439
470
383
4608
6835
4933
1880
3381
3813
7102
430
963
3096
8746
4455
416
791
5863
902
2479
2847
5233
1612
2108
2668
5611
6164
6571
1731
3950
978
5408
5208
2218
8801
7840
4238
2658
5506
2968
6119
5797
8775
6717
