20253
39118
16874
35123
37127
1951
46709
14545
20296
3461
43114
10500
12952
25828
49331
48954
45131
30132
3521
26186
20690
1708
33986
29384
36788
47922
47069
29194
37465
43714
21785
2070
27854
45200
260
15221
596
16657
38024
31954
1046
41198
3243
32779
10450
38932
22410
30028
13552
27208
18433
48542
20777
19687
41221
1487
32096
23015
26120
41929
36002
3675
2811
18444
48893
1070
12284
5457
30336
12987
6716
34832
44527
42469
15087
30304
13250
20191
32311
21311
30648
41375
14736
37761
35137
31328
39788
12346
8748
28650
12591
41918
49231
178
27382
34517
35216
26738
16509
43615
29767
23760
44849
16102
42614
35805
32448
5637
46396
19100
13192
27878
17222
1108
12323
9162
44851
31228
634
5216
32825
11643
8101
41448
33854
22442
4848
1381
40757
30013
32157
14789
28293
42817
41436
22112
16182
3576
23871
16700
48624
38648
10640
6814
22489
41369
26540
2013
38369
48761
10831
14974
46209
2350
16884
1923
3335
27150
3660
8951
27550
26511
15818
12941
30616
12937
47519
11417
4943
29226
35227
25380
21340
36524
49831
4204
20583
20818
33393
46627
6670
44460
837
26938
24532
44263
1900
40394
30034
2755
13637
6926
35076
44127
8809
47233
35596
31456
20475
20279
5315
16764
48064
36294
20463
25286
34308
46024
41764
45156
38323
48273
26601
12473
31141
4755
44642
19039
9934
31199
1940
11957
12620
1178
40792
298
29102
18647
3368
36426
18699
10674
5556
21935
4372
33407
29056
33466
2292
6266
18142
20670
44977
6933
6501
38752
25004
2939
42142
31260
41457
10030
36371
47475
9874
12272
31095
37180
34459
11431
2871
129
2685
9856
25342
48317
33332
24201
7546
17644
1429
46972
27247
37934
19672
3057
32117
37243
30080
46534
28467
2959
33695
13337
24213
998
42182
29670
10994
44808
20969
47573
10869
41533
13257
5835
33144
26198
26760
46911
12925
34568
38292
13027
30489
29941
23145
42550
26375
3838
44475
48967
44826
38599
10183
20876
34998
11422
28595
4308
20737
39946
4239
38357
1777
48934
15980
1966
19628
3814
22631
28391
20455
3319
41303
22738
7761
18815
22214
22519
4517
41497
11503
44080
37285
35029
667
30158
17502
167
26652
23058
33384
47388
28214
38833
35979
30947
41575
33811
27587
31266
18454
7198
29418
32627
32708
20420
17219
43355
18682
10032
24697
17464
16915
46308
19191
35293
3898
8855
2158
1218
31664
38869
2366
39322
22750
34668
2024
46462
31138
25649
13950
6174
34586
898
11971
24192
49813
15273
29406
18041
46317
42093
48470
19835
2970
2895
48186
22986
3940
7888
42014
17521
34963
42916
36725
31757
3882
31049
48290
12685
18825
33724
8838
16620
41239
6472
19559
791
30054
45040
1792
21309
33751
37516
15723
49294
8913
29302
4650
1514
10540
39005
38518
21180
7348
24979
44927
37818
12153
21511
47194
31304
3190
16823
7270
9243
6308
12386
8651
32395
30459
32648
49111
19083
10735
40633
26645
20269
16036
28974
23993
8794
5732
3161
44358
26021
40255
32267
10170
15391
5669
23824
6962
6048
24349
39351
35196
3304
22454
48372
34162
20220
4592
30352
21895
49462
30837
4451
19768
34263
27689
6971
4572
36133
39751
45800
24964
1145
3092
7227
35578
41218
21581
23046
15053
24607
39870
35332
31125
4404
5982
1832
43076
16337
36744
45833
38038
18117
36684
34214
29561
36593
23937
38424
34911
42083
6229
5121
14506
3006
8025
44953
12565
46497
43552
3353
3458
42435
49198
8097
18036
30716
32926
27302
910
2323
41562
25245
10291
13089
8820
32508
9603
12723
38503
15670
15842
9739
1523
10604
40485
23198
1284
13649
41318
39959
46230
23188
39031
43592
42765
24328
14435
48577
31171
38921
29500
30048
22167
7660
11214
8707
1992
45997
25112
43534
28260
7209
27184
48827
41509
47991
18979
27660
32856
10050
15622
15932
3443
32006
28771
48906
8844
38086
37922
6571
5851
36388
5980
45696
9763
6867
5811
38677
17417
49665
8442
27831
20656
49729
33303
14908
14000
37313
23647
16701
43747
31853
21198
32976
10819
4928
21077
10973
40862
6843
3850
17313
34324
35845
37880
29525
33684
6164
25919
17194
37337
14899
33556
2634
8016
15705
11054
25011
42385
9775
32342
15598
12458
8524
5776
46505
35376
11886
48740
928
34147
1093
33135
15296
28164
3866
31769
14257
49529
28945
699
35689
43410
16811
27985
12130
40011
26764
18181
48441
22785
18282
11757
380
25481
7915
20488
28899
13001
28144
39191
20562
20598
41248
32433
9687
45229
45488
29169
17693
20383
40767
9662
1973
35644
5044
3953
5892
2431
18755
40284
30382
22477
4700
46924
3792
14612
6771
32107
48690
2094
14628
37182
28869
49862
16462
22017
40618
48224
39846
32663
43131
44062
21982
37946
40265
9510
17678
36953
48356
29772
43709
46410
38349
12975
34723
16747
1401
12664
36017
11109
25638
11831
41332
31336
22558
49936
35445
36844
32888
30600
21746
38176
33033
49793
19227
5655
25532
13355
27724
15528
41097
27312
15314
30089
18244
24877
11100
11129
42721
32631
17403
48862
24297
32183
66
14443
14289
12140
33222
45092
44048
48148
45498
30105
7374
33077
49604
1417
19895
38985
231
8614
43261
19260
24795
28763
16646
44132
23130
37674
48835
33767
365
31475
35154
40668
48778
26317
40732
26711
14280
40520
43567
18297
29963
49972
12206
21880
39249
16407
16846
7465
41599
21258
2196
49242
15490
11496
1153
27054
29955
25170
46053
19541
39090
17394
9804
26662
40676
39318
42992
43201
3782
28727
37902
21117
25945
40476
3423
18886
9749
49881
42867
44161
13363
19974
32084
1165
1716
46439
4064
28237
22268
44230
26279
25106
45405
46541
42191
44701
17016
263
6731
47053
34522
27157
18082
11936
4348
28034
38317
31168
28119
13050
49633
29540
47619
23769
17797
2334
21694
1227
5227
24088
23922
33170
20173
16955
22159
38129
15752
20426
26362
18526
8217
44947
17705
16591
42226
16579
2717
43654
22706
30925
37632
28435
5147
34844
19657
8327
43522
30791
15639
47133
47771
40160
45926
7607
21808
48340
35727
24451
25132
25181
31577
47699
20374
46082
6110
46711
10393
45287
40592
46294
4610
27579
17334
39835
18796
2265
36570
17190
32993
37459
45569
27675
24132
9491
32862
42809
11150
39419
28133
41468
17881
14208
34253
28002
29517
18462
20836
32035
40622
21882
45434
44414
42699
29807
30530
39444
22963
5611
2887
40658
46039
48212
8355
20011
7599
5744
17812
19405
9118
46529
5883
34615
32946
22870
34893
18937
34955
21973
43805
152
28562
21085
49781
10682
41732
42942
33744
41677
43630
49164
26552
23881
5695
27018
23282
47222
31901
49264
30887
3930
17719
15471
16256
22571
30225
44620
12882
33376
24447
21245
41059
36803
1568
23621
16399
12302
23726
1503
28684
44210
516
49567
36275
36265
45871
30175
28496
42402
32525
47796
2034
42507
21351
44014
44700
22825
14295
38196
18985
36718
11565
21557
14361
34348
25
12919
48603
3103
26008
9786
26095
6724
35709
26783
7215
49326
28109
30866
23169
19045
32030
47284
33610
19858
2172
26850
28553
49428
24260
16164
29900
6559
29595
27480
16514
25339
24091
45842
1023
31493
41179
16427
29989
39722
29259
19452
2410
28061
47144
17968
47722
27463
12255
19983
36034
45244
45310
37694
30820
21537
21300
34658
46460
10967
26085
22326
7950
13837
48009
44655
48848
35286
49022
16570
14495
13526
42956
41787
32726
7444
36164
18137
41907
39693
11579
7581
37407
11002
26265
39974
14672
47268
14147
44199
31809
4296
11449
30773
26545
17853
30431
46415
32172
3808
33886
38558
31080
37783
22794
1693
14153
1450
8690
11535
26917
1671
11744
16773
14394
42309
24776
46949
45763
16582
37568
2924
24366
13472
16796
43831
46882
39556
8364
46427
21042
21288
1764
11602
44936
24685
13167
38622
45382
33231
47811
37137
42595
13018
45046
33017
109
31286
41268
45682
8079
6998
16323
35996
11358
9943
14380
37624
44628
9212
34800
48598
8562
11188
20975
17988
34713
25571
11904
5169
6650
19184
23206
33613
17946
44336
23847
43725
30520
40885
43880
34739
2915
41048
28922
42731
34136
40333
41640
10647
46682
34186
9427
21685
42237
19819
10747
29589
3089
7873
36879
47446
39486
815
10517
7251
16068
41967
45818
26816
22318
27198
18558
11030
5329
18203
18947
45864
8507
25275
8182
10355
7741
23174
12809
14428
13605
32166
18609
13860
45125
4014
47783
33182
47680
10701
13134
12089
48527
23790
39267
9038
6070
6075
27366
43601
31490
48174
38816
14185
13543
12092
32512
30248
13436
49517
19428
43395
30198
30185
9581
20348
8150
8544
18670
39046
10892
39109
39669
7927
41651
5039
6037
31
40641
35387
23363
1944
36208
5794
7717
11483
21853
49941
40500
39222
41829
25928
25264
35589
37496
34487
6347
14348
8344
47162
3158
44288
37238
48800
45592
22846
39129
17150
20078
34948
45325
46366
30297
41642
20318
14794
8968
11287
21845
2004
26873
13767
36432
26015
21433
13376
36240
49598
15648
14872
13511
44368
49376
32894
37864
27939
7299
30681
31342
48436
32129
42360
33475
2494
13973
7357
31980
16416
19365
31597
30892
39969
25858
45009
24029
26987
26360
27131
30468
21550
15889
42495
21673
18564
15415
13535
49898
48395
35402
42849
24402
22567
31844
10257
28621
20696
47291
4749
45205
48948
27091
47761
32143
29735
39986
9397
8477
1247
2564
15426
23948
42043
24106
16295
7277
25962
36603
14960
15136
22294
11615
4259
32474
21030
10225
11672
43731
41158
48702
9676
43792
41019
19320
49961
11043
9002
36913
11852
10172
14414
17838
47503
41694
25550
33924
48414
16924
14589
19599
12772
23159
7998
17115
40961
29851
9476
20937
42891
7799
28501
19326
17939
23745
36547
39541
6237
4485
2805
25551
41190
8434
28205
46256
9403
44895
8130
776
26348
12420
20890
5272
18226
19608
4085
31731
39715
15531
46177
32769
3986
22620
19053
25910
30507
18624
26430
580
18310
31109
21839
5567
10328
22046
21392
35863
19358
19864
45237
45174
1853
6620
46734
31987
45102
39902
14100
27331
19236
37858
20363
42
42670
5016
16601
24468
7776
733
35460
35190
332
6887
33623
5942
953
45708
29749
12427
15825
8826
19666
35502
25329
47530
46489
26563
2384
28403
4961
38436
18264
3914
48877
28019
23865
47429
47321
37076
48029
6283
4110
13888
10193
45055
18969
39896
22582
304
43271
7622
37258
5448
6589
30201
43186
4780
2288
5086
21140
49987
7010
6487
38384
35358
45652
13053
19809
38047
15996
7688
41483
36640
7618
10875
8927
33600
6292
10859
40148
15574
47637
6783
45019
49698
200
40235
39937
20185
14698
27114
35424
22349
29719
41419
39237
30750
30877
47489
10822
3977
5544
12183
48263
40076
47641
25600
41202
36532
38721
17603
13224
25397
7184
7105
46372
11846
39507
15357
45728
20145
5308
33893
47750
4468
35343
36397
46998
48092
30478
48259
9253
34977
43813
44761
9821
35119
213
49720
38579
29508
28537
27041
49106
37304
47419
2503
14527
33976
9301
21735
9572
47960
18960
40999
18494
33655
29833
13462
29656
4126
13683
4728
18767
46045
11333
21967
11034
41550
20307
10717
45609
21993
37044
14660
31547
19283
44773
21485
42136
719
49399
6376
33912
22721
5936
33109
41253
25463
27776
19700
47498
45774
11689
29546
22596
47599
22835
45635
2581
18078
455
28122
14815
24244
36066
33344
13613
18390
6638
30367
23002
5591
4804
31295
39139
13099
28847
35204
42473
12649
18062
31153
35656
40311
48386
3414
29017
28609
34171
41878
43026
27433
45893
25765
28315
25390
1325
3071
41080
26583
10134
47245
32377
49384
45501
11257
49311
38735
33175
31815
19204
12446
25452
6357
20516
12546
17669
41324
15094
36309
19965
20391
29557
9379
7015
626
41756
32914
49459
3772
39916
15470
34627
32937
15952
22204
3393
37591
10402
144
36048
2446
10471
6415
7555
44237
8315
45458
4542
44919
10721
8051
40227
21727
39068
7520
30854
29447
38897
36823
13314
29647
710
789
48536
41669
8198
30665
4197
28447
22098
40059
14704
4389
2414
8481
11921
9058
10143
39184
18915
4938
10621
38289
38797
12179
47350
11196
11968
1552
25623
44349
45667
35312
39310
3904
4621
29134
22645
24825
16288
22028
25876
18346
16556
10987
10337
10213
9702
21706
3499
15612
15214
30167
7705
30141
34821
23693
31217
6568
17454
23588
49483
37110
34940
47048
22605
28574
5138
22672
39434
8590
35837
45826
28045
7691
26247
13894
43578
37418
12340
29358
48298
40119
6453
34754
36242
48661
11399
20047
37961
5076
38262
2474
36666
7804
19373
44021
8263
45615
2
36735
17374
24833
5571
7502
15836
45548
49959
8005
46775
43369
2228
9438
21641
42161
21404
15308
915
3693
12145
36052
37899
40201
9913
34450
6421
1874
20992
46727
27062
17995
27225
24990
721
29757
9083
33268
11586
42249
23212
25707
42266
13787
30631
25892
19707
6028
21106
5181
31389
4552
37656
1058
47278
41298
35970
40380
18908
3289
3327
30802
26235
527
14802
12652
42156
11274
28614
31356
18638
32837
46131
18517
33114
46474
2697
16866
23234
5953
14997
48884
45255
40583
5607
20434
12320
9993
40703
21212
5298
20614
13714
35557
19956
18786
25530
14217
40505
2250
17243
12214
43091
49492
38064
46787
13303
24782
17957
4870
15249
5533
10076
13207
8771
3203
13346
2604
19939
29065
24492
38102
14084
7988
39998
34050
10669
12394
3144
14003
44465
1822
10843
29999
35917
27764
16355
13184
45577
29422
14463
10279
37571
18720
44147
49276
605
40217
23909
49849
44610
16388
42130
38906
9841
38418
8535
19333
23537
25498
36812
49175
11019
46512
21921
23456
13982
27172
16474
5094
40725
41149
47088
4494
37609
14580
8037
30538
26464
30602
44510
24032
7830
46644
30259
27920
32981
11379
11240
14022
43105
1848
5967
982
11084
46389
44736
31418
36980
10801
48726
23349
31112
7390
25477
24053
13913
23966
19080
31939
9517
9279
43152
18340
20983
4397
5399
2514
44983
36025
17072
47666
25818
17783
4998
17774
15589
46004
47106
40975
32271
21384
37215
40416
9188
24230
19498
30956
23804
22759
5472
36091
44559
48490
12229
16242
35528
9864
7486
21950
1114
25568
7111
20788
11248
2839
24483
23476
6202
13869
48517
5257
34115
22533
27866
17574
330
26592
20702
47005
8721
35433
33808
32880
42556
28806
48586
39100
15433
8605
40188
33878
8864
23632
4265
43950
25745
43087
45427
22651
21232
10787
27791
30553
45443
23328
45359
49773
48084
17139
27828
43468
36347
12894
15015
45366
10157
16010
38494
18125
40717
44811
22950
24184
16662
14838
8158
46935
47690
36446
8410
37803
47732
22713
36220
2739
6530
4227
24003
19304
46958
36867
25881
3599
13392
44967
2526
27283
18099
2617
47962
15679
6368
34679
6258
31235
4537
15175
28995
42377
43978
18191
32061
47899
2125
36939
6904
23568
14063
23580
32207
38019
30097
26299
22913
47942
43926
29282
39771
15375
1197
12468
30329
23063
26885
31432
8497
13961
31948
45344
14109
26154
24418
1336
24111
17357
34853
12494
31713
35616
11733
48429
7171
429
18026
45414
7967
13233
20102
33370
9234
10904
34003
5626
12352
286
16114
24471
12513
7955
22083
15026
30112
44544
25617
35720
31653
48017
11348
16343
49144
21657
25773
18995
13428
45623
36968
32604
30570
36413
31559
47431
24852
43674
6196
42571
27698
23223
33057
31583
45644
10459
11406
47553
21633
28371
15386
37055
17640
71
48555
23000
34742
27820
40326
14866
8669
40348
42779
36796
47587
25313
30732
16132
8988
1478
4674
33002
25022
20623
45585
14686
5730
46068
49822
43046
38564
35497
42055
11829
30588
39521
5350
23899
13387
40043
28051
223
24997
28637
28716
33452
41613
38967
14856
32758
13753
38826
3296
40691
11460
49190
14191
24733
34646
4900
38584
34472
37023
9292
27031
40035
41480
17
1581
35418
3068
13419
25983
18415
36629
42278
24523
47840
42396
29633
36927
37882
27121
28669
9899
12044
40246
35473
47655
10599
23301
37706
27277
966
17273
4909
24761
35268
49222
15682
24270
33315
36352
25683
5863
2976
12998
15923
43995
13173
37612
32613
2376
38404
38884
13282
44591
31563
22010
19249
18323
7340
41272
27994
6325
22681
43291
26125
49123
48613
20746
39393
12763
26381
654
21503
43889
12436
49627
17516
6130
46587
27630
11776
29183
14357
38149
617
15119
42325
2218
40682
45519
49065
34633
12716
3821
27169
37722
16529
16436
22378
28693
34812
26691
34289
22332
37755
28876
46357
15857
12118
11895
35929
40539
2231
25423
11527
39573
9597
7035
35940
37427
4506
35624
46908
2257
24437
32564
26853
8872
469
43631
27213
15917
17556
48639
10233
13276
14763
20946
4166
14019
27923
37343
23383
4670
41865
37372
47217
39798
14383
4096
4975
20546
26432
43662
3437
42489
33205
38221
39013
14533
38489
22852
2709
34397
40271
17913
2799
48124
14032
4957
36831
28853
33088
18429
49657
22306
6142
33298
12200
38134
11467
49259
35982
4761
8419
7366
25979
5674
4215
32720
27639
43892
31797
46833
22504
39818
312
36184
5481
17748
39493
5246
26948
43491
31399
3615
39458
24756
3508
49614
10611
36365
11207
34298
18581
38913
9311
6160
22274
40909
4079
24152
34038
40928
43848
26679
37160
3647
47257
12867
24744
4148
33951
16146
44561
43590
18723
46763
46019
20644
23243
47861
22223
19570
17444
10552
37323
6827
6399
36699
29781
45142
26207
24148
28904
35009
47402
43059
24047
37191
9643
14557
40825
24312
26624
6742
48652
46700
24068
41805
47075
24663
9072
6838
13572
6214
3747
37223
26709
34774
43642
8068
48507
46842
41529
31525
30675
39155
29239
689
1609
17084
44665
40557
44089
15796
46283
7790
11385
9978
42647
38994
42878
11785
23421
28333
7631
42518
42220
27958
15990
28522
13828
13695
30346
49735
39350
2630
45737
21225
31928
44640
28074
45118
38448
12879
6920
47182
28783
21494
33704
26137
18151
27500
33991
26510
10936
14164
30573
22959
5512
3682
48456
11715
39611
1543
4152
47451
19021
8512
44759
15340
19513
33863
25843
36478
7404
33634
26963
15154
22190
3129
49004
18705
46900
38477
27892
8785
4003
3768
27701
18737
44489
6518
12798
3602
11916
43435
22399
17569
29397
24430
45373
36510
25799
35306
12816
5199
11223
4448
41987
132
40409
8227
7024
19176
15076
36709
37687
2651
26723
49343
35903
8639
41883
14173
15893
49476
32959
33521
11367
5498
14223
46662
17103
39884
9636
33718
24512
48819
3383
29577
39402
3702
13146
41289
5689
26491
5903
20676
35639
402
7123
21758
4479
8754
11294
3963
37664
16227
36858
11330
17827
27736
12554
30848
19918
19921
13660
48052
21271
3139
17124
13625
42525
5465
35369
37351
185
33437
15290
33849
18924
37011
25225
7869
45949
44301
19117
15264
40310
26775
12241
25043
43779
14641
25068
42966
46570
27759
49053
7811
49556
29111
21416
42038
39536
25960
33259
36463
24953
17029
3480
27883
32285
21038
32483
19018
47020
8384
44034
18572
8291
7538
8252
15041
11817
46189
1496
7055
22260
17803
31881
36764
4043
24712
47153
14597
46334
1311
31028
46595
2790
44242
30495
35515
13213
503
19799
47802
2678
6981
24509
5021
1005
1656
41088
2149
6878
33275
2730
22434
34554
12783
950
21596
11651
41027
17490
7724
16947
16961
7316
1731
17237
42977
31054
21821
22077
6135
26926
10578
3267
18171
43430
49671
17583
42986
44379
43169
49689
48671
36199
40990
48641
12606
46110
20606
40580
7734
49573
6444
15868
5333
1346
13930
28418
1597
3216
32813
1308
13776
17209
39621
28936
3257
3948
39287
8422
21348
23612
38979
34684
43320
42653
47126
48041
1270
19394
394
14454
39071
29365
37745
8558
10506
43070
5877
29816
5759
28989
14487
28739
12501
5996
40198
36284
32212
5504
25519
48923
12035
23607
46114
23334
8768
17733
47332
29793
28249
25370
16739
36126
14983
1294
4412
2134
17299
12533
3231
14638
38959
13497
41382
31920
49100
17096
33442
14715
39211
31031
6493
42116
42687
36994
17344
33513
13581
21959
31897
18860
12710
41005
27237
18407
6797
7398
11875
32331
38663
23980
30970
30231
18018
23555
31698
31070
38804
40563
44684
9026
15252
37992
38093
9612
14052
18055
38529
356
21445
10463
31408
31775
17533
45533
29319
37537
3998
21608
36516
26290
40833
26743
12008
2311
17034
49285
47718
9353
31638
20792
39516
34246
39426
8304
19787
8460
2308
19616
8678
29371
38308
20505
19640
33129
17727
12752
9221
18892
13797
22031
43982
25071
27610
2080
32493
27295
25997
38604
15514
9812
9524
27399
17544
4795
43764
41832
32407
24671
11988
5002
28185
34122
24656
43445
24868
27450
16152
4134
37368
11471
18747
41037
49073
45980
17910
19130
30375
21210
40813
21579
15064
42028
30393
29349
41979
40130
44880
4883
26523
15206
28705
754
34102
20063
8733
3716
28544
6431
35662
43964
17003
25445
19890
36173
18654
5358
45183
44422
39768
13447
48163
1452
26211
16497
46747
10290
7833
39293
4314
48157
27329
18880
31444
34194
36458
37734
42284
9441
30983
47756
21367
21621
1577
3872
345
29722
35543
28357
1687
7235
22980
22059
16622
25303
32306
28452
7412
8210
586
22670
48493
43483
45466
44187
32905
19997
47031
38373
9887
1883
39258
28884
116
5649
48235
24650
42884
22411
4328
31011
10483
17685
32136
12742
39054
1819
37031
15146
23021
8240
37584
3277
40941
15601
744
49770
31730
5716
2398
14406
32258
27948
12626
6096
16482
10434
46245
36490
33831
20908
42855
6592
17862
43255
31827
27105
31365
4279
32244
38538
29825
3042
20162
30762
21152
38550
38660
37644
17426
8884
7474
25803
16083
40784
1903
25057
16909
39875
28174
48134
2424
10912
18259
44103
37977
10587
16376
12372
27904
875
10370
12908
25754
35878
13105
36144
3556
49802
33025
40136
49138
44538
32299
35677
37841
15343
40366
19152
2645
27253
33216
7165
17766
48855
45960
29696
47562
20136
45211
25785
3034
17496
39654
47399
43413
20127
12407
25501
34314
34371
6672
1752
24898
30698
31782
24271
44405
19169
22248
27614
5529
34430
27356
38001
7900
17389
7438
43377
18352
2747
21422
45789
30999
47909
10341
13505
13747
26792
20060
35813
40166
35232
34865
14748
49151
18235
7247
17045
40604
5437
23501
24335
1377
210
21767
3481
37775
22425
18482
41582
43952
49749
40741
20354
44578
567
48743
40920
36944
29465
13707
23372
7647
21569
49508
40806
12261
27967
3519
24936
17267
28817
48308
32235
31540
20540
35326
25869
21146
1369
29073
36338
34510
12023
49018
44903
38186
9693
48365
41898
40450
14077
38685
26688
10691
12851
15453
39361
12528
37504
803
2045
6810
26484
15947
10129
29845
25412
30726
38273
20337
4612
34020
11594
43938
37920
34099
26221
19507
20752
24012
5588
29328
42205
5762
39802
20716
49994
4813
40064
37557
14664
47112
12169
3536
20951
29923
11519
10561
32688
39565
45000
15694
32549
37143
49906
2846
35050
26108
29021
46128
23072
6119
23256
45939
25178
22361
538
26580
32586
45170
29336
12821
37485
49309
7284
14928
42760
8373
5427
47461
32430
11153
44588
48403
7844
42454
13598
19716
32413
49354
24912
5175
7671
8974
6081
4587
24305
5204
3737
28953
45965
18679
49086
9969
45076
30701
29432
6853
19480
37081
6054
8593
41066
35392
1722
44059
46674
26952
38080
46804
28225
12835
17850
17168
47367
38053
48806
46613
26832
6896
28194
43758
39690
7494
37009
16280
24390
47887
28652
23275
49537
23116
23443
36083
14841
33796
46091
27788
45720
9989
15746
48919
3197
27533
16015
36251
5848
39603
2857
29877
10412
32578
32551
10058
6531
21718
22461
15966
14129
24373
11178
22544
13125
19945
15163
8948
19147
29912
41427
8135
41997
15197
43038
27714
46792
44005
42746
15874
4709
1186
22802
27030
10930
1661
49930
3634
26067
9417
28829
10088
27089
46601
13076
5289
36075
19004
39672
45902
14936
45989
21325
28386
24947
27599
37204
11692
47301
28287
45267
36104
13068
22922
4873
34223
672
40093
2904
493
32847
9836
28589
32680
24570
10776
21911
48694
8719
4290
26458
17330
39150
43471
21261
9285
4030
48101
41852
16753
13300
23433
41774
13820
15902
22886
9197
20499
29297
41684
43229
18314
8088
9461
12061
35946
28151
42078
29050
21091
10528
42255
14756
31702
4174
21903
28367
27971
36225
29220
8693
17478
20766
32738
43549
24354
14242
20087
20574
37821
554
47979
4119
32058
16263
29906
32073
19344
15772
35018
387
1354
23713
7457
27512
2202
6685
31373
8179
48118
33736
545
17064
42428
15363
33243
49646
16056
41123
41137
36902
47933
12966
46970
27555
30628
9101
8246
14727
1032
1087
9128
1394
16214
42363
42066
29093
30288
22812
16021
48349
35897
21526
37061
19382
3173
25655
31966
35463
21792
42441
20919
30280
34333
7973
44834
16367
26615
4822
19216
27074
46824
23732
4986
23401
9655
34878
30907
11312
11794
32747
47532
826
16301
9958
49857
9531
39588
35604
38463
32807
21065
5369
22872
16994
19463
43451
7425
19780
4912
5787
43126
9263
16095
34237
45479
6954
36612
39335
23771
2776
1467
41958
5059
26868
4038
33323
2997
32230
29172
3119
36779
27408
21122
33065
37298
35772
9903
38747
2596
13151
35822
13810
2869
2465
34363
34499
35141
30124
23983
20249
2456
31748
37713
32387
18779
30315
22390
24625
15505
36986
48565
48473
20441
44391
35177
2181
43506
12485
38633
25142
36655
45855
35784
41558
13563
25838
9543
14887
39824
42640
21013
19727
13724
11269
38880
31861
32195
48972
33092
19292
11725
48752
6763
48790
27344
16636
9627
35734
7860
9389
2118
40848
33533
17753
12235
19845
17659
8461
27503
9752
44092
34404
16205
46869
16837
11120
35097
48076
15107
42313
22493
18805
277
39745
46657
23087
37272
31208
5413
1915
21377
17898
25039
12575
17255
15569
33283
45273
14605
9343
17362
17615
13668
28325
26896
7752
33950
40009
43285
37984
29273
23653
37093
37472
12589
44442
17283
7569
4833
36886
33358
13039
14963
9064
37381
40876
39170
12696
25191
19535
26639
22939
32696
40522
18102
23958
23314
29677
54
3014
25092
18596
39594
4427
28835
8399
15714
98
1618
29035
32370
43235
23295
12015
41352
17055
31464
46145
6185
15444
17176
8046
44515
27645
8339
43343
43511
33428
33649
3664
15546
34804
21470
36751
44298
25089
10013
25127
4360
3023
1236
29126
38619
243
26803
45530
48250
46987
24584
15737
11808
26078
46195
9716
4189
33576
13738
30427
25300
47825
29473
42179
42534
7076
17154
45749
44495
2280
20859
6545
33581
7576
7528
41349
35169
15189
21161
20002
45086
44747
14515
13843
16549
35747
23595
29978
15769
30542
19748
25602
18862
19579
25724
26032
35259
27422
20229
33509
39921
443
13404
9147
14312
10065
25693
26308
27746
37798
26339
49369
20894
14043
34591
6705
49215
49541
15551
9928
24399
26394
41749
14821
7149
867
49875
46261
26171
27416
7668
45333
24076
36673
46753
40899
27001
22068
20638
45028
25672
23469
5106
414
13936
8288
9565
49418
38234
10959
43339
20409
40546
17977
18377
49704
6696
15654
4526
16932
20728
41628
2662
11664
478
46169
23356
31678
31429
47542
46554
10001
9339
25663
26441
14261
4058
40452
42583
41947
22281
22522
5924
40384
31838
14231
19137
34086
34023
25231
33664
38245
31189
34536
23490
47913
17591
18398
17876
5706
4735
19278
10425
22109
24544
5066
44117
39174
28344
14135
43912
20803
2572
38849
10245
18216
29625
30918
5802
37545
49405
24596
24849
21181
27662
12678
33487
27379
36556
29685
44721
2109
24129
19109
34432
6313
24910
6246
11310
4567
17922
13874
41820
2051
30002
38260
23819
10882
31684
38775
18505
24556
9018
36648
20922
31623
21059
20031
21616
23545
32792
19878
38161
49441
3725
47873
39632
44220
3373
24703
28676
26407
22121
42621
9554
44176
32535
36329
27845
2770
7157
1435
38720
40104
33547
38216
42922
647
22196
41845
1253
23707
20022
30063
15406
24633
15806
19268
16077
4368
23102
12105
4241
10387
28089
14776
46216
41169
15784
17438
30654
42824
35489
33419
43908
9797
34057
38694
4339
43865
44437
23035
45920
44866
7064
35109
35058
39277
26163
21001
30755
27521
21866
6382
31615
9485
35959
11942
45672
10091
46874
4688
33152
43697
46079
42107
16985
35694
42939
14113
10317
35860
9330
41727
34543
34273
35085
49582
23833
37528
39705
31278
2822
40300
41601
45063
20844
770
4711
37441
6467
977
33906
46323
18163
25203
46819
6008
38860
46235
23664
28310
47986
8936
16674
41109
34607
37162
10261
16459
23853
8625
26992
29009
43143
1072
19063
10306
24889
36574
43686
22629
2941
38120
37433
850
1626
44260
45884
34383
34887
34903
38454
27482
33828
12363
10770
25931
24177
16724
1989
8994
29455
18279
6601
28489
11165
1140
890
32654
31244
20156
36495
24923
42568
31083
19584
10793
20115
13955
49206
28745
18476
22776
33783
23916
47844
6336
12845
39473
36315
40856
23391
6276
1784
19524
20290
10105
49433
11704
34466
36402
16128
1275
24164
9179
11995
14472
18844
6942
11542
18619
16233
7047
42347
9139
34710
29210
36159
28278
44678
16533
11066
19436
41932
38767
13904
38707
14335
42707
22146
24814
2556
15008
17627
1127
4435
30219
16897
1868
35036
5401
31991
41407
49039
18007
45395
44277
24801
21668
10376
27265
34922
5117
38947
16195
25585
33968
35537
41703
1537
6624
1804
44388
31649
5916
7303
16852
27453
49048
39203
23522
25353
22910
21772
3228
44790
47623
47201
26821
37955
32020
22770
14306
35570
4859
42009
11869
40465
19489
16178
19643
39737
18541
33193
42711
42800
29932
8646
2485
20556
19446
34420
31603
8277
35889
22356
39028
19732
46448
32049
22239
3582
8574
18369
34766
1204
30445
3405
10943
29087
26058
40174
28473
38210
22698
5159
29264
1020
41393
3348
41797
37266
10660
26476
30788
43306
44153
17310
2990
1645
26148
44794
29142
15323
43174
14911
7139
21480
16973
46575
25734
83
47376
43828
16688
15499
48198
48990
33048
3542
31508
37832
31514
22893
11635
23671
5823
12055
23798
18831
7909
29703
42293
47710
16787
46152
3624
13262
33779
21818
25406
23684
40957
46854
9160
11764
46633
36895
35764
32599
38158
26325
34156
7323
40360
32963
34981
39858
37116
43197
38785
41718
42840
27808
42417
24726
29889
12076
39464
47179
14570
34696
6652
30828
25718
40426
30263
47091
43381
7940
38331
14322
42904
15123
26253
29151
7096
8904
22173
37397
35795
43010
48206
13678
19907
4653
11080
47027
5388
28519
19758
483
25156
27570
29242
26905
44318
44890
29862
6011
25220
40087
9043
30408
1635
45756
22138
6753
3858
25260
13460
46273
10203
2533
35274
9456
38395
41120
19420
39371
24236
2356
2550
23513
855
35250
32461
14943
33671
31312
48322
20095
3760
32354
40024
49914
32459
16315
939
30932
10112
13117
34205
5239
1746
11559
8112
23499
28092
29601
48996
20209
28917
10546
26413
26977
44719
10753
16443
49758
9726
435
48711
43329
16720
13321
42786
16803
12737
18538
34580
46341
23136
42333
9362
20861
8896
28264
43856
43787
45298
20325
30413
28800
31002
48038
13489
28028
15233
33494
11138
44321
47318
39388
40931
40778
29484
42609
20231
24616
5268
34359
9208
39643
43218
28963
12635
45311
19823
8164
4790
3563
16045
43242
34066
28751
7090
35756
25434
34781
2166
34072
20521
5375
45810
28422
9096
4633
33938
11629
36113
41512
47356
47855
40433
42676
45553
43017
23420
12295
35067
20829
47606
6403
24573
32326
30979
36585
26041
21460
32789
23099
15037
31873
23261
33562
24282
2089
29613
