1919
1296
629
4082
329
1374
2563
2488
344
2042
4164
4605
4999
4758
1889
1095
4712
3548
293
859
2298
817
2815
1994
651
2412
914
611
3729
1787
759
769
3366
4972
2618
2835
3582
2051
2312
3620
3631
3689
63
3328
2786
4912
4888
4581
1152
504
4709
4426
3427
4040
650
661
2793
806
1013
2719
2924
1939
1725
2208
3372
3200
822
1674
355
931
4100
3921
2478
155
2352
1766
2946
1322
2401
2191
3395
1865
3885
1846
3170
771
140
1988
4908
3646
3628
4191
2506
1687
534
1021
2379
632
4029
1466
3317
38
2078
2237
3532
4661
4252
2033
72
1185
1540
3743
2974
3489
2126
384
1458
3120
3697
2141
2632
1749
3414
4330
1709
1972
2542
2087
4265
2399
2868
4846
4565
2753
1557
3002
4784
378
395
3594
1608
3775
3610
4078
2917
2682
1213
3272
1894
880
4128
2426
833
461
4390
4317
2935
4657
4201
3110
2842
1075
1176
2710
1385
1668
971
2860
4513
4948
2959
4736
1088
4187
1253
1496
3679
4729
175
4019
444
4289
4925
4414
544
1805
1951
3053
2642
144
1482
3382
4692
3438
798
1825
3507
2132
1447
4486
4365
1136
4611
4003
333
3514
3143
1697
603
4938
704
1509
3095
3911
890
4557
1858
2723
1304
2764
2559
1796
2899
229
4819
3709
4356
2062
3862
437
1622
1001
123
4986
209
4238
3159
2029
2178
3291
690
2011
214
3219
1525
109
4958
2802
2001
3985
3478
114
4378
2211
944
3659
3817
2742
2964
3132
3461
3879
2158
4449
2166
1655
3937
1472
2186
1812
1200
3571
4054
95
4834
1542
3891
3358
695
3013
3806
3957
4339
995
239
3184
4593
2778
4473
581
1615
4896
1342
4043
2457
57
363
593
2227
3303
4221
3127
4391
1405
315
3289
2470
1431
4344
256
1712
4825
1124
3258
558
2600
3789
4457
1165
2739
4106
1943
865
4689
4673
3948
1041
3064
4970
717
3178
2989
1059
1312
424
288
2491
188
2873
3344
3831
2691
1399
2099
566
2889
3491
1264
2573
1222
1031
1593
1423
414
921
2907
1109
4768
4530
3080
3232
3445
2527
4534
16
785
2277
4300
455
472
2433
1511
4506
165
1271
246
746
4806
580
2514
2605
3909
2255
4216
2621
3247
2345
4497
3664
2116
4468
1880
726
499
963
2243
1067
4159
1835
1413
1969
847
305
3799
2382
4776
1759
4302
4179
3856
3410
3825
3201
4409
2992
526
2365
1116
903
2656
4794
3751
1778
1636
4550
3225
3991
3270
195
1148
3551
4276
2581
2536
4061
3455
1564
2289
272
2340
3025
2674
3842
674
3082
3967
2446
2307
3046
50
4643
1906
83
2830
4137
5
1365
28
900
1584
4627
4640
2326
1733
407
4143
4580
3714
1573
3331
1286
1355
3740
3031
1644
981
1250
4433
263
4746
731
4855
1234
3562
3765
4249
4872
2109
1207
3980
4115
1331
958
2267
3523
4867
1922
2661
481
512
