3966
9011
9979
2824
9866
8531
8606
8843
5750
173
2460
958
8310
5955
4203
42
3370
8078
3216
5009
8021
8768
7314
3919
8558
2721
6672
8461
8277
9956
6513
2128
1888
135
7400
6794
8442
8826
2230
1722
9007
240
1180
7735
5058
1795
1478
9714
7245
644
9339
967
4772
6802
6857
3820
972
4759
2570
5167
3640
1374
7869
6829
7012
3082
6592
1166
6330
6258
7638
2161
8375
8061
6007
193
1448
7584
450
121
5042
7240
8473
7230
9526
7417
5990
5134
6367
399
8930
4982
6296
5719
7042
250
6236
5017
2750
9447
8297
4036
7602
6606
9352
252
9897
9647
2186
664
7567
2984
3936
7729
6626
3424
4632
494
3441
9048
523
866
6815
9179
3012
9069
2249
1598
3050
6693
7275
9490
485
998
4705
5634
8331
3885
1010
9101
4656
4289
2591
8188
8572
4835
1985
3178
5279
6117
3440
6157
8975
8127
1287
4663
6863
5598
1428
8711
4925
9962
5211
741
2818
9817
3592
9544
72
7707
9028
687
3341
5411
5508
8743
2015
5112
6530
7427
1111
8726
8958
3374
1528
5664
9405
5195
1092
8989
7373
4467
6033
9038
3181
7484
762
8219
1417
7808
5514
8600
1107
206
4074
884
4490
4193
7844
8010
5941
6485
7971
772
4867
2559
2040
9147
4624
4510
1894
4369
792
7536
369
7787
4511
2201
6150
6445
4536
2436
1338
2918
9533
7745
4388
739
569
5620
2134
6725
8144
723
4329
5876
3746
8784
4167
3485
4573
6563
6935
3040
7999
1698
4695
8964
4744
1518
4220
9578
2377
7543
2365
8909
5340
5571
8179
9840
3227
2464
8041
2006
4711
322
1780
1087
2320
7905
6962
2611
1387
7082
7289
29
4787
2359
6773
9126
9325
1297
3896
2272
6092
4125
6198
6396
6745
7292
2580
5793
4345
2841
3718
1215
2774
3094
460
4648
3061
1972
8914
834
476
3192
3418
3237
429
3665
2301
2199
2150
7166
6585
1204
5758
2585
6783
6710
6461
1941
4333
5626
5303
3855
8233
1633
6927
9503
1998
4975
9366
3288
4442
1396
6759
4564
6553
3590
1564
83
5648
6246
5605
7210
5123
5527
2290
9661
6686
1663
2499
304
6736
3110
7267
5149
269
4062
5082
9051
1902
3389
9777
2955
9424
406
5870
3928
1560
4451
9794
6886
9933
4054
8759
5108
4947
7058
1680
856
7153
985
2933
6908
6649
9607
4965
4415
6204
4021
6872
419
1131
7944
1362
5313
9250
8032
7681
8353
4222
8248
9273
7878
9460
1016
5581
4276
8587
4596
4351
2927
5496
6493
3166
828
7191
6946
5766
1229
7988
4679
7075
7356
4472
3146
357
4136
6222
5709
6982
2901
1058
535
7815
1409
7776
9709
7825
6976
6834
3410
8402
2688
2703
1840
5919
7095
9615
2633
2720
7559
6998
7512
3073
8612
9735
4917
1789
2239
7656
5392
2344
9638
2419
2837
1745
758
8569
2973
7136
7330
2858
3981
5156
8816
3210
6612
1191
1070
2448
8325
3118
9093
2211
8421
2627
7007
150
1453
4553
3619
1246
4933
1913
4527
7302
9238
9319
1301
276
8795
1278
1601
6651
6178
674
8228
4881
5244
9679
3557
6283
4103
3828
620
4997
936
6312
5681
3267
7388
7678
8101
1817
3847
3946
3808
3248
3707
9751
7479
1642
2805
6456
6219
2545
1485
6670
4157
7066
1315
6078
7146
3303
4050
9496
1326
4816
2793
9723
2790
8736
2408
6270
950
8285
4953
624
7770
1585
4081
2761
184
8884
9226
3725
9942
5700
4007
610
2101
3951
8855
1128
5894
4402
660
8942
6372
5652
1348
9433
5452
3545
2047
3653
9783
9289
2673
542
5172
9301
9627
1506
3132
9255
6017
2073
8018
5282
8166
9694
7527
8642
2944
334
4584
4825
9924
2112
5292
3154
5846
5022
5805
9913
9469
388
7956
6184
9170
9396
9269
3457
4190
6055
8877
1868
7595
9377
7452
9209
1854
9889
2484
7336
5483
4899
9853
5254
6272
8082
6050
1685
8935
8197
7508
2894
7966
1464
4147
704
4270
4118
1842
4011
5974
4770
6714
3681
3357
9119
3624
9555
6066
2885
8095
2867
6305
8547
5924
7443
917
4543
9594
1238
3877
5477
6357
1932
6139
4306
5345
56
5422
3474
7620
5903
8385
4606
2029
3997
4238
6843
1439
4733
2155
7214
7758
2057
3334
5888
6893
8670
8505
8202
4495
1962
4300
7180
6342
5740
5933
1735
7259
5554
5470
5438
4729
3770
8660
713
7437
4395
5221
7348
7711
516
5235
4904
1877
6430
9154
7116
36
2295
4806
810
467
1767
9413
9518
1036
7190
8251
2757
2322
929
3579
698
8996
9656
5855
7467
3058
8051
3255
909
1147
3782
3512
1265
5355
8485
14
8344
2389
170
9981
9821
8636
8706
5567
3316
2962
2261
8493
8157
8115
3643
438
7890
5071
8832
873
288
3321
3673
2534
7110
1257
1187
1720
5208
1493
8452
3974
159
3602
7940
553
1805
9349
1157
8512
3008
4681
5187
7028
8677
4098
7648
2087
7627
9471
6575
1619
3124
4422
1573
9749
9390
6166
6508
6130
6533
7580
5550
8529
1702
1622
4849
7912
4176
7500
2338
6638
4859
589
9294
8801
6769
3277
229
1536
6388
3756
213
3030
2095
3568
7921
8436
2258
6479
9590
3500
1544
9186
4380
110
2657
6918
2398
2663
6101
9876
7362
9212
346
2530
3463
5539
3400
7665
9844
316
5363
5099
62
3698
8362
1924
1025
7037
9134
4791
8689
5675
377
2505
2480
6404
3000
4618
9995
892
9685
2877
3902
5385
2606
8265
1044
7898
6086
2177
9566
5324
5774
3772
1956
846
633
6420
9082
5380
600
782
8780
8317
100
8692
5831
5782
3731
9763
8415
9197
2740
5067
1755
5409
4435
4250
8140
7693
297
5829
2514
4254
8399
8624
6952
5037
5969
508
7859
2695
1071
2067
3799
1351
1821
7791
4871
572
114
3862
6431
812
6542
3832
5994
8894
7836
6027
3539
9809
8869
2644
5441
3508
2428
5723
9903
7410
7126
6
4316
5263
6332
3522
1658
9071
3296
5812
