41782
76832
11939
69977
3385
37778
9220
85624
90433
5332
28452
38205
73902
15064
67475
70597
66041
57618
22165
41697
559
50657
33140
98844
77860
15680
17789
94199
78431
50345
15815
60682
97516
36924
26331
13093
4218
77533
64725
90091
78132
96726
17350
2579
26639
2097
22214
4178
35990
43528
53736
49393
59311
61686
39771
55109
94645
66404
88956
31006
56150
35569
56547
94584
91596
75147
26841
36332
49262
30958
40360
50770
47397
92844
43839
98911
49320
81833
91227
17777
97321
60950
73780
42643
8472
60270
7364
57587
85486
56873
55146
39972
45722
278
13715
14524
21503
24045
40839
82584
34824
34110
52948
42197
99616
14509
70441
64628
54667
41111
38996
42963
80335
43989
4978
78406
2170
9034
73057
19877
34586
59473
24198
22580
67679
7868
22110
41132
50355
19285
86316
22873
72846
76172
59934
17029
1807
85672
50306
65281
71024
19901
70624
89432
80954
29877
60639
41761
10157
23725
14603
33701
91779
49717
94568
8448
58179
74875
57148
73163
6879
99662
71891
56348
90891
99457
59388
6058
86609
33408
27207
94550
42359
11286
31833
44999
60724
58973
44690
45920
17808
73212
50391
68909
72513
6244
55350
55314
69004
70948
34870
87497
85441
7093
96808
10273
32148
99396
90009
18192
52295
87919
35547
74231
28272
61487
8982
75602
46824
74753
51688
32215
26124
79493
39426
73475
57871
10819
86255
49045
67557
18863
39139
46024
86625
50934
40049
55427
24552
31116
40464
62751
82529
348
54255
3977
69846
29044
25315
32044
23826
66816
70099
51728
17695
81342
73496
94556
48325
3626
36875
94529
85645
61219
14240
86423
14762
29194
35172
76609
2656
38041
47495
53687
37259
12674
60322
88825
59626
16327
74811
55927
65876
57163
26877
16056
16398
73200
94895
6778
30396
61176
75614
26972
93906
64994
81321
57786
59412
89353
61442
10373
65198
54206
1670
40967
52558
55662
3776
24018
8951
48957
99173
23905
15299
19111
99442
55954
25480
54929
36844
77317
56186
91929
98057
98343
15259
39838
4130
55131
46625
60294
39927
33780
19944
10370
86042
87076
43140
17524
56434
34141
25873
1645
94803
83750
72141
9775
32926
71888
30094
79163
63987
54200
77192
94254
43924
68873
53260
5155
35999
28769
9919
91941
7892
8710
6070
27002
37830
96531
56012
31031
99872
30961
16996
84086
11115
6452
51478
92374
84495
85520
34815
26255
94639
29303
52115
50892
72498
61063
48838
34244
54419
46894
13947
18967
16565
42188
90882
75693
55860
79654
61045
71595
86680
18573
33213
14777
35468
15082
87653
76273
19678
26838
47693
44797
64448
52652
56485
59903
94114
40452
57416
79932
18091
58722
4847
12375
52219
94965
81232
24949
98105
80127
36365
90397
21143
17124
14277
68271
17731
41599
83481
76706
12427
93021
36164
57374
75571
24277
71918
86728
2073
27851
31705
36661
41922
6733
97620
37699
23124
68180
24100
47867
57599
68464
16214
80323
70752
86704
20640
92939
45267
55933
44959
92893
19822
29523
70911
59440
33268
11072
77201
37955
54981
25907
37510
8423
62299
9324
81428
13230
60550
79224
24836
82474
78037
80210
74256
39005
8356
46760
30405
82721
23182
96543
51752
31678
90925
59028
38440
35325
30460
64197
26011
40110
83344
94657
94843
70371
30121
98078
83988
12729
49656
71705
50199
1447
75544
55616
632
82886
15220
37922
89768
87217
47373
24979
21229
63318
79792
45115
59949
67951
81690
91453
66578
5857
10422
30430
16517
28293
7789
99970
55988
19938
91361
71921
27537
73456
33497
1728
76728
88361
66352
75312
24878
81159
44391
67420
83332
61017
60444
88489
4050
72294
30729
92054
69819
86414
31635
26932
50254
96332
28876
12229
89274
16633
89679
39625
42444
18570
46933
10120
70231
7444
93506
41178
33658
40500
44809
74329
44712
65107
31269
83494
26383
68128
68940
84519
68442
20542
15094
41538
93973
5188
24509
81995
90104
93381
42881
39969
91184
22349
87650
25669
28940
59867
16688
31949
75446
87800
11313
74592
20234
28397
64081
40134
21799
28269
48490
41813
81095
11896
4371
21912
58271
7389
48493
20688
84919
97788
48502
60373
86774
9369
22669
30069
44242
7798
3360
26786
19700
85746
32621
89347
79984
16980
55195
15146
94858
76972
17035
37195
6992
2811
61600
10901
42783
87412
43775
20673
51783
23777
9629
3180
49436
39261
6022
80948
28745
23053
10776
34452
99894
23917
90793
53248
10730
57111
38587
50998
37150
76850
76798
88196
36991
92191
10022
4395
23530
28861
66230
19376
38135
75342
49051
24610
99820
42692
36063
57532
35782
80829
33017
84339
47089
37555
93430
3702
10032
17060
55564
98356
33893
69098
87403
62635
90781
61936
80268
84137
83198
42249
81702
7599
64869
35016
8216
59122
80579
28553
58893
40531
4160
58088
477
94928
94339
24866
24360
54676
58732
67362
11649
20551
5439
10752
20954
54239
85703
78367
46195
34293
58100
83860
80610
21531
95444
63129
3464
67273
26444
11127
425
25110
63666
205
31177
74854
36228
40146
97806
87626
66630
23624
2417
71332
34797
25522
84751
38575
55372
1767
27460
40082
30131
35163
67716
84376
88730
49723
8585
75629
27402
1224
87018
73829
90763
80750
63605
76661
42423
10956
94220
52744
27918
10654
6180
32889
29438
10108
6138
7007
78281
70493
42701
28736
65140
14917
11048
69022
57697
48758
19706
78327
26490
44642
48111
76392
88126
75263
60645
72660
56507
22193
92728
70487
42713
38773
74613
58265
95255
8497
40592
13370
84269
64570
12595
47968
14789
11661
30549
90845
72699
48038
81913
82804
76063
48072
7889
57303
3272
90308
81678
18247
22153
82633
95481
91413
98194
50132
59449
9971
1255
65665
85907
49952
37943
20267
24390
38767
96900
77683
31077
86545
14542
73267
41166
38593
90360
34324
88450
64264
36658
26752
64277
89371
67838
20945
96824
11399
47635
29267
72678
49534
95557
78537
39057
77891
3885
37433
35132
98130
37497
94407
68317
53644
3586
4688
92493
74058
89499
27570
15778
27063
66028
79047
55069
17267
46384
4880
42258
15500
17716
61008
84015
98276
29813
89750
63819
77384
87140
83234
38730
31293
91511
67823
5088
82148
72031
80759
49259
47126
95340
19529
7590
6659
41910
99759
70710
68473
61060
22477
80222
52448
35090
32126
27372
68848
53934
45160
8365
46720
19535
78641
83262
29795
40424
13657
61155
19358
85776
84098
84449
83326
79245
86820
9107
12131
41541
45167
74292
70185
72883
23111
59131
55948
5890
19797
82126
47202
53159
9607
33671
82200
21677
56388
17768
12244
11863
19343
12317
76563
36100
5308
99183
5677
62580
25168
26117
97037
113
32633
28489
39350
25504
18781
9855
95545
96857
62436
73127
20884
5195
9769
46302
60468
96583
27930
74289
75800
60456
370
92392
36539
30039
66745
61863
59980
67710
30805
55097
74241
92441
5814
27158
32599
96308
49805
51279
23395
40098
52906
89548
12958
17066
8640
91501
65293
39356
30796
19306
3818
92878
69733
41581
65220
87446
59263
24573
47629
87668
3849
59037
75461
52829
72995
9165
242
9452
40906
86
19507
47657
22080
17838
36512
23557
3150
602
58072
29380
7175
65799
34119
19761
54377
35819
5869
91800
78141
39606
85114
34809
49277
98551
34693
95084
25733
94364
68601
69898
50773
33487
20426
71119
84260
99912
85544
87461
85477
89460
5457
57569
99100
22919
67090
76429
11854
98212
62363
46857
72638
77189
8832
55124
11274
51661
72303
30030
12681
2842
51178
232
69272
68390
37818
22706
58011
23719
37073
39560
32514
20243
28772
33304
56827
42432
64506
69391
68131
1578
52616
74222
48688
67157
56992
89191
25132
56763
82328
77820
24146
88657
28956
91056
88422
85404
15436
47715
77848
71424
30265
24152
16953
8072
97391
77695
33173
4093
40400
64298
44196
69321
35929
91562
64115
60672
80631
84977
49930
55231
38151
98743
69935
4432
85782
50046
93790
18525
29691
5759
59293
73639
10788
93689
7190
94285
57578
21851
32932
38913
522
35395
90519
71247
27582
43232
91083
87876
62534
35209
2006
72876
19291
34546
80506
51764
7605
90168
65427
1249
67722
20258
35438
56235
7224
36747
85813
20386
37330
76624
82056
64707
63221
48346
40769
715
17411
3251
20185
54877
35447
84272
82740
52863
94883
14725
46067
94318
63843
14921
25269
25916
11652
93116
77582
52979
44254
56467
96439
92545
59952
39396
54404
57908
26175
61948
52201
80860
70212
5427
52222
17743
63749
67130
75513
16611
79084
18928
92615
3635
85605
10761
23609
65598
66568
45194
61341
60819
98285
25202
7313
79969
32349
32276
6943
72626
74845
62412
68039
3068
80100
39127
32251
70545
67841
93866
48716
75397
1688
13721
25156
37473
43039
41193
2323
51978
37232
12534
35743
43717
33057
37110
77344
7541
43015
4224
45542
80567
36298
71265
1871
8930
24857
14557
36683
35651
75663
95997
10526
443
99839
55695
83249
77149
44629
21842
57300
3406
12485
78544
43995
76246
85245
72812
32233
83103
45786
53812
99796
5872
59644
50208
85389
73560
6757
14213
28248
50690
77369
2366
1093
67283
80964
55079
81556
22809
85578
1780
75220
48221
66959
94358
20847
86741
88675
26954
1117
97928
40741
89063
34281
16712
99286
59574
34034
45044
85584
74643
31235
72703
16868
21790
97306
49173
93454
33970
23353
79392
96110
92231
25806
62549
73575
16449
82847
53638
16227
98823
86081
24344
73957
32847
74375
8069
33552
1966
38453
24848
64960
36133
29868
31543
13968
46100
36234
81965
19187
55973
2427
3751
73438
52137
76545
51221
39307
80240
13508
80591
23365
78937
62653
3916
36460
57645
38321
91034
82688
84595
28104
93656
97992
39048
4023
43665
74097
25486
2570
10810
86005
93751
76560
59675
25797
69471
34409
24515
10190
47239
17710
20008
46329
94611
88627
19965
49488
31608
89945
97690
18903
93729
88373
93522
21515
25147
47648
41224
43433
39518
43030
71506
10346
41962
92310
86884
37452
34192
48252
11332
53483
89560
76786
98066
2555
37626
74634
23411
88245
38517
68580
40204
53800
93201
67255
38273
35215
95286
38303
61774
17136
73664
86384
873
32294
8829
68967
98945
88923
96027
43345
46210
965
3238
77039
23102
4551
85218
66376
7377
32786
47141
21326
29978
11524
91004
90323
98774
45176
67804
33121
31455
21906
39255
35914
51551
99729
93949
49854
51951
29746
13581
92515
77756
73148
35898
66639
25306
11716
91965
56629
90320
21485
79145
91236
99561
30149
80079
7108
17377
79670
71290
15729
92093
3782
14472
52710
12754
1264
1044
42054
39145
14032
61332
42167
65607
72925
91254
52173
27518
59745
40568
58713
93107
61469
77646
7654
4996
31861
1584
70521
2985
31260
43100
49909
69516
39368
51169
79581
69242
26499
73237
35828
14591
34025
75986
23642
96918
67771
14957
48807
7114
44358
70868
2344
14072
9739
21195
85059
29188
48383
9842
96979
85022
30494
41407
88328
93696
33878
10450
41465
59922
38950
41987
32584
51465
29954
4813
97577
87070
31791
58365
45392
87143
94175
49112
93265
99927
97864
33039
15247
89722
97818
64106
39371
53312
11762
40030
19132
9379
77054
84040
43946
84885
60389
7999
31955
65870
57709
69364
48188
51676
85322
65687
89835
44266
82508
66654
57209
87754
45887
3003
44678
7871
21747
15412
41578
52488
70344
70057
40546
24247
76038
73591
15461
17469
41416
21711
44669
73484
76337
2762
59885
5253
91163
763
19913
18744
9406
58765
16648
88144
20191
51362
42658
14423
67237
4188
37388
64966
72718
11924
55112
48551
32972
70310
81379
23664
21448
50791
54773
36490
51328
53946
73383
77085
98264
32947
99039
45948
52805
90024
53400
42994
70533
42463
82520
86359
16892
86106
14829
37525
66996
63407
23987
96787
55903
65888
64316
62739
99778
1471
78797
87055
29236
88874
40229
78913
83994
57245
66285
65384
14155
49549
36463
31736
21964
40873
12189
34562
43509
22565
90879
93372
65146
1862
33222
71802
36542
65445
86649
65464
84299
64228
58246
14118
43256
24329
57959
83503
6611
50922
88559
79514
98322
7078
14716
51746
3193
57236
31775
65342
50068
31284
82370
92109
82255
78693
63895
9305
46344
49296
50638
8844
52164
4471
42484
68406
46515
67359
20896
17298
91379
26304
58970
71848
80991
18955
32657
87439
49451
3217
23707
37620
14420
44367
75565
62568
78675
92698
90860
46668
3901
81623
80011
675
9714
63999
23475
66361
96448
36152
5121
23993
42020
15720
6144
65677
48536
4011
10141
18461
51819
89667
45664
69779
48014
30860
71827
3983
21583
38849
90082
37583
10557
88669
72324
60346
37760
80536
87528
72590
68296
92112
46995
75974
40323
46876
18021
13389
7270
16468
73926
59778
99408
18699
13614
18516
40888
94516
25431
45133
35184
8127
38266
16132
82139
21973
28904
58832
66810
52640
50614
79993
72110
54563
82111
70783
52674
27692
97370
83787
95402
62678
55887
50510
24115
40192
3303
63889
30579
40574
64148
31537
68683
28309
19214
52387
6296
75486
66135
16538
76536
25660
36027
46503
95954
38102
90680
46796
95566
50950
85700
52717
65943
49198
60965
9049
30152
18189
4520
87577
11179
18329
66678
83094
86921
53870
85593
26078
55204
17994
42923
57883
57154
9806
50333
32084
60837
67978
66184
51969
58445
33985
92908
98145
70551
36591
95884
74216
20652
8869
355
34961
17759
4462
64152
37653
88514
84668
11451
26236
9235
13038
54886
84565
34897
709
35669
41099
98298
62961
49323
76154
12876
76203
40314
12024
75803
97239
74033
54120
68543
91343
40632
69593
28153
36530
28251
26618
41355
26359
57483
34354
57007
87223
78177
27497
93192
27448
3473
99903
29368
74518
19047
53675
70679
30375
49003
92566
41285
76597
57673
24256
85984
44043
7081
55494
174
38892
26893
33188
5115
61750
89985
14734
50547
88590
81492
68207
23862
23319
34217
72260
63245
49778
59696
17859
38602
31495
71982
80912
42841
94413
38907
23948
14756
50016
79130
46299
95127
37241
76294
90345
84437
8249
86655
47565
89481
693
33738
76969
3678
87671
97019
95044
87949
2732
64548
50605
57950
55445
85715
30976
89850
68119
31394
65580
2872
85846
59147
2225
45124
66761
620
29410
54706
61283
58799
53611
55277
37061
4764
79136
74491
58292
57392
78266
98340
75089
16593
10993
90806
17945
64203
29029
46601
93238
98792
8228
47736
30362
70014
91150
49412
33805
80582
57898
70411
57251
318
3559
23258
29603
56739
91242
27637
98160
84144
56211
1847
73719
98902
23349
62037
40253
89701
75965
95905
24125
81794
3052
42759
4346
53965
22434
53666
34171
67658
99375
86170
94538
69376
76435
16343
95948
95139
34888
95267
28657
12931
76529
78730
5979
34159
35419
77503
53837
46531
65021
84836
54554
42826
21778
90937
5655
30774
80027
29639
3269
39545
35532
54172
65317
20072
73023
67170
61823
2186
82413
9141
11680
2921
22773
33088
229
77765
78782
26142
67936
35605
69419
59620
57792
75843
77292
76215
9424
50464
63480
29285
30018
96680
31421
53657
65516
93223
73325
26209
9955
8091
13740
69062
72941
815
89112
57847
5228
64979
42103
89921
87421
72095
61915
55640
39237
6226
62226
42414
50010
93433
65699
92923
97101
23240
19953
92978
6281
66233
62928
77375
88965
37134
38709
74006
66150
91269
10972
11036
28516
29072
397
6421
8463
39744
70368
45072
1658
13804
26664
72547
34388
41752
16916
21879
98984
91645
91868
56153
19748
55649
35975
88013
69236
29276
26713
40732
1713
93589
91706
63346
41056
32798
65925
42609
7325
71714
81592
61530
86896
83564
20347
44443
74421
10837
73090
70206
82065
22355
67408
3968
20694
16630
42206
11060
50788
98014
40506
43152
5796
56330
60114
11472
32715
2741
62232
12519
13041
94388
65613
49515
21308
79700
26694
30991
57761
52567
56333
82624
2833
12793
91077
63947
44455
44211
55228
38923
44773
84903
56061
56748
54276
8039
59998
57502
75501
28003
86875
3455
97144
66800
12635
39759
27347
45447
14618
53385
89124
74665
46088
92945
27363
78000
42978
48304
56373
41483
79361
84070
31641
46814
63431
46775
71857
22754
87980
11329
63184
47559
51502
26423
17533
79328
34574
75370
36969
38700
9922
47620
85557
21824
20420
46912
17154
57602
31717
26069
66446
68219
12037
35645
12998
12098
81696
17087
93717
14652
47049
4633
98478
25278
85798
16852
53287
28782
77155
69724
42173
34672
96717
70359
99170
88541
21396
38038
12845
59681
19022
50577
49787
916
63907
45600
69336
99244
33478
3397
16340
15345
77308
95197
34903
55677
51932
74805
51294
96430
57477
74167
6952
73395
32743
54633
22504
83259
31159
9681
53495
95789
62104
80735
15326
81086
86719
67579
91044
96320
55478
16144
22898
40052
15360
42078
33030
8301
87485
39072
26587
19922
27878
23273
79838
30295
23304
46653
12986
50849
65351
13971
34833
74744
89469
66092
67872
21473
83454
91288
88318
53550
98600
62073
63251
72574
93091
74891
82981
3861
69504
13633
3834
773
51432
92756
70774
5982
41807
31241
58509
81144
21467
82276
96219
62885
94574
82920
82248
97382
44004
83872
7642
8512
32471
1526
59610
49650
34687
88260
58472
61280
20374
69016
56275
7724
46467
82410
62873
34473
97065
78052
76017
67692
60907
92685
6019
44440
22407
86020
83634
37580
7206
50425
90430
50129
23810
98783
69053
95701
6934
20813
71543
86915
54087
14817
89588
13291
91434
88508
73011
41477
45694
78116
48398
90418
260
29590
15375
94983
47275
77250
43732
45344
21207
93882
41822
98139
57221
33954
84818
49671
42637
52784
61036
58884
60053
3736
80036
63871
91395
51700
9574
75757
40705
93766
12629
85535
42286
78162
73063
84769
28541
78129
6730
62620
61860
81531
29487
42988
45566
13025
2305
70517
96094
98969
90726
46692
78049
92038
69483
62247
8619
45658
5643
63688
71616
63505
5210
84784
11625
45481
80271
6110
84235
39536
84824
24717
74311
49753
81730
28211
64258
70102
24531
26862
33115
94294
82700
68094
95618
92215
29740
40824
69755
46952
32813
78626
98029
38782
61191
85303
12943
58164
26316
75528
75098
196
61246
95795
59586
66303
29676
18763
68741
94397
64054
48749
63019
8695
77659
75193
85349
34842
31782
91990
40040
56696
11210
37040
15973
80362
19645
52045
92713
35593
17631
19492
82554
92206
73691
83036
39811
26536
26182
92148
96412
67307
83014
62394
54050
81934
9968
18689
80408
11597
76484
412
48438
5021
70972
97800
97901
41935
68586
87128
19983
30616
82972
70432
18375
68503
48093
96488
57081
62842
3373
53187
60581
57682
89136
34668
3925
88901
81131
3959
53464
51337
67533
92576
71122
32535
9058
99683
9742
69764
72001
81266
20936
90137
62323
94205
62592
67432
84940
46738
95279
67145
91199
91657
32316
44568
73761
30167
13517
2210
24448
74439
90458
14316
88053
18433
48234
50589
24634
89100
42792
14539
15168
65152
41559
37293
13071
33286
70575
93174
87159
92295
90070
63157
38840
4264
21985
78925
80713
25351
41568
22516
95392
81766
74451
58191
88355
22263
40949
96375
22785
91202
76169
3617
12491
63340
75004
7502
7496
25556
13218
68595
65702
79731
86396
62778
57193
73099
30781
85038
59849
14222
90043
87281
63859
9498
5314
10410
27503
57920
35004
94800
3083
64042
75419
18342
56705
2533
30872
52622
4340
7157
70725
41361
4941
59171
97266
23548
21268
58906
90470
50974
88004
57404
78602
68052
19385
70246
88288
93900
54685
83954
29328
72721
16822
73157
53824
66086
6684
82178
51084
62699
47742
28199
93155
5515
24207
48023
45249
9119
68726
57804
7911
92432
23740
28403
74582
11161
98884
24930
27625
80137
84745
7679
9021
3296
49335
79197
46106
48444
68351
98374
41157
91022
34726
44977
29941
58494
80652
66272
76517
24314
55829
55060
77982
89853
31342
60563
97132
29001
61164
73896
80436
47919
94001
75895
5900
78571
68332
5271
12806
32105
9647
11512
42515
63117
91977
2027
55970
38089
21167
81870
27250
64817
97010
87336
3415
43424
22727
75303
10920
84925
41526
53907
38355
16108
1981
76093
25391
81009
92173
95456
40403
30915
3034
13923
53953
63865
43802
54621
81360
40293
45804
33072
57663
81290
98456
92151
97504
4728
68348
26133
38288
34308
31751
84043
39954
43964
36387
36731
79950
51633
2387
95170
14850
12269
15610
16
72437
91718
98209
13819
57529
46134
18546
56534
89319
18607
45356
57544
75675
20621
47477
52686
17179
20975
54807
75492
5234
10392
10871
60175
14292
21360
7804
89014
91465
92676
2192
90192
91315
63801
53898
7462
6605
63797
75959
95426
97638
53278
72452
56525
78843
58048
48642
41636
62140
83185
79352
42002
32450
51008
29011
58115
9614
20585
81415
31897
20365
7935
68912
37769
15238
62494
75586
71872
6412
45868
53507
36890
64853
5564
82834
83228
44172
1459
8017
52237
17014
58127
99128
12253
38746
95011
17792
43589
91935
95234
2948
74708
85523
7816
65113
25
46561
92286
41626
56455
6193
76023
54282
71641
67008
76996
93470
71995
42087
41065
30185
13209
37351
85996
97889
18125
51944
16965
61414
55869
10923
15021
57068
43644
79188
98038
81208
14051
32709
98469
13263
36347
56449
2268
54007
6925
33201
91480
59424
23148
69852
58585
85636
96399
68396
49466
67032
55744
31583
37809
83909
35151
4419
33387
64640
77491
69800
91617
52939
95224
19840
50910
14991
37311
99320
88575
43741
13117
90375
99143
84214
54996
62122
8378
49640
29664
70423
90220
61567
38468
35474
9726
45621
71790
60880
50284
7197
63761
27103
2158
65891
26261
12204
32065
52833
59205
54920
10734
2042
90238
27179
28061
34162
16709
6360
61091
97974
27018
76679
24726
1392
29447
59757
9525
35715
87858
83597
25611
68882
8457
20920
50419
98429
17899
7
89103
94596
72611
66556
12772
58304
19480
67072
26194
7337
45759
62821
12699
64411
75593
67667
43937
3525
57969
78498
34949
22635
13196
5063
5927
67768
23267
45389
59372
37674
93577
67466
28983
21000
86866
98633
79914
2283
38639
62897
7169
73182
6919
81012
53306
76084
18973
18711
53333
55817
82395
91340
55549
46744
22690
26929
12855
24549
21241
35947
22464
15485
34318
5478
35935
82035
33506
29593
25071
651
98163
44303
77906
79706
12903
10236
17545
39313
86506
87723
10129
73401
49033
83353
39173
27839
72666
66602
66880
67795
1532
59168
79566
59635
21344
54102
33423
89426
93076
8994
53049
76761
13917
99802
33451
58530
70456
96863
2454
17002
9086
37516
30204
54535
67603
88834
59800
14377
31330
50870
70282
53101
33606
96167
73343
65940
69043
51856
3602
82859
54438
35880
9174
82105
96811
44129
56266
77274
10520
41950
65626
53986
39588
94138
64002
96244
69745
45835
47593
84794
63956
69990
90540
85825
23230
48374
43149
47196
68955
13889
22934
87687
10666
97193
70588
78962
44291
5842
83979
89206
11728
39118
71085
93003
56849
37983
42145
15683
81815
4798
49704
75037
64188
83027
56394
97584
87351
94477
69169
64432
82709
82050
77170
57340
17612
89658
99256
90275
12089
32309
11405
28617
42151
70038
51133
79777
82462
3245
47831
64402
23069
90259
10981
2994
76105
40189
1142
13337
27036
24463
19684
12299
27302
70685
13453
21381
75232
40482
9391
21140
43113
17600
86738
10077
72153
66535
60849
56553
48615
47254
3684
17969
4035
93741
10285
17170
62186
77213
76496
27735
30213
93796
21177
41047
93961
687
70649
97959
69446
61817
52918
64939
8552
55356
11139
62906
28058
12610
91810
5585
7682
82337
14670
70472
45209
24213
12748
4249
99704
30607
85084
8262
78748
22657
75730
60660
96641
37345
31409
98664
75474
87894
91175
2729
60145
3367
38794
69184
78690
33634
76902
36701
65189
75947
10749
7038
50809
86210
86579
77421
17875
41108
36979
4563
30509
3092
99881
586
30713
90546
8103
24692
79102
38392
60782
13315
85938
55878
25834
13413
86362
48841
47110
25751
57511
36423
37793
28644
9226
80521
81589
78068
30982
40445
71631
43476
73542
13147
52146
70041
36643
51099
89509
86063
47132
71042
66334
53425
25745
77360
32056
32184
62763
34070
44330
22114
21607
65809
4410
67338
8759
63935
18281
42551
6797
26285
37833
15268
31901
41428
48145
22236
63459
28498
91279
20133
39032
36625
97983
5347
63691
33433
56641
6440
52988
14090
91102
11503
81907
47458
30814
28437
49448
72358
48829
1752
13105
13831
83713
85181
79618
53235
51215
21891
36301
48331
23755
81061
54059
63370
11414
35425
63077
88230
76285
8060
15503
63135
25532
26911
93732
89090
40241
97153
64576
60669
41391
11234
41517
4920
9205
23023
59278
92270
5445
32721
25861
17847
60529
85953
81174
56681
63590
30341
23636
1731
44224
20298
992
48917
54032
55686
93131
15046
59784
18662
48926
53379
95975
42389
65851
44471
25034
35453
66712
54065
84894
54905
83887
29352
56162
16590
26047
99292
60352
8536
62949
99988
77256
501
2240
27729
68006
34922
35807
6675
94947
23493
65265
61701
97492
46457
28367
67893
77631
72773
45853
6330
70072
63263
66541
58677
54572
843
84775
30088
74503
80344
76737
1520
75077
40015
24402
60438
36902
9003
45579
80283
83649
78803
44523
98316
28232
25229
26825
32898
84845
79535
37089
75553
51148
28312
4258
46247
90613
48737
2088
49134
35279
79505
63294
68110
56907
55295
48047
28898
4661
69285
92042
5079
8964
82935
63550
13328
18500
17820
74607
46790
24189
78214
90186
24235
4905
22010
44697
28687
16196
34345
66459
17237
53171
54221
29709
34073
77417
50263
53443
68558
53519
12452
97654
64457
9931
47013
98389
56931
91697
67441
48365
24918
28849
81879
31446
50028
69925
834
33725
15964
3208
83283
29508
17646
14359
61323
30564
62864
38294
12735
84058
5509
27659
92139
77079
21631
66391
17307
97593
41776
51706
51645
19516
20493
95322
86200
97858
88102
1160
47910
24527
1075
39472
70960
13993
35117
17277
956
20777
57972
51261
59491
82300
60926
26108
89896
44748
90824
45109
13468
38523
51627
45417
21863
18885
47031
82496
65918
39502
92585
65275
26740
27121
12403
46161
89771
42267
23050
28595
76380
599
35587
14856
19236
44904
168
83310
41190
90265
88465
84485
93851
2851
48209
70334
94736
71970
7023
40937
53440
90864
2933
19361
38538
25547
98249
65436
98572
73334
41739
57020
41880
15561
69654
9186
43595
82609
46525
19425
82078
40070
2067
95514
88633
7459
51191
74784
23380
65366
82648
66248
68900
17954
85337
55182
85837
56952
84461
10843
99134
30695
84009
36673
49167
13254
42334
303
18812
7840
98435
17334
24363
51716
65781
33793
53370
47880
98002
16794
44349
31318
47220
62003
1420
68149
54188
25855
74674
12449
54386
56009
87162
58417
71296
94758
931
20756
13151
2887
91684
3763
91309
541
8158
76581
66950
77622
18079
93369
30588
3519
67106
83158
62522
51032
61615
59485
53141
32010
1005
91633
87342
86567
9556
84586
30829
67881
2778
89756
14329
52598
53714
28464
5579
12583
1932
99738
88035
64673
5835
47898
7517
45371
11698
46644
69297
81116
69544
92917
78876
93039
15003
2292
83436
82569
85315
30472
99015
32435
60340
37790
65760
23761
96576
93674
37735
3550
49946
44053
10337
22883
83530
6897
18088
62476
15131
14866
9632
60706
49473
51514
86469
28480
61258
81986
69193
89615
18104
25257
41660
14579
97931
68854
72086
36588
33719
28339
4572
25818
79841
51865
66108
75229
77482
72553
9708
8487
81742
24582
99634
40629
95246
40528
81211
42499
60511
92417
45701
54725
58289
93912
83393
69996
23520
48008
56638
44401
70612
15079
66193
26642
52506
50889
73444
50440
98496
48603
71274
66849
18647
48786
1920
59730
41443
42365
49683
82221
76349
663
92539
37745
29215
1893
77936
90250
47407
39286
2112
38712
10611
1056
30466
83469
62388
11487
19394
67328
36509
77717
88950
95368
4786
33091
29825
13138
78592
90055
42685
95533
55848
16575
42478
10090
85172
64350
75101
76313
19739
46146
9910
21320
47004
13779
61210
87906
27118
39783
406
6839
33323
34449
85563
69428
84382
58136
21552
43726
39991
27222
47751
27543
90442
68085
45453
97083
2720
23285
68839
11991
43686
4352
95588
83048
1951
73319
25113
71601
18012
20456
43329
74042
42594
46393
96354
84992
43308
21119
53052
97968
64686
70261
56031
24500
20014
64795
66517
57056
88089
32996
94831
33417
58317
4105
75333
66611
85657
29459
34238
58576
32953
62305
40372
14188
82270
44233
33692
15284
94086
16730
25821
68076
18409
83588
96961
53919
79529
8259
88535
12894
455
37266
22535
45145
10691
45514
38544
6501
83555
20786
3830
1191
4542
43958
73179
86759
75428
49891
35639
40662
11838
41611
34089
98221
79789
71818
81223
37043
14496
6339
96991
16559
8024
95215
41709
83075
21525
58222
81775
32822
25010
67066
14881
77616
60428
73115
95575
94074
28635
1346
12232
28327
39499
29319
16950
84192
43613
85727
18735
14469
7212
96290
36579
62058
41141
46473
25327
39460
11545
67942
6785
53324
35553
5909
21570
90745
97275
5417
52491
88785
32358
90503
86139
22907
88266
40857
93604
65308
61680
84168
19242
20444
90171
90574
51792
74119
97745
1209
69205
93415
14252
26777
61103
8683
79056
44205
12116
31431
93149
99277
22818
29099
3153
93613
85767
28040
70841
19571
30051
41669
99045
2134
61506
44599
44553
95691
33616
95038
58182
81476
59702
85050
95777
10865
85944
70936
82871
78837
37848
88114
17359
32834
34873
41346
47828
64670
80765
71839
51359
8597
35282
31824
36216
49070
64786
14985
34955
83771
88892
74799
94867
6519
48212
73642
45633
85196
80188
27439
14103
83933
88440
72422
30008
94263
65992
80698
45978
33585
50373
61268
59983
74653
82776
63520
93928
89905
86249
60029
89249
96491
85282
32560
90775
38938
8625
20163
97532
92023
93558
22031
59357
24659
16483
31205
24936
17905
98954
92530
76410
867
22226
20600
56122
91956
71039
62470
81022
26682
21641
70899
94510
2054
72562
73758
80109
8341
498
5100
61957
75934
33063
10685
19605
22321
11228
89957
89966
76047
87558
9543
90751
53299
11817
85077
24628
40653
99521
62858
32605
95148
87937
8603
93931
17939
37
59113
69452
68363
49024
571
71329
92743
64469
44282
47925
97416
3599
10465
45423
85013
55469
52796
69111
11982
43537
79285
27091
12827
10535
14029
6080
39448
33198
38553
21595
43229
10004
65497
12714
61023
1401
76447
69864
12644
55396
3657
9949
46000
31989
35499
25971
31370
33149
26966
41239
83765
65650
1944
51926
77457
81949
62552
77744
53263
18226
20716
29896
4453
45228
80552
28916
29914
65079
5808
12885
50101
74384
86518
12366
19208
7276
5991
57319
59192
96561
30103
36188
19849
43976
59397
55268
74714
26993
36243
69968
56089
29926
56113
34058
34003
56357
41846
48862
92643
97053
35901
24006
45844
49341
10303
91858
38807
97046
54548
14628
87119
56913
77732
30243
82941
18134
53995
63620
58753
76310
49589
63007
87632
25922
38373
95728
24778
86188
78666
27552
80457
66901
40281
95826
42865
70295
73877
5002
63175
31629
79490
38215
6113
6266
43415
5036
93296
82151
55216
78449
35370
30485
32419
41019
77555
28806
43464
53095
85068
27073
30442
8338
42502
78193
3577
38984
21283
89252
32425
96451
76453
66129
48948
89637
93189
6635
52439
93128
532
33442
70389
62159
38233
5939
97724
20093
82535
47300
8234
63050
80689
58771
11347
35767
99997
95420
55512
59229
9360
62790
78339
71161
95752
71866
48414
87006
83176
59009
64753
52735
63163
9263
86454
22083
75129
93287
54294
97831
27768
76682
29242
7856
49912
79078
8527
80466
46613
62641
82447
38065
96207
67963
24732
34742
32493
32505
22150
25718
22849
81400
18674
52363
6705
20487
97736
91739
81470
61582
85669
55835
51612
75376
47385
96525
66694
32172
39063
78248
32016
75782
55896
46058
18479
27323
52344
52353
49183
10474
94242
21009
13483
77564
84391
18482
19993
57819
14002
37052
90592
34256
83921
77436
44822
79447
6315
31144
78187
87269
7288
98804
27131
70713
49
37888
42042
97550
18387
88682
64310
47724
28132
7569
83375
78714
88291
77970
69080
19169
39225
9198
81278
23484
9015
54944
49360
9507
37287
77958
11887
11362
51874
35358
54368
85395
63727
30634
35883
82996
3504
55790
19465
30048
2607
23871
91358
80988
39887
17664
57367
59733
16492
19816
43485
58231
46726
63062
78504
59104
9070
43290
5173
59894
7404
72059
12391
33240
74921
68323
52329
14567
93320
84964
16889
74305
11191
3104
52411
79639
48169
38880
29889
11954
66080
81620
45560
70609
38624
72284
80924
7251
43393
69410
34418
56989
29062
17585
70194
4136
32676
54316
13184
95066
88028
2958
46961
90363
99054
74134
12470
43494
13175
93531
38978
19230
15851
46409
5146
64136
42222
84867
86033
76145
46677
52121
55777
39090
19776
98691
38883
77729
60557
53980
71067
36817
67814
27683
84125
98728
65339
59812
35105
93274
6492
38056
63965
6748
18180
25403
84711
50495
27747
46485
49094
55530
47501
68244
49219
78867
88776
39167
77405
6092
90381
51206
63529
38483
89512
56492
65635
47175
81888
4487
36008
1185
19089
74405
12546
84580
86475
77710
72016
9159
37174
79755
72471
52695
37208
30234
70255
34467
32230
93476
14936
35297
73743
27982
84025
25422
68433
49158
16425
29856
83576
10575
52051
59461
22950
96009
52402
43186
59510
88523
84617
7065
5485
45508
51459
88599
23881
52768
48194
41077
97294
55808
44867
13450
90610
89866
11564
10602
15824
38965
39707
93329
95469
73508
63447
93848
83118
1081
9333
7438
97446
50852
95597
58408
78751
90406
88205
43311
32334
87391
84476
31165
49842
11301
77677
53742
79020
61310
42460
40308
65409
56574
84189
3568
15278
1468
31974
42350
89155
38343
29429
5549
62745
65980
94239
37168
38819
89695
71079
96277
28696
37909
10672
4526
71573
5167
2515
47974
56568
1838
86448
22028
75013
22422
47663
89975
40214
74030
38736
79276
42066
26560
64026
26859
37723
22242
39591
78010
13849
28150
24570
9470
95023
68265
59073
54493
17826
68671
84672
62729
96189
58695
42750
70984
26890
84659
83814
96848
92457
38019
73963
56720
66788
79062
92789
32685
52378
88611
60099
13825
40412
97172
78769
99854
15333
56757
86591
58649
67423
95493
53022
8393
11841
67228
54758
29294
75324
23157
81638
48774
15613
18302
13007
6153
8188
96610
83518
47068
31681
88993
16047
86789
81803
1630
18589
30906
85917
64982
43754
5692
15543
15400
27799
54072
60798
21253
43705
93985
58689
15638
50449
77875
22135
47223
89448
96552
1783
882
6571
42563
18369
74833
3043
74769
49106
61390
99549
69214
81562
78736
95740
27195
27393
88172
51127
23038
57184
12861
54966
14133
27317
10206
48722
48066
57755
88044
73292
50370
97410
14386
60407
14094
55753
3122
33341
90299
87085
52427
21106
50647
81058
17557
68259
88608
34131
89936
20923
74173
47413
22922
78898
1673
97220
72349
34278
6843
13276
4960
45688
38196
71933
18067
96348
6308
31092
18430
2524
61426
11747
13480
32966
2146
81446
13910
64179
53229
8973
53086
92225
45292
88566
26212
64750
91605
8136
19266
29722
90980
38010
89005
52726
27463
23694
99955
96067
39798
22840
24982
50831
74146
24766
88990
93354
92862
46448
20438
83127
79825
43827
70875
49384
35856
78400
73411
76182
45432
57621
68418
65549
13898
52845
10584
37278
18293
13700
83423
90287
79471
71222
13563
81251
76133
17115
72178
62012
64017
80729
641
66065
38413
55405
63373
37003
77924
71628
32267
60184
73203
74933
27274
24372
17362
79255
27710
13428
73377
97699
83610
61631
4496
44065
87711
41453
34430
80784
79630
36121
8768
60129
95472
3934
70569
69642
25608
82825
30933
94999
4593
7245
74863
33939
40729
28608
6403
32523
57932
21296
24964
50675
82007
92954
83533
22733
60154
71097
67389
19898
52878
35065
41993
88697
95969
61658
94980
11100
20209
9568
94431
26096
1102
31516
35029
45939
71052
91849
16507
78318
36493
73002
19977
82084
55610
65555
4758
65720
54163
29545
49305
45905
12339
56257
51056
6391
437
68668
39802
5918
12922
44190
87540
34592
41971
25129
71689
57428
2018
77823
28949
79892
19639
45524
86850
25373
77515
42878
76575
15622
50245
19855
68625
69584
14710
15949
57468
73862
95633
16007
48527
5594
11109
22391
78232
29657
9125
19053
70698
65839
26520
4291
15915
54767
43863
86484
55365
44425
63492
2463
36698
21753
66413
18033
51346
22828
99482
62583
72532
47284
7352
50983
41837
39420
86027
98655
14344
45017
25943
33814
99210
92737
11631
30192
76355
5558
87861
17975
89298
66422
85758
53705
87784
74466
89597
42838
64713
76072
53522
3699
28663
31617
59916
59653
33783
98310
16764
98606
25174
87021
38501
84202
42780
22599
17475
20966
16602
92600
75153
31382
60749
28290
57444
852
6647
46186
11808
39829
29935
84223
27283
64917
6122
80356
47098
42814
37964
89170
9253
33243
62317
24814
36057
49796
20310
17396
53113
41724
73740
37415
50751
58869
82096
55710
52927
62119
29807
44968
32380
38340
74561
2491
87925
44587
97892
6275
12980
54023
9995
59092
73603
33860
69916
16352
42765
69135
56406
58823
46573
8893
53586
42115
51444
58921
25983
52002
65506
46595
62711
101
76368
63358
61850
56077
85273
82795
23469
74262
46491
58436
89304
4068
3327
33317
75278
81077
24668
53727
65226
73072
27756
43897
32731
44950
41324
20749
53873
69159
23298
48511
9827
70768
74341
11878
33155
31226
7703
26523
4239
20740
23850
88456
43390
68284
79902
54834
61075
25641
26053
54148
99341
48673
76914
28721
59333
58155
29123
62208
62
54157
40687
28708
38260
64325
95652
49576
36103
44156
40122
58063
79606
75654
38147
94184
97342
98539
2256
70887
78095
49430
16660
73914
50052
4169
29834
48542
42896
51917
339
16373
14646
20667
54642
65964
30744
20569
89997
61377
49085
9250
32865
68235
153
80814
85892
29148
40436
32547
96225
27411
57074
96741
27472
72239
31360
74531
85923
80939
42536
6376
45188
96473
56653
13682
23502
45368
67740
60868
78226
43192
85413
1307
25965
31855
62708
17493
41385
61969
70084
38956
6473
51993
83146
86265
56785
60230
47318
11088
21933
27240
26725
80414
77225
11423
33643
5216
63755
39875
90339
85422
80176
92881
83213
38181
51304
52537
20408
1063
49592
56666
34989
36762
9440
7764
62687
1285
66166
94025
99228
65775
68696
32157
9833
45585
87989
59534
61515
37021
78422
71418
49241
20835
71497
61649
88187
83548
95981
5707
82667
91745
65903
98093
92121
92368
56611
39200
4697
782
87696
92792
55915
45746
35755
82236
6980
22999
19193
12555
41431
49933
22971
7425
50483
95115
49500
62372
66855
96958
40275
43274
27948
73819
86954
78483
80045
33753
67115
66752
5735
27601
48478
54657
39869
28998
2790
36558
6559
33573
12073
84354
61695
64100
9800
76612
22013
71110
21723
84348
23963
76868
57633
60257
6006
42801
62064
15571
5527
87705
82908
96943
97641
97190
14249
9672
19751
6821
51499
51188
86551
39408
72870
57822
15171
44721
30643
5042
40751
16678
83417
37705
68714
91669
83161
11969
50211
324
70279
28016
14368
73884
77662
25284
15210
16272
40168
18445
90113
36411
21186
16529
43549
54133
91153
60135
37644
14441
40848
95853
74723
36112
72809
67600
18848
96933
64618
47889
64829
46265
55506
72132
93335
34629
74061
44376
45304
24430
98514
87812
33909
44016
47349
49830
71192
34540
83085
81571
2649
83948
7392
11710
93305
99268
58918
76230
8851
86231
52033
76935
37482
40925
89023
61792
29841
2399
43888
38617
63309
81717
90476
74903
87562
76716
23746
44312
24058
83695
31012
27961
80146
43454
79035
17219
10431
74073
89881
60209
71015
24894
46006
26462
90564
34379
51603
34440
10419
38865
74888
40796
99622
59873
37876
62919
30887
26600
2488
91996
55591
2320
59086
39893
13599
7950
61124
47986
82593
75864
10230
43558
67026
24024
50034
46076
86698
80008
87745
29578
55036
12769
78080
22529
55179
99650
39335
21882
14975
48893
96387
90949
97458
89322
66593
56968
90558
67496
47580
48353
13062
483
98237
4609
36725
60761
48594
48633
50522
49228
97873
89719
12302
26676
50568
68155
90659
2506
11442
91837
74698
1499
97379
57105
80845
73722
37934
34650
40268
47022
54310
79593
5323
86985
2710
51319
24412
44632
53885
11915
86588
6714
13984
99540
3486
4804
12128
60575
77573
68815
78882
45099
96512
66330
59839
84650
6238
93070
55326
98508
96323
82654
93219
85364
84696
95871
22770
42661
17078
98993
96885
37565
80665
20142
1362
54593
89570
87543
49698
39637
19321
16361
87455
95051
42219
34012
46290
71723
5958
54853
87208
28208
96406
21018
81128
80832
50739
61118
37687
74192
76267
66111
52305
8402
43564
11536
56922
26166
91675
31028
99463
67316
20398
51575
22315
12668
51581
52030
80710
30173
94684
77979
45408
46366
86216
73139
38428
99610
93055
67530
63099
16318
72129
95206
23932
25089
84708
40781
66462
72223
28046
40177
181
39667
77591
36838
26243
1337
78653
50168
91013
52186
9861
35697
92069
67203
93253
60752
13752
47992
84553
36564
18757
48624
87998
78260
24262
33762
57557
80164
45737
68830
64835
25370
56299
47269
49372
91898
93638
46763
62449
45286
40476
42399
17728
38093
99653
6547
18702
91111
8729
15448
45234
27356
22675
25239
84549
28980
27805
15745
54523
16901
17606
76899
7731
1484
51017
97248
23597
58329
94874
33295
99235
34553
66962
33826
33912
48987
4532
52256
27219
93839
31559
96467
20115
47440
7132
77396
81366
24808
39850
92252
51111
89603
27720
22449
22620
14945
88974
45313
69224
80875
80384
53809
71219
7828
40152
34269
76984
11558
25577
94913
37870
86152
86966
4120
31199
16874
64731
31809
3446
95301
86225
91541
45212
4007
72022
20081
87186
75138
38382
2448
52463
61783
1743
54267
49885
82358
46360
71796
78418
79883
1606
63917
53205
58820
92606
15882
95896
31916
97336
53034
54490
11249
10859
4059
14173
79435
27524
64600
35373
93396
84687
41257
41340
64646
20865
32248
58942
67981
10291
73673
10822
65488
98252
75184
49762
62290
19407
67399
84116
96042
77546
57438
33353
18631
98172
29780
8210
42035
65983
29258
74479
76114
91587
89628
29499
71680
65540
727
19559
95865
23798
10169
42579
74369
45066
68192
55585
21686
12522
82309
59244
98624
20069
90696
4651
85230
54249
43818
24225
64121
94349
44816
95621
78345
43403
32288
49207
35959
46836
56601
35041
23020
13404
73615
35318
90204
17209
80051
78452
94486
94666
56479
64588
67759
29566
88334
21805
87613
95746
56852
86057
7975
4368
17228
40983
47846
63413
95109
44105
17243
17438
73273
75293
64893
55155
13703
1359
90958
21042
18918
52955
41507
19339
3641
16062
19144
37406
28623
65180
72968
82749
75452
87772
67923
60370
1136
60773
20051
24485
69907
52091
73990
58332
2353
6217
28791
89576
74399
21412
46155
5384
15787
89148
5015
28168
27054
70026
16742
98685
9311
5137
73362
90995
35679
93491
49564
88743
52851
46372
40363
88648
34397
51050
9348
4590
43052
81821
5539
60972
81757
99939
38370
68497
30845
46842
48792
24134
89173
41269
99848
13431
35511
17313
22379
51810
61759
52967
87259
75818
46946
51377
48768
66645
57132
89289
60700
24296
20646
75770
30222
45273
61188
92963
18802
74488
19721
42936
39029
24457
4777
94446
16160
82612
51407
43174
91446
77137
40232
38563
43046
96879
23655
71000
43064
50144
1883
27387
88093
3339
77109
17328
39438
56672
84287
55533
35401
66483
10059
64927
83661
69632
34125
26905
51890
18827
4508
26948
83756
11377
34702
55170
53077
68619
33924
19071
63236
25766
98835
88492
58219
53351
89792
66932
35831
56226
15592
53788
20823
41712
21039
85502
56052
84525
23002
2033
85886
81952
46433
76191
10544
82782
36860
95646
79377
36271
65259
79676
77115
24399
58341
99827
24747
54508
214
71589
92655
15186
25675
72986
28190
45762
83201
10251
15305
99155
42127
39646
9272
70170
40699
92994
88157
79422
85877
69697
31061
26981
56894
22300
69251
16285
67191
75736
46430
31415
14637
87809
93564
7148
44843
24439
84324
72318
27598
62836
16263
19013
43216
85251
86808
25446
71433
66840
15766
51829
7752
28083
85138
96122
87302
92164
8506
25696
79749
16987
33109
72269
79642
96622
49363
41309
10889
71482
85456
86530
73105
94062
1554
34516
30387
59662
28925
41034
40387
20765
26810
97489
14017
49979
96988
13669
68525
37632
14872
57459
82288
1127
12214
84171
82432
65372
99518
52
62357
78019
45951
12159
47168
77326
98441
32465
29386
78959
81299
72956
75712
8918
85297
53412
31504
50089
60035
55420
44095
84159
3116
68226
74354
11261
74088
30420
90040
35575
2869
82572
31278
41913
82203
52274
72388
26005
61359
15122
33167
58594
73682
81485
71656
76883
50406
50181
43763
20044
46808
6189
30701
31101
55485
98087
40555
53757
4703
5713
26578
19547
27778
87192
88865
18729
86118
4313
81458
43366
62098
75260
78989
56363
66822
98975
54511
65082
31376
85618
73835
44983
72797
66684
99671
66883
86402
15104
83796
95670
88703
59052
14802
43674
54816
12659
86973
91880
17685
85105
1426
84308
6467
47074
26764
27573
43796
33530
22742
40619
63773
42945
58661
85807
84623
49521
27994
18049
78528
20340
22275
81189
12433
44486
34659
72690
57026
26548
68015
79807
300
29786
65070
22587
75709
27027
75409
27262
33362
61365
28382
73789
25193
59769
39612
12473
35486
88733
32367
67264
29993
8002
19068
11500
16388
27939
87519
54749
66431
20475
25629
35682
72907
87275
67649
90485
10709
51838
13529
97526
74988
21238
11738
9412
58371
24305
16419
33838
28092
12916
87739
16187
13544
58201
51777
33512
78635
38230
59858
15842
79313
90500
98704
18934
18592
50156
78855
18311
47190
49012
71256
63053
80256
96921
58103
9598
76255
94626
11014
94272
83390
55451
55994
51154
43357
83140
75910
18351
88801
60993
62809
68921
92011
47513
11008
85239
73511
61478
62662
37391
6534
97437
84809
65561
44782
93046
52881
24167
88791
1700
63483
95682
53843
4386
79178
32395
12385
98868
31122
55308
49878
80903
23447
95185
38248
63736
69034
35962
68421
8890
52756
60608
36408
56870
36204
83838
48710
28760
43653
67685
8414
84952
99354
53214
31992
62626
89786
70112
92765
69141
96833
79001
21332
55652
57325
34095
18238
72205
37339
82346
58878
72931
23859
9986
37534
55027
57050
20105
69782
67618
60236
47703
22602
62333
21735
5787
77527
61081
43250
57261
16434
55558
58957
10947
22175
5051
72919
19129
69675
18555
72526
67585
56836
50477
70502
3879
16810
36078
22068
3162
83808
96119
74412
87366
39329
57987
59513
5469
73258
83869
67484
58701
5683
95850
64380
83735
88889
51417
14792
99558
42951
63282
16755
57929
44083
76813
99119
5109
84244
79410
85438
21546
85373
95719
38477
26471
70145
96692
32569
8655
65763
47059
76944
28354
23563
63599
25342
29551
8286
79880
46216
29770
36713
53772
82483
4078
13767
75745
51566
77869
22855
16550
1819
67014
84415
4862
42521
95936
52601
80625
43879
51896
75922
29987
12360
90687
7636
22483
6562
99473
66343
18851
35621
47120
44767
99103
33466
56519
30112
96268
42237
55005
78980
84946
55018
45533
48273
89225
31653
72785
34333
59528
19010
36286
89530
18900
38651
54700
58744
92273
86146
41202
16095
6904
72825
45780
32642
94462
60071
78464
39570
69669
10242
38666
73801
42380
18256
60416
3714
43372
21363
64390
5396
20609
30896
64512
71946
69886
28077
85740
86905
73841
71976
98618
88068
35261
41852
76645
77836
50593
45472
46888
5497
85465
12342
48813
31669
24704
53138
85962
47303
31339
87378
35779
50876
53766
58848
66315
80796
94727
29340
1294
18625
85169
25568
47327
33973
3797
13163
90076
66987
52314
72468
36948
22641
67182
85355
21622
80246
93244
14902
29133
57496
33661
46335
59043
2591
52820
67051
79334
79465
12412
23078
64692
82892
39097
56415
31089
60105
47489
14679
58387
70130
77479
18873
76926
82013
74946
16300
17862
48871
80976
91129
53925
21079
96149
80314
69126
59324
77234
94697
23194
61884
8112
77945
25095
4621
86838
12510
8820
72895
61921
7963
95380
10019
22059
26374
31742
24689
60532
83658
69532
10965
11945
43693
30625
98755
8793
48572
9754
34046
84421
90018
87955
59403
38025
9696
20319
17252
56946
39655
34498
15473
25333
62501
94498
89683
44339
23578
83298
16929
5369
93546
37851
28229
28824
3745
49552
36609
46317
60593
59720
56586
56305
42905
17573
14203
61997
20524
562
27863
51740
58454
8320
10328
44507
50727
33948
28568
39469
23896
48655
24592
70795
2109
60859
10062
52665
10315
20511
47815
71396
76957
65006
71479
20212
40915
23813
66706
21055
20710
10093
34208
35618
73975
2436
94910
55256
78089
95917
28129
26798
90626
31302
87882
742
1163
11753
97074
98542
66153
16309
21406
1926
37546
37015
4648
60285
16831
13791
57096
30732
67219
29157
82380
35505
23172
80152
31574
81647
25709
63218
53559
32386
99363
65201
96775
75855
84107
15387
7013
36356
7557
1597
99216
27671
81046
80777
45893
8579
30320
38401
28177
60068
95099
19172
30552
50666
85154
8783
77179
13874
66013
42740
7059
30753
56193
14838
62198
14264
63624
14686
80869
59153
12574
62452
68027
15033
67631
73288
89390
61905
5292
39853
76505
24479
27903
56980
11774
41276
16163
27649
64426
12705
23459
86274
77015
24033
4892
78296
87830
13956
93512
28113
88764
13013
20539
72077
82166
81662
44138
21375
15891
32203
47461
80069
95673
72745
17881
71006
59549
36759
12006
71760
48429
19806
72275
8439
58625
27335
32810
91532
8387
39106
78708
90812
91770
10798
50693
87232
75205
57212
82813
60248
34784
14045
89078
19785
76322
99979
97623
17450
23685
48154
92853
63645
94938
42673
86179
97754
40607
2967
60315
39490
61728
39917
3803
75068
75821
23432
38166
8741
70398
30927
23383
87604
54331
58936
63825
67859
35309
83313
41645
42277
40009
51594
88758
45035
51258
97562
20228
53580
80518
38688
943
31815
58991
76127
74549
54899
1972
11588
52063
62983
56177
99192
54740
75647
92808
36802
70829
43912
44492
26420
52283
61554
150
86533
4310
33252
53168
3440
60489
34940
72184
98481
11390
34919
94452
96793
89048
29511
87507
50388
57343
97950
23615
7667
97916
66526
28586
95530
76386
75168
46979
14457
47547
27894
48243
60303
64353
46982
38678
35334
56095
50919
24787
96366
89182
70832
79923
6696
74683
43628
75638
60734
47449
41865
48975
54957
36329
14747
20728
3895
8176
53342
83478
63089
43125
98523
75242
23133
24079
67746
94953
21067
97422
86939
97669
48667
86377
41749
61292
74
60920
16086
96689
61738
48057
64905
81409
20875
13083
42725
45603
37092
41791
70469
88718
90128
37714
70151
20508
41959
29117
92832
38752
72339
84452
13129
25184
63788
22693
83912
51233
21705
25416
1236
31849
64078
25055
42319
52012
68976
94230
23243
14432
37153
51029
85123
32905
52576
64335
43604
32404
37992
2891
53608
1709
5668
98899
16080
22956
28376
66477
16028
30527
75025
94764
44025
43210
40894
20859
17518
98118
98859
9885
48407
64243
81659
24958
15012
92402
13053
754
20615
93778
26035
6037
33750
44605
64524
96906
4715
809
80301
9482
60956
20029
50092
58024
93815
64286
43519
70063
25635
66007
23972
46921
90644
23676
99329
87323
39579
58988
23090
3943
92463
38825
97223
20990
90903
44117
84986
3537
54346
70002
4328
34760
96656
70807
86091
97605
58259
64847
56315
65748
67295
46634
19413
2906
59827
35846
32776
11142
31485
79307
4987
50623
18998
48133
37220
24994
15159
88401
14399
5723
25596
80900
71692
44169
31217
85001
27973
75684
69715
76059
87766
78818
10261
38080
93995
11619
79117
71378
51981
8664
74552
60279
69269
42307
66779
8774
5637
89234
19568
72767
6382
67508
3226
46686
26606
69468
26706
71451
28968
73588
30283
10935
66269
79029
54358
45826
64560
60502
47938
72062
75532
6592
18775
13538
52778
73246
66507
19712
45340
72394
93345
72834
74015
4276
20121
29416
36191
66205
70633
52891
28678
28446
25849
73035
26746
15555
72489
69947
99744
60193
62424
31965
39527
25300
52338
4422
98819
6763
92005
93403
68482
79719
19660
99491
65094
81199
53061
87049
16779
94608
22043
94825
21460
83677
18339
97120
15586
3858
68659
19431
17988
16788
44932
43860
54783
78208
97281
77006
88413
59281
83683
12290
75284
86307
24759
31049
19449
49604
85145
69687
39939
58487
9476
47803
33548
54422
5622
31876
15458
53409
47953
53016
80295
68787
66727
8085
69440
89362
70655
47248
82767
47681
59305
13358
28718
16849
22458
61149
15955
2619
68540
63569
5768
94092
96055
95438
35032
48288
94745
33890
47608
50226
30655
7538
35740
30762
67545
46171
25895
32453
21219
24799
91901
85975
84638
16700
18165
91300
83060
48298
20902
86438
22794
21921
89917
60932
27955
80494
8542
37980
43635
96018
33378
1432
24088
40720
6205
23206
31724
95295
86124
45990
84601
27183
52158
79770
23099
66214
15430
20032
6809
30329
37912
94816
79270
43009
30677
50178
71189
18219
71763
32096
13245
65589
64890
92484
40586
99061
3187
974
68302
65052
21695
90156
12613
70313
84858
40333
56284
18454
16034
51426
54441
60169
39673
95160
23929
76822
16019
7929
54126
56049
55439
68519
17042
7908
65952
51545
78611
26368
39246
30533
45871
20176
56888
67133
33683
4676
39686
29230
61765
16456
32575
62519
78278
30839
2634
59256
26819
69614
9873
4966
60886
77268
16813
2976
37305
55713
86942
46042
49732
2378
13855
40674
65656
92081
21088
58567
18271
62406
48319
94059
82313
43842
33533
15665
16205
58359
6968
68046
43088
30869
95350
35245
68458
57743
23838
80485
78998
16474
58539
73853
34858
89267
52250
19098
36823
71207
13642
86289
62021
99781
47950
39295
36899
96299
36866
66733
96158
67627
50821
18509
86332
77042
83277
13938
23166
71518
48176
71470
64945
85209
32984
22336
71174
92075
75120
95383
45643
74158
39386
72046
14335
89478
1273
64771
78776
2479
71155
92985
21662
60804
6254
54474
19159
48884
72446
84318
65037
48081
14164
46033
36316
79548
73563
53196
5402
35868
1017
91578
40345
62482
55732
62256
71744
79856
47767
68982
99863
24888
25013
49509
71448
28840
90836
49283
71775
95810
52198
17566
98877
21946
63193
97761
18113
61667
29169
44385
98411
46549
9534
29175
77121
92429
123
25028
92505
11213
44147
290
79291
21958
7529
22284
39768
1038
82459
95075
99421
25886
1825
14487
55048
74106
13498
99006
1798
88471
70322
97092
34226
85853
55243
86631
23588
28571
47153
71952
97022
88349
36377
99384
77802
15528
15320
35053
82541
3721
75779
37372
62980
64396
44886
36252
87381
54828
49863
33841
81788
74189
51078
88276
51902
94129
98581
97675
51282
29395
77912
1322
24650
56428
9382
85270
5262
71320
57728
72410
81434
34778
2756
58054
2823
3019
61139
26221
96253
15809
63532
72858
62180
66388
26154
76478
92704
7847
24827
64362
64069
44074
8906
15192
64219
36771
50297
33600
76801
32166
35389
87836
56135
5967
28812
80805
94108
10193
10050
77445
6867
26023
97126
66291
37464
50071
27161
86326
44538
97312
26658
93598
63428
61878
90717
64237
15534
89405
54972
67374
87092
52997
58637
66977
46271
15989
71134
15403
74622
64032
18146
28415
19864
37598
57035
922
80082
7126
90732
87031
79154
92319
43079
31696
32871
46586
21097
98368
40998
90912
44419
48908
23426
94785
32612
39182
76780
54932
73630
21155
42920
64499
76420
71387
20801
16733
69562
824
73658
49668
92350
96137
82187
40650
74277
69358
2335
43165
22556
27298
89396
791
26410
65043
69303
15513
18396
42615
42402
44898
58854
62348
36045
36918
25959
22202
2665
58426
18412
42545
41492
51536
1023
60495
65729
48462
2173
98041
96760
27485
35221
61222
66926
71564
50962
10456
31565
43107
63636
52479
7621
8735
91324
56818
45679
15754
25583
16251
79862
16248
54587
15058
31940
64878
62610
52396
20282
25724
98649
57862
47785
25998
39719
46253
3666
1386
10178
37363
37183
30353
93876
72596
83893
35096
4194
59968
32200
83063
88166
41123
20276
18055
83005
64802
72605
31925
92478
39948
54841
1380
82868
10483
36634
4081
83725
73230
86072
62146
13572
57389
92353
66868
14695
48700
63105
13862
5744
34507
96665
15696
87296
76691
29969
11603
33271
48261
71906
2582
6485
65415
36088
28525
34763
45002
69498
50815
382
68946
99433
57657
94043
2689
41300
81034
34189
77332
91559
38492
49964
29038
94709
22181
97468
54712
29209
22867
19455
94330
74991
77097
62165
37427
96637
25687
44751
59070
5777
92560
18003
55289
86765
41688
34366
95609
67048
1853
75431
84733
17386
56205
78110
93088
91523
74775
8674
49820
44654
54328
43580
95176
44541
14124
21991
22989
74918
32114
74338
98566
59342
14286
61396
36475
99720
60892
18534
1569
87845
96039
5375
92182
30689
2128
54792
99695
33008
73304
74732
89533
83619
36612
17289
45612
8719
61545
55768
74128
14966
61237
376
3348
12815
24616
50120
4206
65250
22965
9662
30253
92249
11905
25214
12198
84876
18268
52082
35798
58603
10215
68705
97208
55390
18613
67173
15867
69578
26459
70966
14899
93662
19260
77775
54395
25455
7700
13556
33338
67457
32764
40516
60218
90989
40073
69318
7743
45029
91483
26081
37122
79218
47587
45084
17106
66037
72416
30338
46415
54020
45719
89420
2402
50745
42139
50458
21656
7050
17096
91916
78553
35126
41007
19581
87101
7990
85865
1996
77286
63559
77796
94675
39216
8277
75171
98404
7236
10138
84369
14402
41376
90668
98719
90525
71149
36438
75882
6888
67344
34632
79093
51383
93650
18839
12784
79236
72379
71235
2622
32697
1545
22370
54215
3495
36393
63572
32859
10895
56803
63205
63929
81107
82422
2244
67917
63675
25937
30301
21833
32667
56730
59369
7615
99305
77881
70853
82673
8802
1508
66254
8045
8292
62211
78583
37894
74952
70173
9137
17191
67093
88215
10642
37665
51850
34604
132
88077
91727
15363
53693
6446
57285
47791
76465
17142
79575
91822
19489
35346
72248
71537
26349
99338
98673
81168
38111
45966
7416
62269
58616
98768
92621
30433
40870
65458
28022
9656
64603
21427
31131
263
27829
48566
40815
29102
74448
60044
20579
87961
31522
82956
38315
72196
93625
70136
32483
4856
76652
56022
81501
45926
62800
99766
57834
2671
15903
68650
4838
58008
81846
72168
29688
15876
71369
88932
47858
3028
64658
96232
34733
54865
4444
31052
61316
94141
61899
59559
14518
34620
29474
79728
92771
54099
25498
97709
33866
4938
49988
83970
3138
8323
55799
73536
27616
31461
97559
65400
89039
80399
4737
46225
58787
60474
63328
4746
5948
94159
14304
2695
11066
4142
21769
36014
34522
62958
89826
30668
29462
9290
75916
8939
36176
21616
76001
33564
69602
96509
86295
50556
24103
78473
25062
52079
1316
45493
29532
44874
36988
99579
10566
60715
96619
91138
516
3077
15738
46128
13236
73938
66916
23337
27042
73050
57853
2219
62272
51655
87177
60618
17914
23789
90635
87250
41895
79957
78910
46113
40778
67991
12967
11298
15113
23533
6815
66492
66178
49622
81550
63651
2799
84504
72971
54456
19034
55628
72120
96174
6583
98737
69108
59568
65329
79972
46018
91092
63147
7480
59015
8198
39905
39271
51069
47333
50516
8570
63837
93805
65522
86994
86686
42093
80372
82923
16111
28422
68168
69089
83710
86350
49994
64768
65815
31888
88138
48108
21436
10355
5286
31769
86667
53480
44706
61533
9098
92640
10596
40116
20157
91495
55085
33625
89808
626
95926
36939
8161
50532
40980
43335
4285
17457
61500
18985
58558
17487
57358
68189
13392
91788
14194
53599
60019
98926
37443
907
70402
17652
26279
93485
2805
10718
43787
32752
94031
13602
12165
69706
87592
46552
94428
15833
47675
62931
97846
12836
9296
99085
65473
39017
90702
83405
81519
22388
56791
17423
38172
92325
63398
30271
6525
53126
35193
27424
14066
96082
86860
79453
15796
36796
39734
55332
22541
69343
72217
25388
61628
40809
72501
12177
59455
9815
48853
63974
41886
48130
92817
60828
48459
32078
63382
19883
70228
71302
85096
2277
50330
44617
40952
71662
68995
26322
75992
17505
5243
58033
7575
96079
44462
35721
16666
73465
95
66590
74204
27146
79557
80616
31592
7343
10639
25516
64539
56778
30512
16935
45817
78351
7294
5826
95820
41602
4886
79386
95313
70923
27082
98398
18207
12049
70902
29624
41678
48993
74823
52454
10508
8942
85495
27820
67908
49833
15992
1905
99585
58802
35074
79819
74979
86829
6083
11353
41028
59806
9586
68378
33991
19611
95832
99412
81522
82966
83445
80198
15922
35709
3422
52268
61805
56104
51105
56241
26435
54462
22629
30948
89060
6348
14148
37607
45258
91388
87314
60987
75055
20795
51243
91813
88859
69175
78824
20353
87473
67783
79349
50956
51398
94773
41211
98935
38450
62815
42856
88303
19312
80442
37116
61432
12150
81385
75840
60624
22718
94373
1612
79209
89646
48932
12101
23325
73942
71558
42582
32322
34488
74967
77070
44831
35529
91068
11258
99592
29343
49747
28852
71521
35233
22495
1633
24674
76236
81315
11432
9076
83362
55726
47425
6983
21494
64170
62998
56595
24173
11683
50272
66892
80118
8878
12070
78568
72364
81733
15653
71354
2546
47370
50312
46909
10621
68738
39985
49405
99943
82718
75388
47529
91214
53629
66669
29056
84730
26294
33393
49076
77787
24064
34714
64487
13282
53010
84537
63022
96595
89219
28345
21274
23960
18653
27884
470
736
28882
6858
97477
13785
25782
77469
49122
20469
77021
53455
69809
97165
41245
42026
59189
13376
32136
91623
93448
61460
35254
80890
36786
19663
46866
6046
80216
81339
13675
29719
96192
6669
22098
69840
44913
67246
67566
57123
29905
88398
65845
62043
16123
81980
91425
11973
12323
53531
22419
80472
90970
3312
47355
81897
52530
12275
76639
71341
38855
45051
12055
65235
91401
73423
98185
43299
27784
65165
13749
86493
70813
69953
57776
78949
76755
16404
29755
50718
15223
80542
51484
68635
36960
17927
59220
80427
81925
70737
986
32917
25776
39206
78309
54615
43445
68754
44922
78513
17188
52585
97715
19593
45322
48581
75879
36039
18796
28510
6623
47773
69825
70661
78373
26569
19629
92667
7483
7773
97776
21027
72645
52515
32035
13303
61973
44278
43909
9446
49146
60001
51529
74521
36261
69874
73795
11573
62082
11469
86612
4828
12015
9897
61838
65012
49238
44578
8643
93827
23407
14582
99030
52106
29612
4618
92383
52546
95508
11188
96732
80677
68863
50235
17624
16236
70746
84406
93958
55576
77601
34974
78159
21579
43262
24286
85685
58548
89335
6363
898
41312
99509
88813
45463
79682
95002
42627
78385
36445
80643
36149
26621
73710
15641
88913
25046
50705
6168
67865
78022
94016
26508
88382
73356
94718
68067
38645
49619
71406
93015
65830
35141
67511
82386
60395
57715
44733
66053
69523
57276
5619
4926
90149
31186
5353
11826
41086
60084
81305
83844
97251
37226
30076
29087
19278
7959
3281
1175
64478
90583
94303
99073
83826
46702
89811
82215
10499
68567
31473
24335
15934
22254
72736
88236
72757
42322
65732
63468
74000
8143
81852
91755
86796
79413
53855
76853
32023
63718
63035
7712
29642
95762
21128
27253
84073
95353
30594
44855
74573
59598
92826
52649
13346
44037
97358
69385
42295
38126
90223
18949
58463
33045
91889
44520
96763
27662
22126
9787
58655
61573
81247
61985
57999
39158
83622
69626
48963
97825
81605
15705
58512
53565
82029
61609
68793
2915
24903
13627
76749
68772
28537
63279
3992
20322
39695
22306
58146
25245
75358
1212
45792
39728
89878
12565
96705
89737
11023
11799
93162
57731
9516
76871
94162
34992
92331
25464
21811
65128
69559
11152
17408
61719
26398
46238
47532
87586
58396
63703
73530
54606
17676
88849
75046
23212
18152
68763
71732
27848
16175
61405
5610
11786
82755
59232
19105
10386
93708
68805
7306
57175
