1922
2776
4710
4784
1346
568
887
4362
2981
476
4006
4652
3646
2431
593
4615
3357
3229
2249
987
4761
3833
1854
308
206
3806
3411
10
1588
2385
1934
639
3240
2304
3557
4814
2448
3473
1693
1426
1706
1942
1984
191
1323
915
4918
1834
21
4027
2701
2924
1067
62
718
4576
1780
2564
4338
936
746
1804
4900
1104
1523
448
2630
4513
2793
1020
87
299
3948
3079
4138
2038
3312
2468
4867
4154
1099
577
4501
3266
46
3926
1790
683
1039
2901
3933
2258
1689
1666
4951
3874
2995
3793
3345
1758
3051
2017
3913
1964
3721
1847
1416
947
4887
1240
2854
2914
427
434
35
2966
4668
3507
1373
3470
1056
1272
382
241
2208
4839
1995
2618
1283
4977
963
151
4129
991
3737
1260
2534
3584
2843
54
2497
2765
2099
3362
2193
2864
4529
670
2609
4537
2366
2355
1456
951
2571
3404
3290
268
1567
3028
2654
4088
71
3485
4645
4879
828
222
4742
259
732
4936
2729
673
3689
4181
1339
2270
2952
3531
2395
1230
4385
3550
181
3084
1792
3909
500
3104
898
2216
2416
3192
2732
3031
4317
394
3275
4677
133
2674
1361
2059
1551
4493
3006
4447
4724
1383
326
924
4795
2317
560
3655
3396
487
121
3145
3896
2378
4097
3184
1178
1391
1248
3435
4353
4296
360
4350
1651
1630
1165
1953
980
1680
514
4623
693
1132
4639
4556
4392
2600
2163
4733
904
4686
2159
4048
1821
3096
803
4037
3962
4141
764
369
1502
2328
3852
2509
4375
2896
4605
2490
2745
2688
178
539
4854
723
703
4221
2103
1205
3448
1129
1196
1744
3825
290
2181
4250
274
2713
4970
3112
1619
3259
544
4902
3159
1160
2810
1592
648
4544
167
2345
1314
1912
3043
2543
1047
4438
4240
3428
3592
3748
3628
1819
5000
318
2883
3664
605
2338
1297
588
1646
3783
4476
3716
4844
3527
4598
2030
3708
1086
4773
116
3985
4052
1007
2281
4287
1467
3610
3162
95
3815
1473
1307
340
4985
879
525
3451
4829
2406
3373
4167
2455
141
3520
1220
1077
854
2646
2979
831
1354
3212
4326
1633
817
3323
4108
2062
4406
2083
1440
3677
3775
2237
3975
2695
787
4698
1608
2790
1188
4585
2873
3769
1907
2228
659
4945
2636
3171
1144
4715
236
503
1575
4207
3611
420
4261
2942
2004
1112
2080
2831
3567
216
3125
1876
3694
1401
2119
1482
869
1548
3841
1516
4069
3753
2130
4751
375
3016
4175
4199
2582
2560
3881
3959
3571
1535
4925
4412
4801
4468
1971
465
3243
4305
1445
756
3302
2516
109
3332
2479
2939
1887
2300
2136
454
2142
4457
3866
1728
4566
1861
3637
772
17
1268
2667
625
3991
3494
1720
3299
3137
1739
407
2174
1765
2812
3202
1027
4213
4488
4273
800
2826
3386
347
4077
3061
4112
2530
843
1893
4018
2044
2425
2272
619
4256
4430
2753
1500
