20273
4720
25908
31994
81
25916
15706
46679
21076
15937
42212
10769
48078
26818
34781
4777
8816
42591
14695
19770
40365
46196
25629
22197
15420
27126
29752
48458
18136
40102
31078
12882
2176
8475
7137
13143
161
15972
37050
45983
44545
22162
46227
47797
13280
6812
29586
6215
1308
36573
7691
22951
38279
43131
48606
29482
47756
26810
13288
32120
18245
24755
7326
38048
31351
7706
46842
38868
17371
44462
21361
3234
33649
11472
5129
35988
42861
44079
39353
38454
16234
43067
776
31855
44527
8194
28920
6238
6740
30010
44446
47696
25387
23629
29088
4804
48417
39159
25608
44996
11345
31608
9342
43599
48070
7877
44027
8175
15014
20450
29871
38653
33477
13598
20153
12642
14986
44655
42104
25719
16015
39649
6357
4899
3776
11660
25736
11197
4528
2036
22103
13843
38637
21703
2688
36646
26662
13314
23214
19536
27962
9110
25564
33983
47956
25615
47072
4921
33146
12859
46460
4748
45652
21506
35624
31096
17603
5108
29133
39603
9066
27527
28191
23261
26244
39611
46891
14911
20240
14147
13563
14457
11695
3208
5033
17321
11617
6894
46601
45766
33721
17586
35567
9583
18575
28739
21088
14884
22284
48203
27625
38213
23726
48832
3165
2459
38952
37558
8869
44397
11863
45011
40868
36600
16855
46653
1804
9049
25242
19788
11048
9641
36622
6803
29677
25434
26148
41662
22312
33333
12705
48195
13172
2117
14008
26119
19552
5607
6461
27590
15848
2953
40568
42238
34771
16277
14254
8440
39725
44733
36908
2442
13721
29072
41970
31867
35074
5748
30845
35192
35262
14635
6003
9200
49430
26030
23284
14782
40479
22942
41488
29230
37305
19852
14860
38007
10729
41051
4685
32300
29430
34673
36246
33017
3051
42446
9144
29282
8536
25670
12880
519
19452
3116
47710
1267
31295
11997
15551
29606
29777
27814
36359
32801
12085
38894
28034
36271
6528
20006
4363
9311
48215
11837
30237
21441
11033
20400
29627
49692
42034
45073
7743
43404
23301
24311
20150
48113
6537
13086
15072
40735
31141
2929
47992
38227
46097
47187
13544
49416
30500
15563
17196
41521
6835
43163
20936
1636
19607
4108
4474
9414
48533
28222
46438
1905
27173
27167
10399
4194
37926
29647
35950
16953
40146
31627
7093
38268
25130
39074
1561
42425
36004
28319
42540
26623
32166
39019
26507
29436
30886
22217
13814
48469
30895
5289
49585
41776
32424
6449
28568
8313
19710
41793
7192
39664
10422
6098
32790
23827
25536
6472
48909
10567
12897
49923
28795
34710
27230
30283
20075
6455
47220
48719
27298
3934
27117
2668
2604
12360
11408
33297
23594
20632
43279
6386
31910
11852
24334
39415
33248
19549
27149
22843
7451
37224
37023
25521
5599
25892
16707
14356
10619
30736
39043
46999
32973
45105
24788
33761
48987
43267
16408
26474
40485
42759
47240
42241
29828
30530
19361
11084
43177
4392
35451
11605
9789
6377
4981
33684
30167
49558
20017
20862
14866
20980
11489
18757
19521
47649
2640
2620
33579
45740
25956
14777
46203
24349
49381
40679
34603
33912
29194
2373
14808
29404
11437
18317
22410
9935
953
33101
48086
12768
33046
24526
32285
20000
26092
18442
29514
46952
22637
46714
40685
26346
43084
17392
2364
9800
23655
48678
23617
24439
4761
49106
6307
3818
9487
6243
24563
19210
35351
14972
32093
17441
12279
17075
33849
17759
5207
24714
47477
29851
22207
27265
39037
27923
48504
20540
41643
26038
26687
47400
39814
28418
13886
27367
26465
37955
19883
21660
8387
42811
18410
41990
34153
1844
42571
34958
1177
36121
4642
12984
12822
23649
30338
17547
43569
29731
47291
35293
17774
283
29670
37232
32660
31118
43447
26978
8944
8025
22898
25786
48011
43421
31653
36417
10210
14231
10698
8918
8745
16839
31423
6641
42719
42562
44869
8584
2091
2947
25263
1612
13839
14837
39306
37005
45119
48565
35595
15183
31019
9279
44188
41976
43590
21274
13270
19248
30082
28681
23781
14390
44018
38253
24903
46287
31135
15143
13352
45345
12548
17267
21497
16509
44777
35854
12591
24643
17823
38668
10253
22507
41605
31057
4468
37911
14612
18763
42342
2566
35917
34749
13245
12815
3824
1938
48247
142
8695
5234
29268
469
29207
24250
45519
48185
28112
11806
23761
23356
19439
17858
23801
43758
21384
48443
45144
23343
38361
32053
8359
13614
1351
34539
60
20424
13918
19314
21453
24679
14661
27346
8626
28148
40406
33431
27808
6266
2245
25194
2
20829
10891
13004
41500
21311
1587
28296
37110
11663
19076
26447
22025
37659
42319
22651
26732
20249
24441
26557
44372
38721
26421
33667
39559
15877
44973
38492
25644
5660
32380
3359
7689
5851
14019
48232
44423
9426
28467
29867
23119
6936
21958
30872
7007
510
37650
48169
1156
12468
21001
13361
8901
30320
16047
11628
16561
23256
4787
21819
11416
18870
47831
41811
37764
31563
36210
26726
19614
39208
35930
3444
30266
29456
14678
20383
14931
33964
30832
17362
34250
5489
47039
18676
3650
7844
16617
5118
33500
26638
7560
23223
7665
14898
21949
8265
20736
43601
22594
19280
4183
21734
35869
3158
23487
48745
31885
27762
13103
7415
6844
40587
14718
26862
29964
47638
27288
30794
23687
33585
16752
17893
19843
974
12337
41894
3570
18645
44668
13187
11879
45994
49254
9159
35888
39957
35026
44532
39673
34899
30248
11585
30124
14380
34447
3371
41330
35575
36449
8980
39534
7599
36698
37098
35090
31702
30613
11071
32834
19024
8339
27234
5184
42333
28124
24773
5349
13642
17009
12862
34234
342
15336
43454
47158
815
42922
8420
8323
28867
3136
7651
32045
10349
48
44889
4458
36945
13949
8617
36219
36669
24398
44166
17659
47493
43250
16594
40577
34015
40239
35288
11463
34577
41541
23061
2294
4303
10923
22069
30260
1859
4668
18496
43224
25550
18584
15810
31063
31778
13433
22413
38776
10668
46811
8686
9887
27620
39972
42554
31989
48884
37397
34137
41907
36559
7773
46143
26052
39431
2886
45577
12250
21232
12568
22858
46683
13343
17298
13624
15094
19295
15981
17663
3579
37075
29218
7276
9607
18177
45554
25797
22446
11051
37963
18871
46763
9615
10622
37217
34806
13462
24228
43693
29108
19149
2025
43792
24141
9867
36513
7107
48775
23667
9911
47738
28745
24798
44051
37175
19214
5369
39927
41933
47986
5520
49285
1771
6859
40375
92
13852
47721
46357
2315
39829
16337
5091
2717
36995
21221
26771
2219
24257
13939
49651
36815
41712
24885
30131
19376
21424
18389
22927
46943
41622
7641
29993
14963
48356
19828
12620
22753
9127
27784
29177
5806
49776
22437
37299
14119
10015
16343
45203
46515
9627
6705
42399
25052
45281
3193
33005
26066
3071
21346
44039
21352
32418
19069
10640
21904
19970
19892
47846
8133
37867
12760
33175
49505
4203
44848
36306
13909
23673
46129
10105
17428
22628
5280
16372
36017
34714
13054
37731
3022
9171
35305
18061
34498
8124
15943
46279
36367
31490
126
6698
1092
45963
41025
280
13785
701
38582
18027
39443
7020
45589
17800
36326
28948
46189
23372
38193
43071
40066
10267
2903
29903
15307
45881
18416
47269
18503
33820
14306
34162
7343
40304
18783
3458
47440
12551
20189
44271
46322
24836
33312
12151
35663
41558
19
4860
48659
20299
37264
42745
26101
44875
2846
15294
13032
7909
4003
46296
23975
7943
12406
33782
4215
18181
25457
6182
31128
5582
7361
32544
8829
29496
28388
3859
19869
23993
39515
13442
4287
46575
42119
12653
31379
3725
17597
8809
34998
24100
3945
4581
16517
11127
45196
36829
9981
34668
48267
36049
3869
28658
16726
47304
36170
35654
38016
21978
27546
47254
27598
47043
45626
39055
36432
724
4134
10407
36896
15322
49894
31040
31635
22748
41745
35323
12420
30358
3989
21210
18546
8715
13132
35732
3513
4238
3612
45971
35691
2253
5739
38854
24491
40551
14740
26212
11234
42808
39684
7757
42939
47683
39286
12131
8227
27688
16152
24939
6870
18696
37888
8759
8423
4703
39625
16089
49723
45920
7802
28519
32566
20566
5719
11634
562
16387
38250
38157
46413
9310
47829
5008
13610
26705
37682
10308
33742
10596
38462
37600
27027
18120
32023
48584
44794
9720
43689
36068
12499
49051
37247
17936
49813
18380
49752
4023
15522
48963
12526
11202
28977
13518
33487
16251
24584
785
30379
6633
38881
15725
19585
7267
32732
11155
34638
43281
35166
26296
21518
11829
31800
936
6063
30091
17145
8170
13457
10335
5536
9993
24454
588
47194
24355
46552
14208
45752
17643
18264
46641
742
5878
16482
47609
45258
12198
48221
4691
41442
24064
18477
12963
24721
43616
29960
220
1447
37118
10952
25208
15279
1207
45821
22831
153
35001
29398
26221
40227
26262
34556
33794
18775
25582
15401
3762
1429
37165
3554
40995
17309
42710
28609
12021
31209
12122
38688
21856
37435
34267
17151
24701
29412
20281
5579
39103
9337
49573
10984
5298
17054
36966
4868
36861
39002
6913
29477
17345
42652
17469
37850
36739
33512
17559
40445
5953
26012
1767
15813
17214
40934
40432
29528
29709
5423
24694
7740
24532
15906
15137
11915
14791
29096
4877
11161
31617
3106
32399
35872
8494
47533
38735
40764
42275
48900
32828
32795
13170
49648
27108
49943
43114
21607
7985
20659
45878
32088
7396
49471
12450
42505
10579
11005
32679
46961
19423
28922
12313
37206
29345
2967
16436
44672
14068
38472
7784
26340
3972
698
8519
19236
36608
36104
36347
41770
11381
46245
22130
31675
45940
34862
30639
7605
5173
35703
5047
31670
4738
30988
28055
47860
15066
24024
41109
20469
27915
23560
18090
31543
11532
22916
35766
13012
1883
33413
10889
36490
32898
17386
42945
6719
18947
22701
33774
11547
36236
40174
7511
4503
44307
30788
2749
48337
20684
14446
48650
8596
20577
44954
32741
9447
32154
11496
16889
18999
858
16646
20321
6550
36136
11924
39916
26418
17110
329
8954
2462
40319
10903
6223
9501
5906
28379
43638
21570
26392
41852
43360
7161
49825
27512
28757
8019
31318
29618
40850
18392
39550
1104
13804
49439
27877
23798
28583
12934
38564
25705
20910
36287
4831
27211
35779
41085
37012
31554
12056
36539
14921
18607
33123
38442
10174
45957
38770
25934
8707
28022
27506
47910
10169
24958
43670
42180
14824
41144
12299
18686
18706
1320
10872
19330
36792
9260
32929
9765
35718
40801
44761
14702
28840
38186
45675
489
40941
33857
16665
45464
36974
12061
23919
4372
8271
31157
18197
36638
27677
35370
46233
19448
36469
21215
23928
42186
6482
22263
40781
27610
21157
28003
21248
6392
37354
49978
25403
22663
2794
37758
37812
4726
32033
3148
44149
15088
39580
2121
19658
45231
19877
9112
25107
8851
35752
17687
22468
47065
4908
17209
35503
46499
24233
32873
34427
13332
2936
49082
9005
29448
6617
11355
19477
43438
41590
16980
10950
15053
15964
29311
39496
11280
62
42852
4841
16584
9081
34847
48696
23510
30675
47614
23464
10772
31533
3714
21393
19100
5466
31928
26085
48852
34227
33657
43972
36406
47407
13753
39097
8722
4230
30719
30393
17528
13956
48177
21900
35203
18715
32944
12725
30655
6000
42952
44417
46506
23693
28322
3064
25176
33156
29116
28000
6676
12795
38578
42067
29149
30623
2062
40116
43769
32271
33373
14875
24291
6977
33391
17783
6592
3742
986
21718
8898
21868
16532
7239
40331
19057
42028
8249
41466
20171
36788
19643
13772
33948
19805
47574
4514
16782
21758
40667
38338
23771
1555
24666
24993
19748
45412
7937
37192
3953
15531
22875
8075
6072
43508
34699
16001
9394
36541
45432
41912
10189
22904
40014
11365
38920
27500
34820
8297
32688
6662
23452
3528
5683
11941
22478
34885
23035
37375
25821
33527
28246
8484
11458
45838
477
17167
38053
45293
33309
20710
31382
24077
16849
41271
7529
26841
5840
9479
47326
457
5419
20507
25745
18891
5053
27033
237
41373
39844
47411
45430
25228
31226
42885
48868
22864
20359
44982
18110
37795
46370
38236
23414
19907
41034
47626
27376
26362
7258
48765
43412
11709
13866
9824
20847
12230
26800
10035
22677
27956
14646
16910
12539
43908
45893
40088
34113
10128
23525
26326
27701
48954
29558
5304
21804
17037
12240
30694
43946
16764
48847
11214
35141
25007
41652
40497
15474
12841
37153
16128
45028
21175
23935
19771
37580
48630
23386
332
14408
19933
37613
42916
33280
21537
10978
18808
19465
44098
42626
14429
32969
27822
24543
21987
46174
26911
17579
1978
17809
10805
17251
28669
24485
4812
11553
18073
252
15210
6568
1047
25492
29564
32366
12177
33269
46760
3423
12781
31966
47277
9960
15825
33558
16736
3039
48758
32122
9852
5761
34791
14469
3508
25817
47225
23159
42493
34838
36651
46422
29767
38978
13750
28478
2074
5195
13675
25397
3992
12806
8286
49802
22117
22800
39144
18009
47561
27259
49294
11907
43337
44382
28771
5068
14901
36683
22184
34125
43122
45356
48430
1867
26618
1005
196
6624
47020
13024
6208
12914
29502
35230
387
43094
40963
18306
42406
6415
30214
20342
25513
37722
13209
13764
15993
1287
7248
12632
681
26758
44935
36529
35935
41694
30918
40792
12386
47919
30515
2771
22326
27868
13128
32352
34362
38102
42511
26836
45492
44239
5263
40137
21747
33230
21103
45214
41099
18793
13990
6286
3388
181
12484
2349
6942
47114
1525
42261
48935
29653
23043
25983
41309
49007
7044
40191
29363
44132
39866
46869
20951
28086
48409
34400
40416
39509
40714
42354
12098
1067
3905
17246
25506
6510
30181
5016
4171
47936
35618
48690
49123
31466
1961
32490
13979
10495
27402
40658
24105
2988
4152
20800
22817
17693
34354
24274
31325
37085
30056
19185
37346
44498
14811
41572
49770
28444
1664
47506
34524
48551
32818
1626
3396
23317
19759
41993
6771
7175
30329
15888
8236
33759
35093
49407
6345
17437
48543
1334
44904
29598
9635
22684
35232
10277
7026
11683
32589
16576
9925
33405
34101
18514
46851
7959
26258
42986
49749
12209
49543
5030
2150
22178
39161
42722
26876
49070
41367
23562
10830
41158
11297
45385
46691
36474
48395
48476
12255
39187
47654
33188
48305
2804
20479
41834
32601
15439
22356
48484
8147
3965
10520
5863
45771
10709
49489
44642
18166
22822
12034
5393
42829
13041
45644
20725
43970
2280
47680
876
18625
5845
35842
29130
29168
35062
406
27138
38093
13402
5503
7625
16428
45373
46213
42798
23958
5700
3708
8367
6687
21019
44359
45524
21923
1090
672
18212
28524
42370
32696
10686
18558
2356
45563
15224
14435
25686
7491
42481
36884
43291
6830
33039
23122
1609
45313
27192
5382
21698
49347
19301
28483
21644
30030
22806
32889
15613
26008
41565
27100
47484
23249
20316
20852
35387
34949
47861
11445
47927
25016
32476
3263
24875
2471
45597
33680
15453
9726
870
30744
43482
8303
6017
12679
39245
6981
25214
11092
12400
10839
11754
43494
13532
26717
10438
25167
5814
35972
28212
25258
29633
1742
6141
2515
41359
39191
49376
25425
33330
33880
12282
593
13927
26169
43218
28274
9942
26493
1642
41511
31783
38822
43252
9440
35482
15494
18093
9363
23884
11849
31211
23368
42046
37945
7316
14411
13291
840
39486
5477
26926
20611
34345
46534
14490
48798
28188
38627
36771
40076
35412
9017
24764
43828
22091
39216
44292
46915
27897
44690
33114
9224
20643
26999
12301
47944
22400
11785
14522
8504
2546
8558
38411
29984
32464
12700
39086
8053
22588
23874
33510
10366
44173
11646
8008
21377
7221
495
18224
42666
15676
23601
8158
37185
26201
13373
31281
39939
49845
18424
21685
47178
4671
13656
17186
15503
17730
37409
41871
32506
18017
38064
28893
46442
27051
43956
11150
47422
25312
5726
24657
5085
35055
36493
45809
12578
31917
33547
7914
44361
15421
40534
9165
34878
48136
13711
34256
32984
28342
13476
657
25290
10734
18432
9662
29700
48980
29378
7073
27903
3301
40952
14298
37621
37533
17679
26378
13155
22275
47091
9553
6154
36030
1946
33698
19356
20992
44625
43577
37325
38834
48914
45121
2558
28252
17273
24184
17615
23864
19108
3461
18055
39316
40157
40983
1592
23842
43392
44697
30906
40976
38178
8458
21790
42899
17739
43343
18886
13393
14289
8785
48736
44921
48993
19169
6759
38784
42153
21763
49207
10288
7206
1259
20917
14495
20266
22783
39522
43928
49163
34643
14757
31411
9466
32338
46035
10502
41066
42611
41594
6325
34485
41243
36702
48725
38138
40214
33214
32613
37363
38379
24599
38680
32001
36953
19512
41457
12214
40709
46726
48369
31722
34739
39879
20522
39222
18569
9812
16364
37694
7799
11374
49680
40610
41631
47284
48806
7488
13099
27189
3672
8968
21270
7288
22133
28637
37482
31435
32253
36080
32851
4961
36196
28650
8768
23586
7856
16604
21888
32267
28159
44574
11722
17562
33204
9758
6499
41863
49616
30201
42432
21792
35837
43738
4538
40595
30068
42547
19578
3592
5242
45749
11677
34821
22489
47056
49567
15372
48613
25091
42003
43320
9353
10329
3347
1708
38149
41013
25321
2538
1145
17968
4622
45540
20214
28695
6403
36844
10755
9289
25412
28013
36748
40525
2694
19913
45069
24001
43389
44483
21544
23432
6279
32522
46904
20208
38616
30425
29577
14106
48098
44451
37255
9218
37827
12327
33809
7566
422
12734
36583
28501
20028
16190
37932
20876
15798
10007
34762
30411
37583
27448
8794
18636
47367
2332
24843
12426
19631
17475
8394
18976
5629
30723
40262
46117
49135
13682
22338
22034
5800
49306
47149
8602
15009
46921
27083
49862
48513
39989
34989
46264
38553
28544
43023
16141
12432
20035
39068
45060
7157
34458
38550
30112
33164
8544
32238
21253
49114
2736
31183
23186
36730
21723
1926
41958
21029
21462
414
27631
7612
46587
17719
24209
30156
34581
41706
49456
29833
16028
15041
13221
22007
11712
1507
20594
1369
34023
15786
18369
5355
17844
39271
5950
640
42974
25307
9656
9511
17049
24213
6296
49271
15761
32062
22765
6902
25866
3478
3327
45691
30474
10814
8086
44712
2622
2013
20487
35726
6334
49956
31174
47455
22390
39788
35103
25080
14554
39385
44860
24746
37790
28397
31270
31691
42650
40519
21285
10714
24466
905
16655
30079
45163
38022
24038
18934
18358
31838
16201
4097
10218
24982
6728
28098
1999
19413
32532
12957
19199
23392
30225
38201
20496
40615
2382
28240
14248
11062
3756
29722
3277
32992
45458
19948
18670
27730
40629
46343
24164
12713
45948
10470
14214
13425
2701
44434
24285
38932
48704
27070
1015
14397
6431
31824
23092
38988
44607
26433
28304
11303
21671
14531
21586
553
20087
15737
40833
33344
21436
5318
38077
24941
18856
13413
3000
20818
20839
32248
38532
5498
48285
9527
31643
30779
31769
48151
48124
38910
9401
14139
15252
39263
49033
17418
35033
40204
45160
47355
22728
9459
16074
434
37610
5779
35798
46335
43708
35044
39858
4616
36294
19951
16060
38524
29804
47466
44199
1760
33599
8256
40278
49836
21166
16420
30362
2761
18050
43918
2207
1835
10529
18126
11965
7869
39370
41433
19037
29934
4656
42766
38501
32648
5073
18822
31588
15163
24813
36562
43541
12046
14583
10314
43532
14368
48105
35787
19722
5752
40255
39899
2428
43528
1435
11776
31049
3872
3086
2863
28078
37479
18342
9032
9052
27843
33971
20057
1221
29041
47881
16108
25370
4291
49682
44518
1676
36855
43851
12610
47522
39902
40043
16530
11326
35587
44225
3331
739
40880
9543
32778
8579
20122
18207
31408
37064
35462
32178
23205
8635
22301
2579
22452
44896
38756
30594
12926
36338
27012
6316
10787
9269
27205
13492
41181
40543
173
18960
39457
46042
31600
40925
43326
33887
33957
5132
14350
7833
39126
32706
4352
31716
1191
36400
26900
45783
25037
29543
17128
32760
16323
20373
32500
5452
6037
28264
2858
16686
49024
28908
20405
49854
11423
42634
37311
1880
4639
23710
27669
24477
27360
19289
11791
49706
17360
17945
950
13111
6579
36767
46744
8994
32512
40905
3492
16480
34752
37992
17537
10456
25336
15033
33358
22223
22535
25068
34922
14506
27735
10244
49146
34147
49735
20804
48522
41802
34546
6800
27396
24160
16988
6121
38341
18964
14725
43889
4412
44634
24019
20899
11027
884
15632
19175
19111
10099
19562
2724
37873
30550
809
39711
12517
26789
43053
21485
33132
35650
7403
24041
12505
28789
16097
43477
25658
5529
5152
36760
47385
13668
25081
35819
46383
2398
41236
30536
33025
42077
27553
37859
7531
30932
44282
547
22614
1038
16924
17484
32322
43982
33094
46396
46155
1542
20942
18328
22492
7084
1572
42199
1532
34514
38698
35523
19088
33361
2581
14084
19408
8927
34186
1053
26455
40636
25351
25271
41045
26240
38321
44724
16945
24303
25777
4267
45131
15836
14959
24915
34284
22982
26525
4490
30855
27771
44741
11818
32720
37034
4166
44153
30192
26821
4555
27469
41349
19228
34064
28370
14658
19014
34563
35343
37711
24515
40822
45842
42832
24688
7818
11107
46883
400
18294
33622
28959
49630
48032
2004
25972
8216
49782
27007
32868
42878
39596
1079
3661
11139
35477
18920
25878
39737
12682
7441
9972
7338
9495
21822
4976
1682
3838
24372
7825
1343
14596
8469
5706
39177
19347
1711
23003
27073
16466
43378
15249
10660
12269
32215
34278
5440
45723
28536
33452
38315
36141
24128
21473
21200
42991
913
15851
19686
5964
33715
7900
22574
23142
15023
47742
29848
29744
45443
31954
48296
40006
34859
17092
17705
19930
28429
48371
17112
22245
46782
44068
8664
44269
44558
31528
3783
15778
9295
28203
34214
20751
20066
17023
2485
40505
15383
41210
46030
8376
5216
17235
7549
48002
6060
49875
20194
31196
4567
46544
6995
20984
35532
24323
11251
36251
41619
9832
30808
37549
31688
41427
44587
11767
8849
38810
20043
38962
1516
44948
27575
29534
8562
39568
1481
25884
44759
10111
49534
11396
7352
11284
8107
8040
19050
40429
24135
12345
41671
7673
14571
10351
5927
7294
30443
39809
11516
37459
17768
46105
8939
34978
14000
38436
3689
42054
32387
34313
43847
42530
18149
11576
46082
661
13529
22254
32345
34620
4242
18741
22019
46259
26137
11268
28104
26931
14625
6365
35825
18722
17336
24962
47803
25965
12162
2401
44471
5150
39776
18926
33893
25133
21619
15592
34000
3100
20228
8408
35520
4448
14519
43644
39469
17319
19732
2526
5893
1417
28576
27475
16118
8346
46801
41390
11881
1453
3653
4601
49193
45224
35965
30575
40775
8655
4259
37897
49100
46012
18490
14849
15712
6254
47516
34180
15311
5634
7889
21639
40915
44828
33706
49328
37705
2915
49071
32189
6960
28626
45270
43630
16915
34075
263
16932
29819
42287
39342
23475
29239
36989
47088
16700
33619
40037
29014
43995
23275
27335
1386
303
36802
14200
1900
21091
20888
21139
2050
10483
37137
23324
2813
33634
22776
3006
19268
46521
46705
42777
32410
18540
139
21914
2198
31241
6109
26606
48594
6765
42161
31084
34438
6196
15589
29921
29064
21663
15101
27714
40749
18255
48321
12777
17498
2221
34659
44045
20118
34093
49633
11249
7634
35425
30822
37987
21595
965
42602
7308
22567
44599
19698
615
40853
8875
27315
43512
44813
16810
17519
38991
21039
3014
4130
22649
6083
43003
14690
47818
31574
39298
47336
31476
33869
24422
16166
29299
1162
26955
21401
20676
12584
49352
29715
29360
37743
26543
27488
32761
25441
35679
40293
28675
35332
10799
20969
34208
46738
3406
20664
28286
48633
13073
32668
25754
4798
3890
15468
536
34386
1726
41178
32441
38518
39997
32320
3898
19399
9748
48494
4883
22053
20629
2417
13505
24578
35550
21119
46488
26317
16779
22693
34054
15151
8202
45276
1960
10157
48818
13706
19599
25475
18529
46465
1236
49331
991
49469
42457
41131
46319
3130
29256
23426
10538
24367
49019
21064
27889
32302
6782
42295
34404
13215
31362
34379
24178
15920
25698
35805
49915
7976
42414
44219
8776
23104
47345
42089
36912
19381
41071
26352
42904
380
2103
2503
35155
4084
32726
32554
2057
202
23339
4273
35892
39399
25852
38595
11931
521
15688
3257
27421
45034
39240
25341
5567
10073
48662
16066
15490
27652
28454
26046
26487
20305
16744
44336
45049
28986
1825
28710
30439
11185
22231
39254
26381
31400
23137
5259
49447
23943
222
36120
43050
31443
602
39376
37806
25142
36155
6922
23545
1734
38405
42095
39968
1120
14339
12475
42229
40169
47445
12380
21186
19834
18598
37444
38384
21300
13198
43209
756
40465
11525
8671
41289
6171
16309
10047
41826
15264
10479
359
34478
49935
48346
34723
32229
46621
13065
9208
8062
39139
3173
11014
10962
22146
49398
23636
7717
12368
9701
5675
44408
49173
797
24631
48942
370
24624
25022
49666
28437
4040
22545
8091
15290
46773
19715
19985
25467
23812
38424
46824
3489
44123
19155
20163
31731
13826
46567
41532
9371
46135
1795
17951
7474
4345
2236
4384
20440
6136
1401
1461
29332
2157
16878
34502
23494
38112
37340
7145
9803
28969
9678
31025
37388
30684
5980
38717
30753
4401
7966
39942
41686
6023
43891
11565
20716
17501
40455
36315
36612
23082
21871
17087
30033
22556
29798
42138
34917
15626
39119
32203
43142
5881
16634
43773
41480
49997
5663
46052
37528
19819
10300
21047
6559
26511
46938
40696
36455
20786
24732
3920
26589
21932
17923
23740
23076
40360
36086
31170
14548
26578
21630
19979
7995
3223
45484
32015
41254
7184
22378
43677
29242
49245
4491
45363
46065
42965
25998
16713
34627
44831
38701
30344
12458
26073
1497
23855
28493
18035
34469
34964
3370
23015
7729
3803
35996
47313
16132
4323
14034
19484
16674
10866
45249
15365
15754
9540
23906
40900
49312
23983
26944
1299
42121
41889
6167
10601
45714
29035
45504
18842
4920
30820
9188
33463
35956
9849
42675
27431
32940
32456
17013
33733
31104
22965
30382
39837
10553
24503
30767
41199
25768
36715
41756
47715
4332
22516
42252
3545
25159
30997
20333
34688
20746
26284
49187
16819
12108
40819
5828
36934
19796
2649
42467
12670
32633
7052
16247
39745
28049
22976
43192
37636
34934
32102
39762
28803
5542
38604
20542
44350
35271
28614
16442
19137
75
28843
45635
30568
12974
18233
25112
27976
2263
32955
43711
30506
29154
23835
37285
8112
5161
7035
3440
45688
45005
36185
4064
26160
27947
27567
15693
47106
48028
31337
20362
44108
26539
3211
35123
928
48874
34331
9893
39422
28855
43657
33901
27250
39753
49521
45092
38482
40323
8529
12835
449
112
28724
44805
35215
24894
48259
20260
31894
10546
3582
46981
9775
24851
40648
43014
11744
16034
12748
35434
24868
41334
31310
39402
39635
15746
29912
12079
44503
7216
18287
16213
21335
23742
37838
44916
37060
16396
11599
316
824
30951
28061
26600
15926
18837
21776
14094
10056
25943
28591
43232
45325
18158
30483
24082
41398
31234
16555
43935
32596
3534
48923
24822
47024
3243
40384
11988
16892
28338
10915
31519
42684
47597
43465
5788
35398
4052
33930
9134
6965
43105
15123
48319
35750
36921
17974
20929
15215
6119
31844
49225
13634
17746
27981
32078
44008
3693
48279
49793
13303
7764
27416
24608
38741
35137
5620
34295
34198
25597
49888
23896
16292
3187
1214
7926
14998
13559
37566
35375
16225
31460
6746
46637
14277
27750
24384
25298
48826
27645
44246
37465
37661
32917
38950
28360
31801
43879
36390
17865
41166
14946
30707
22719
26986
35174
39797
38393
27273
15233
27385
33933
26172
26410
13880
9731
33086
22883
17409
40391
2184
34040
18656
47124
39708
30408
30280
41732
25728
47249
45797
43746
30460
9099
36422
41402
49715
17905
27533
42330
28933
23443
4760
6046
10413
23969
10225
28827
18337
10087
2327
34050
1140
23235
45475
36223
33388
23052
43787
17811
17286
33603
8890
3281
42374
14313
49984
22075
46378
13231
14155
40282
47664
2433
35013
38820
3048
29947
38167
21143
43815
2759
17876
26273
10846
3318
9600
21053
19253
27456
39022
37420
23172
34005
46473
42383
43729
3795
24613
24404
38299
32630
15954
300
23717
2833
42016
27791
40760
33059
24119
12903
15352
33072
15662
49592
6605
45620
8046
18982
31499
13582
45904
12945
35447
1272
20780
45301
2680
1819
15191
44085
762
7589
15513
26680
15651
3849
3296
11954
12015
4595
28890
8184
41118
14744
33823
2598
25809
44314
38082
6428
4421
25185
5918
38794
10024
10672
36835
3927
31817
17177
31743
7580
10390
37497
28553
42783
5332
45669
11313
46302
16459
32572
32200
6885
39652
622
46872
16312
25580
38360
48148
13962
31278
29027
2309
13390
33446
25640
30947
29325
44788
49231
4958
4041
15896
33567
5448
30976
41922
3629
43555
26748
30967
15604
30102
30863
49364
47779
1371
12183
41318
18277
26885
25928
6516
14071
8835
33429
42147
38305
35639
20101
4545
49497
26
5936
20560
4078
46073
11980
9330
24801
14123
573
45864
43807
24419
4999
40181
29978
26641
48435
5230
899
10444
17920
1027
34
31875
27833
29310
4943
9902
24923
24552
16626
39321
6658
40249
16793
34905
21560
18903
43868
45176
19339
9681
21572
20134
14168
1391
4015
28714
40726
14188
13489
25850
13900
32435
31971
10590
1478
14608
26304
37423
5329
37121
2285
21845
11893
23751
15180
26851
2166
47168
26761
48046
41214
10134
46009
47378
22422
25560
23511
29390
8643
33068
24193
4313
9694
49520
47968
14763
38032
19130
7470
27303
47785
28164
16286
34594
27855
103
2823
26122
12111
843
32131
31759
18458
14327
36878
35186
23292
7430
38877
4828
43310
7113
26566
34321
45395
11507
10198
34411
43837
22361
22298
40346
5372
10650
26909
13575
35407
2492
4572
47010
19671
44321
21995
37279
29787
15648
39333
22349
14226
48580
47899
11113
28409
14177
2085
7432
21969
5407
30303
27698
32149
4146
31508
27160
2977
38843
25673
13692
719
30642
42479
8989
13259
1917
10061
35497
23540
36504
3411
30662
9575
41263
17069
33834
23194
14042
40029
46975
15862
16543
17631
19510
28820
9029
46668
21322
18000
49215
12623
27932
17228
14266
44202
40123
30176
17623
2140
21837
10376
45409
41507
18816
20698
20583
24262
7374
36265
9569
28132
14054
6589
35601
9969
33532
47880
44561
8443
41848
10233
47207
33281
8736
29052
2656
49041
29461
13736
7122
42588
38648
15575
44710
44962
26194
10933
16962
38126
41947
31937
46407
30019
31347
15445
39475
9388
10145
16869
36037
243
49607
23409
7061
33251
43361
37906
12002
30463
41419
22939
28879
4119
24058
5982
17138
22606
29889
3734
10854
46599
44257
25231
26691
47545
10741
24978
17452
1656
28180
22048
1981
39586
2790
9079
16175
45853
29686
13321
36057
43039
21302
30147
48385
20420
49961
21125
30610
16500
42309
22521
17832
16359
31255
43154
26186
22083
41723
39695
46796
15342
30590
15394
9878
44619
41222
27326
36678
9240
14563
35689
27759
32850
23028
41297
49903
33231
11339
17890
33194
36173
47979
1330
19500
14028
1697
20765
35254
42740
20606
4439
36373
35906
7509
37142
25837
17985
25481
14472
40056
44120
35111
42847
2892
9246
18618
16262
38282
15119
35245
49158
29896
1790
29003
5559
48052
26964
16997
19663
45182
30291
37674
49262
12995
644
37974
34087
35552
7390
47556
3605
31942
2877
45603
18737
21526
3631
11226
6876
41124
23168
32902
48786
28766
29183
15546
22994
47762
25379
19625
16193
1247
28992
45813
27048
40094
42698
22733
12143
37520
41784
20455
25042
22158
1188
16823
29278
20096
18470
45923
4938
10993
30927
34310
30558
40882
39881
42205
19005
43187
45707
45083
35320
37777
11733
46833
21415
45545
1127
5645
23574
38924
37507
45336
41004
31003
36092
20513
30042
11171
26655
46166
46618
13797
47138
47584
