3960
9330
7269
8763
980
1341
2906
4203
5517
1431
2731
877
7772
5658
3568
8295
4264
4340
9864
1934
7118
421
9821
1075
1819
2472
7655
9979
2630
1018
3426
8693
4795
7670
3029
3391
441
5701
3241
8002
4564
8389
3230
6430
4325
1858
5918
7834
2562
3644
9521
4769
4641
5168
4833
8609
512
5494
2316
19
6987
7091
5021
7714
1568
5055
1887
7205
5737
5902
5479
9459
5614
9185
8393
7918
2171
3107
1543
3335
4458
6213
6709
9554
8169
5415
5764
9375
6827
6612
4216
247
1668
3742
1722
6475
7223
1698
5933
63
3529
9350
6876
9401
1222
1653
8304
7320
1592
6848
5780
3121
8981
4311
844
3143
5545
462
4300
7148
126
7813
6328
6735
619
9757
6653
7880
2961
5457
814
3411
3008
7864
510
578
6724
2620
4559
7486
3783
3753
9793
9281
5813
735
8889
2155
1308
6504
7626
8474
5237
6188
5212
5984
371
7373
77
3253
7607
2949
2939
7197
4147
2013
3609
7053
9788
3908
7980
6405
4404
1069
9100
6774
6295
8422
4382
1252
6073
1269
3850
8316
9686
1764
6082
9124
4055
5953
8599
5409
6457
7158
2777
8276
291
6971
1106
2332
4661
8245
5019
9416
1181
6497
4812
7405
1035
8857
2150
8213
9748
3597
1577
9180
308
9834
3357
8980
1055
3042
5042
9264
2081
7741
2044
8725
3979
1322
8136
1684
2497
394
6588
668
8490
5714
4350
5383
2857
9507
4960
6395
8455
6171
4237
1611
2451
8051
2585
1023
180
5330
6742
8575
9899
5359
2163
3019
4592
2240
5947
38
1622
1836
2414
4172
3689
7027
7551
741
9479
4435
6122
2124
5678
5484
6276
5183
3883
4950
8742
6060
5565
7417
7381
1245
9307
1508
9036
4697
6064
2666
5973
3496
7631
3278
999
6763
1427
621
2254
6229
9846
5367
5682
1127
9547
491
2831
1297
1632
8542
2330
7366
8195
7497
407
5670
3583
4444
360
4631
1478
4094
8039
3704
1213
5527
6597
9021
9511
8336
432
7035
7944
4508
2402
9648
1207
8328
5132
4373
228
4830
2287
1752
6944
7123
326
277
8108
917
784
2275
9873
1161
6892
4969
6858
3158
1988
6374
9630
2805
364
9635
1373
6694
3100
7722
2267
4125
260
7545
9726
7173
1912
9245
8062
5000
3138
7567
5207
2137
8896
9657
1410
9717
640
7792
1892
8515
4914
2790
2094
8946
1992
6645
7906
3673
1559
9910
4363
5999
8660
5310
5864
2001
6812
5793
4155
6639
2703
5006
4900
9237
2444
6115
8228
1454
2606
773
6008
3389
4426
9466
1826
1514
7301
4845
5724
8584
8566
6904
1647
8832
1139
3613
9230
7860
3878
5422
9669
1941
9914
4256
9806
5336
1843
5746
9085
9012
8937
7681
5400
1381
1673
48
4400
646
3186
3288
9057
9593
4022
885
3929
7843
5350
2394
1493
2536
3318
9780
7694
8189
4249
6866
5886
8633
1005
6353
8099
4531
9357
6544
3505
4170
9588
487
6671
5445
4521
217
2054
6348
9141
941
9319
1315
3404
839
4515
168
2580
8377
3444
1197
3089
4905
961
9006
458
2038
692
5141
3054
4288
2972
9435
4075
7000
5258
9444
6911
7298
8201
317
672
9882
4614
3765
8641
4036
9935
7612
2113
6690
9494
4495
3474
7513
233
9257
551
810
4736
3720
5095
5155
8630
8254
5626
3329
3866
6045
9365
1155
4887
533
7280
8756
2023
8819
5266
1966
7576
9620
9571
6095
8071
6931
6834
5119
7806
9731
5871
84
4758
1528
9959
412
5840
822
1794
9073
2248
766
3892
6105
7764
9811
8917
2369
7251
5107
7346
3172
2377
4803
7215
1582
6267
1236
1462
7785
101
7187
5557
5510
8119
265
2220
6384
9339
7438
3379
6534
9692
3776
3992
6415
7065
6333
5194
350
5585
1789
2983
561
8028
8435
654
29
2062
4578
2689
5828
716
6757
8521
2105
7830
4933
2849
284
3348
8049
4477
4704
1871
3535
8787
7085
7596
9486
4690
5279
2816
2383
1118
8401
2879
9115
2558
6560
9761
2466
156
6484
3734
5604
8532
854
7283
9277
1091
1774
8413
6953
181
4781
8000
3726
8957
9132
52
4541
8465
5438
7536
5088
4982
6234
6147
5757
685
7050
7110
9704
3365
1290
1142
4004
2297
8675
5650
3990
1929
3655
6887
4117
726
7138
3640
3461
6626
6964
8234
9946
8880
8266
147
8771
7884
2432
3454
6465
896
1336
957
8508
5783
5893
2594
6306
2929
2889
7007
7243
1956
2545
6609
5223
2714
1809
9105
521
5807
9603
8689
7464
8803
3662
3062
3209
2636
6204
4486
4973
4867
3265
9983
8841
1972
861
7474
4854
2652
610
5297
1608
4418
8447
3118
9930
4103
8737
6283
3797
8861
9047
9966
7673
1045
9169
7704
116
2526
7445
4049
2511
2758
9219
1355
6573
6131
4185
3291
9536
4659
6017
8825
4136
9068
9424
3839
2766
8156
7017
4771
1739
9677
200
8701
4718
1366
5288
4724
6525
3820
1716
7642
797
3942
6711
5924
4466
5592
2870
6152
5970
5250
9995
8083
8921
4921
3969
3239
3073
1537
6804
1278
2306
4677
6513
4068
4355
4625
4587
2678
7360
1449
7896
5375
3549
4310
7754
7501
6569
8281
5860
2914
6314
7396
2489
1081
2792
8553
8716
7236
2228
9300
6442
7430
2501
9381
4276
6248
2358
8662
8991
480
2198
2421
5061
2894
339
3575
590
5638
8121
6924
8618
7452
3692
4197
6195
8795
6786
1705
1907
8962
2072
5848
3801
984
3216
7940
6166
6026
4
8343
2954
8147
3434
923
7072
9569
3482
8352
6661
389
2991
8369
6794
5176
5540
3937
2204
9854
6034
7955
3830
5032
9195
7583
1394
7337
8910
8494
3035
1863
3628
4608
2694
8173
3307
2746
9203
1745
6433
9155
903
4874
7967
139
7528
938
3512
9396
3917
4087
4223
548
3162
6364
95
5122
8019
5314
1488
4018
5574
2190
204
751
7981
703
2728
7733
4746
7921
3857
6256
2349
3194
5467
600
7170
7321
3552
1413
1174
5691
2647
2824
5077
