41840
73639
39042
10590
92249
9678
66208
32023
92771
92759
25745
39011
79279
18036
73826
88068
57093
94993
55686
72446
9583
34122
8069
27286
45249
18174
7963
95878
61408
23606
70765
47706
52601
7856
50977
88843
41861
28046
48569
55381
62946
6772
74109
30488
71689
75855
75709
14548
56797
81827
17170
32541
14191
60102
77265
28629
13382
50342
92511
76728
32300
69788
8127
409
72526
46750
90006
99497
92066
84784
44709
10209
10663
88071
73792
50052
9235
53080
51447
34372
98359
77637
47516
428
46961
62806
85212
49341
89420
42228
3312
95676
39341
53260
5213
32807
55872
50532
80805
79795
65702
52469
29337
25257
93824
61490
61387
34003
6223
48429
8048
31937
17609
15476
34940
67304
12937
52906
37308
16428
96317
12281
25376
69480
37916
27585
31992
73487
9995
97403
97791
84256
1380
52234
47641
3605
913
88147
14689
43125
65238
31843
17530
986
88007
87974
35413
9809
10257
66657
88224
9198
65375
61176
65897
70029
68720
91489
60361
11094
30167
79200
3147
98786
17582
69584
61786
70392
49418
66324
98136
71668
44523
94565
41703
49268
7316
57889
81193
88703
76432
4899
27295
38419
14963
70969
49906
10657
70438
10834
42884
99656
82642
87604
19486
7895
67423
33872
91562
20963
54587
50489
35688
21680
8036
58698
99332
84095
6244
71174
50181
38019
11213
97657
21753
44648
4038
50776
58442
73987
15186
67688
13077
24628
27640
13175
159
76551
81003
17545
54725
50724
22101
33906
58539
40970
65247
5985
8252
82447
3528
99289
15021
68693
25333
91675
66221
24741
44074
27326
26038
17838
28577
38089
33930
74585
14130
22846
29050
20160
47309
25498
78763
5237
67746
2216
39414
36225
79902
18567
27430
74445
18021
67164
28898
19880
57392
46424
25751
45136
74985
91111
66688
95194
12653
95237
60920
18638
45997
17997
22916
45920
12003
13303
46256
80362
98627
73612
34668
17441
49372
28611
68485
58033
86066
89423
34501
31229
2921
78934
97501
92356
34992
38898
41459
11796
54197
54398
58625
20258
95975
86341
14582
26139
69767
52564
67383
70560
56370
48215
68940
35715
45365
46003
26755
72199
15696
66971
54126
60868
12525
62378
86957
74921
23533
97376
95292
57798
7721
77024
67701
82499
79917
5347
96647
8011
4023
18015
42951
98407
98224
79270
7483
20270
5210
83756
88202
84058
30564
53834
50687
45051
2442
73050
90244
29480
55671
46354
13764
1490
93375
27686
19419
36536
29285
5604
2338
16849
63816
87510
64393
14615
97068
73151
56183
78455
31861
58002
29416
69956
57163
27726
98157
54532
90366
94105
20798
62092
18763
23072
89286
96918
74088
41672
91178
70829
5512
56098
63822
42032
98020
41398
89353
61551
95740
93897
88013
9937
88779
37244
29404
12693
16279
96869
75904
41773
89112
663
90030
45716
69745
87052
29007
85334
28315
37864
20643
7328
84342
65687
63736
55573
35343
40500
10715
35730
25519
96171
10611
98810
57566
7471
40513
59287
797
78235
3635
13428
98670
31241
22092
73447
28873
40531
2555
83072
19040
96671
2833
30225
71290
45707
77628
22361
98655
92338
31440
40149
26563
7987
56891
35084
62473
34382
86469
86695
86817
23249
35917
84903
68329
2808
67328
56943
11597
50089
78565
57325
90345
47812
62613
9363
61594
66709
92109
28840
52106
95533
26499
5283
37623
33307
21796
18702
23838
21995
33475
91279
60795
14429
80454
56016
43616
52759
15098
91932
20432
56305
39393
3498
64603
90506
26703
1728
99778
64341
60282
56247
8915
3400
89972
87699
69596
6437
75037
1731
64536
76331
3763
92722
82914
78599
30427
95356
78147
12168
97745
74344
43143
95215
50843
36670
6348
29062
28858
67411
59376
46323
89860
17338
96933
13224
25632
75025
5628
11603
47922
83399
72150
84946
65592
47962
33759
10215
31595
8335
26127
66752
98755
83439
10318
67902
87455
80924
6977
70917
18363
11496
15876
30842
13318
98746
48923
13938
25089
54795
36329
46119
4508
63288
43461
8344
22635
27503
95990
12308
34876
92032
77765
3589
63126
40735
81800
23752
57694
60804
33686
27335
82706
38059
66349
72208
11112
88968
29648
60981
28480
26609
25025
17328
29865
17621
47150
23484
19782
44800
8610
8738
59229
28519
88196
67029
25428
10013
93476
31763
99860
49766
85969
50278
43985
5423
35953
22254
12455
96250
26551
5951
60706
26093
93696
69813
94013
16797
91379
15720
17710
78840
13376
1685
24415
53571
86020
44446
92533
74610
10053
26636
54380
49952
42997
35563
44501
14765
61655
22031
6940
32126
62882
59232
31638
93085
37900
25477
14017
92582
80341
28690
52836
82892
69675
27094
66721
66642
97162
4740
64615
47092
33616
61377
98447
53098
59260
78208
42405
36640
93613
53220
84122
8295
97013
82618
4981
42359
83579
49604
83213
35141
27677
35331
15912
35557
26389
52781
82349
1157
70984
86417
4389
90616
62632
51124
32145
19263
8326
16980
32181
6992
39649
65482
81363
9180
92804
19520
71256
55921
25806
63987
97483
28220
66306
39231
74680
24604
41413
724
90983
73392
43320
1923
11335
6302
65223
48380
32456
80585
22184
28238
1063
9000
57865
87531
36890
22312
53406
89985
86921
76914
61341
4355
57874
85306
81959
76410
68915
41242
42661
71818
68219
25010
48292
76758
41977
25843
91480
25443
33234
23929
30277
90522
75986
15891
46384
69565
87592
10990
37793
28068
10175
6467
74167
14933
18430
8426
53330
74881
88654
20405
30893
57343
28809
38273
59354
34568
82956
79456
92957
15949
81260
58198
31574
80445
32062
16861
90531
94260
32041
52216
56202
68024
89551
78507
46720
71949
51322
75733
34964
92786
6073
76029
76511
74625
39759
41474
68372
71381
21729
11051
16486
46537
67661
69422
21805
82435
24897
59311
55747
8579
96088
99061
79410
25998
77186
39206
91123
17273
55585
52994
85792
76139
97428
30942
65159
27518
87562
89646
16007
15403
23395
17820
72062
68607
10737
67402
69886
41239
52027
11289
10138
79136
39139
17286
80973
27497
97693
59772
61921
21119
4154
50449
43488
64258
65314
32947
84977
12092
87159
24701
77897
8677
31705
7090
50245
39615
20096
72864
61963
12381
68561
66312
19721
10877
59180
71183
47773
80167
46637
55829
53754
79542
5353
82789
42673
66083
97730
13910
29758
78916
58619
18201
52710
31421
32505
15796
61725
20273
54422
76249
26954
9266
60166
60581
10084
29014
60880
76429
15033
37348
24320
46735
44306
62751
7099
25544
14139
16019
26474
48450
26652
79523
86548
34305
37229
81812
62177
86075
16291
46287
10575
95258
37412
85776
70694
28269
67377
51615
33027
19956
64167
57990
69910
40748
46772
61619
12409
55308
19339
34757
51645
4487
6684
54212
90436
71851
27793
98029
7270
67295
31162
36210
95728
49384
73172
53364
90683
97339
14637
21595
62204
91822
90980
52460
72162
7605
46671
56150
9168
71314
74540
86048
87311
50620
96744
85145
84876
5082
93650
8268
89798
19974
2360
94822
73523
94312
35843
25876
82926
67182
87613
38501
3922
39496
29026
46433
61951
38761
64060
91044
42688
99360
24933
20203
92212
31397
12220
32569
60148
75556
89383
61451
73493
95951
72913
31376
11075
65329
95884
54093
90357
17389
73310
11036
81748
66926
22522
63111
46894
45844
47257
50712
59781
96692
76371
67804
46979
64420
51047
12748
97617
78949
39563
56540
21210
94217
19056
81452
99253
23002
93879
66990
20807
12467
47245
56357
10505
88129
31498
33356
99820
30555
59244
26667
65439
71448
52
83490
48044
91950
50992
41181
99872
92411
89771
80338
95188
74964
6205
21085
48655
5317
99192
30021
49085
51304
66614
19962
16507
43775
1255
91013
45069
33161
7300
52009
19376
54163
65070
58750
25
33173
70411
83567
77866
24000
5280
32035
12858
70579
18845
97434
39951
85370
2204
26377
78043
55906
57465
96128
53785
98896
42280
24347
37595
52543
84586
34028
49875
54087
38306
78248
81147
52668
2302
96299
29108
5762
42106
9516
1935
18790
1658
55451
28824
56254
32816
47626
40186
78800
82154
27927
32822
12357
78537
53303
96143
55018
99750
846
43577
71625
85898
96402
9156
75364
1572
86133
23261
74866
2521
7840
69950
70661
93683
40290
29966
92914
96766
91254
87278
17905
48407
4361
306
52448
31910
68436
36408
12586
23911
15156
58100
63523
35761
30826
21769
36115
34839
53550
82206
3550
82581
71332
62150
2286
16910
29212
48734
96036
61100
21308
95524
18506
63324
89484
16968
49512
64496
11200
16190
60306
97718
85126
47159
68705
89872
92734
63724
15494
64878
55100
14008
64527
33323
51767
5616
72934
24195
41358
35184
93302
23554
98829
85410
6943
92988
49473
86518
54871
82764
64460
26066
20325
52817
2060
86567
69117
64975
41758
83710
94797
39130
58082
41224
34247
90473
77976
10743
18213
77103
95414
97666
42948
30243
11185
53129
83289
43918
1410
82639
12363
28934
84821
51624
4493
75007
39734
75879
49064
16834
5018
39744
86094
81336
50287
56708
15748
99366
29355
57743
84839
97315
64664
71708
11158
97532
14814
12027
88373
59821
80698
52411
64264
7651
10904
40094
68042
95463
39432
57178
8713
9470
35239
32865
77051
15329
14860
28547
62970
33594
56623
63083
26395
10398
20505
2021
77396
75235
8594
81528
32712
52164
75928
4923
27183
52356
59528
37403
23203
98346
8445
47605
26487
9253
96207
99054
40946
89316
48453
75489
32880
36432
26081
23761
78263
6254
3257
24466
53034
35868
95759
861
68274
52948
28965
90937
97361
16330
98951
19761
39539
18891
58878
72498
77701
33429
73667
16391
90842
57047
28083
532
80521
82673
97458
96552
97385
7248
26166
62940
73023
84119
87815
46787
66672
45667
55567
46686
76465
30991
44663
68558
96372
50934
18491
36295
28843
41193
522
84318
44803
69025
25019
17084
87064
9650
81180
34446
48639
92277
78333
52656
10264
50947
72696
73060
34070
37940
71372
70273
17963
59961
75400
43406
70044
91855
90116
47568
38593
65171
67078
24592
87888
63883
68088
19394
42215
88022
94477
59977
3895
90098
44584
91010
24564
47916
19050
46375
20929
80857
85013
66596
52137
68595
17228
90918
24048
66846
46406
24866
98365
20340
69715
70884
41080
69733
66544
39094
48667
39798
52305
70688
56952
96531
2073
91880
5475
8313
76496
69159
88297
65
38746
22938
25654
65458
40616
39542
10126
24543
67981
43366
88834
62629
23966
29447
26911
47269
44761
67658
86216
18732
56763
85502
72092
39939
65412
16373
88151
1615
68168
74640
69495
48682
50092
88279
27387
50229
38691
36088
4328
21982
40909
1413
19153
64808
91340
90949
98981
76346
9559
5369
10187
10941
11451
6446
90275
23954
78556
24335
88044
9543
9845
56482
98115
6086
1093
56727
25620
88257
94751
62549
27006
39811
3727
92438
72553
80503
596
92045
61884
71723
78425
74842
85486
73169
29526
4862
63367
31128
57535
60691
79670
49729
74997
78702
13141
61799
44025
10340
29609
95643
40607
56833
88990
11478
89432
62415
87793
77924
31537
71698
79233
29548
38886
42865
46418
15888
17292
57010
71052
84363
63047
66395
13816
99274
28568
98536
27912
43760
85642
8985
14368
67450
15961
30832
62198
79563
34202
19422
27198
37323
85254
20557
5073
75272
11539
6821
24686
62055
20774
51035
32389
34235
71033
91794
11585
29371
24372
4804
85700
70908
18119
52085
21717
88999
36301
63892
28452
38672
94608
14908
41950
90909
17566
5732
99482
5561
89145
91462
99671
11017
14655
25599
35157
48517
20188
89011
23774
67618
26194
34711
38218
36725
80289
83857
65848
5417
89209
2945
98569
54657
47114
68787
13053
83204
21467
37824
13443
8152
22352
45301
85657
18540
73771
49738
71280
95698
44278
72501
37851
41114
22089
43558
81476
42579
18821
23023
5442
33411
83960
46393
51938
66352
27775
86118
63480
83524
89032
85169
52295
2515
95826
37641
35984
52533
69278
66501
42569
7633
29572
46988
23377
15619
89457
21879
4679
73804
4197
89728
49320
75077
71021
62125
49482
751
30713
97275
54941
79777
52158
23197
8936
14878
78434
81073
30881
45334
49186
45456
96589
56696
34440
81263
78162
21244
96045
76099
40558
89820
5439
84852
94324
93241
53101
37812
93223
39182
92524
1767
28391
8582
62851
16382
91770
64655
77918
5228
83469
33811
62586
19233
47806
11304
18729
35105
78284
94846
14759
71225
92475
76865
93573
37742
42771
54990
11164
89881
38257
18348
41312
79731
1474
51368
19855
6391
99454
26255
85825
63331
83808
48493
70777
20871
71848
8832
97022
16822
43888
49292
26899
32517
30176
54145
99900
54151
33408
86356
62131
583
15574
46494
26981
358
16810
40488
52070
14350
51816
70356
60343
56635
7532
99561
20347
65207
81980
84177
61524
36588
11265
62430
5466
40796
10853
36374
62348
89499
49167
78132
56415
80423
49244
71323
47699
75202
15583
71427
85959
7059
67005
15433
31949
59144
18461
54270
46146
879
10773
13266
95936
67478
74228
99769
6028
27811
23151
57956
32419
98325
4935
5460
64386
98493
50528
77417
59644
94297
44013
42365
50605
70926
81428
65751
24631
84473
29426
69336
30704
37024
95585
30436
68018
38797
34485
40958
59198
60196
33951
736
31308
10373
78309
82190
95868
83683
69193
9299
18558
93604
33500
46998
98337
71518
12311
33088
62720
7370
68805
18223
59189
47483
62461
87665
22489
38340
75263
77939
42298
7929
57627
98780
36615
77436
27302
4825
8622
52363
13611
15470
73035
87446
3336
26532
94190
90000
85495
89179
39002
54569
92313
82319
23252
55634
78827
40568
84488
25263
55149
75809
59559
97999
43049
88450
75586
99201
58207
86896
47904
81012
11179
48557
53727
33533
516
94382
31275
86176
92688
10367
67399
90854
12592
93863
92191
75995
22541
36066
44938
93165
11838
89969
32615
87583
81931
47239
77903
41269
29764
44462
68537
90583
92148
6626
63645
96326
48008
47315
92597
61069
93717
1145
40415
54892
13782
82651
88764
36991
87961
42963
19593
18644
23102
89609
46302
70038
80024
68546
11350
75321
3290
74323
38529
44599
34089
39158
23548
42270
79715
87217
1429
9910
97284
48227
51661
36185
57276
42618
76420
72287
46903
42792
26722
17695
93790
90622
96732
24762
53714
86335
84083
51984
11857
89701
34699
49286
34
61826
85523
90757
71561
52964
20667
81769
55964
60453
17106
90519
44086
71979
24653
74332
1944
39899
47110
24100
49576
86423
2109
16111
36765
40214
45316
64423
7941
50358
22910
99732
54133
81385
43061
69684
89612
41440
5964
38199
27884
39371
91358
41825
69544
76447
17048
15247
68409
92350
40131
50080
98392
84211
57432
82792
10462
49741
14417
74750
74949
6897
45124
73069
48084
42057
24152
78739
83610
99387
5921
15769
72687
90162
80216
79932
45191
15506
12079
95
99830
38163
7117
1551
43421
5131
19523
43357
24119
15220
21183
77161
2628
66254
84498
52384
88239
23087
59638
63535
98264
3330
31406
54242
3953
20948
96592
81516
22748
66269
18378
11063
44907
80869
90928
65653
565
47230
17038
36158
69291
20057
2369
46280
7956
34955
77305
85172
82364
1786
40363
90445
38224
8164
38721
28980
53183
23325
51581
99946
57963
62488
40683
64783
61289
80744
99320
51206
7407
5750
3373
19565
92072
67215
83234
30115
96799
48346
47574
55979
51163
73514
34366
97867
33317
93543
57230
18085
70594
73111
89957
93952
6095
38941
59888
5857
26142
94202
11084
71552
93262
59366
95624
60154
37186
31046
79352
2396
40729
9607
25766
70585
89597
56046
9385
85261
95997
60569
29505
28254
47474
93174
61860
95667
94431
32486
35370
60276
69898
42096
86030
47437
43696
83146
21076
65555
26014
6836
96067
28351
53315
82609
94898
34018
1709
86185
89582
483
79865
29435
68039
40464
58686
50794
92884
57999
72114
36957
34293
76389
68644
23713
50657
48148
57441
91526
24235
44755
49039
77076
21894
84708
59345
31983
64295
62308
69697
34403
63501
12134
38776
38831
55896
31473
39026
97709
45044
2659
51609
17865
85196
40259
34925
28345
67676
43522
48951
37031
99888
59482
96186
15845
97947
23661
94669
94550
14380
94990
84186
95374
40659
67313
54740
72071
85868
83198
63941
54386
10294
42429
51673
41327
67228
13880
24054
43793
50672
5805
27121
10999
41990
72770
44291
82831
23856
52872
79142
41373
19199
88556
92908
32789
19553
80417
76807
46229
15415
68345
480
64069
45035
97764
24881
7154
54175
27167
32102
66932
77350
59910
45157
17533
69288
44721
75437
12299
24991
36176
47556
50422
65336
96497
85999
86451
74454
3650
2607
32444
80079
39924
70298
31104
74091
75318
11890
38971
24613
85157
10929
32078
99958
2649
70066
1175
71418
14478
80375
37439
32007
1267
18854
1468
23441
26282
27137
17487
79450
32288
22004
64966
79380
17319
76731
83613
34638
39597
48127
45276
90653
42234
74018
69452
35053
25684
88740
41367
53150
92865
67286
82013
17762
39039
34702
84021
32764
60544
1810
30347
73237
52579
59998
3785
66190
72358
39481
33915
55134
72651
93299
18479
84327
3006
27149
77601
95743
5170
80515
80652
13541
85929
96473
33698
13834
2717
62259
72785
20569
48649
71543
80280
32584
38572
68522
87299
52698
98487
63630
25284
25272
51850
98285
13050
58857
44245
90293
83558
45438
53159
92823
77366
42173
55280
54841
5097
20450
63068
18760
15784
16889
37259
12446
5887
70612
37461
71341
98206
58411
26438
33503
49100
78809
82340
98472
42701
94709
3888
67054
64362
85221
14716
8765
52796
70835
30332
68961
77839
98542
79535
1911
4661
2503
81687
77320
38379
51825
32236
54285
98646
40784
13855
9125
52857
60526
61692
13355
59842
65131
17508
19642
91218
17069
33158
7825
53446
42411
43891
28714
32398
71647
18689
2479
68500
91861
86768
69327
83036
18067
53589
67887
70801
33399
1981
64701
73130
5753
56739
39402
88032
62336
13843
15253
61844
37735
8729
12775
55063
58838
20368
21277
56525
49781
8777
80686
72718
60010
97956
43937
53202
79642
40479
27085
64600
38627
6785
31736
76291
95682
68180
73078
97986
34098
54343
20597
63032
91401
97681
36576
48328
5842
27268
31553
52015
23642
60846
42310
36933
35810
18055
3403
95005
95548
34198
23093
49058
41608
64942
20936
28113
33991
16684
8497
99469
46064
31614
33524
30976
42505
42191
41083
9507
50126
30542
60129
782
36231
36258
54313
83967
78855
86735
3180
30420
78489
16358
39200
95820
19480
59101
84968
93638
80756
44263
70481
20066
1200
36692
60132
40900
47632
28647
95041
61115
47770
15976
24292
57911
21549
66590
32847
82264
76685
42655
67948
97245
678
23316
41132
66440
1243
73432
22873
15677
38642
41349
99161
8851
26868
76944
23063
19431
39170
72538
89332
59873
20606
66025
62873
75107
95286
38474
37690
65168
50629
89570
97266
19132
13163
14338
43162
45472
96412
26743
19278
19904
65830
49421
60657
52585
84610
60950
77118
55710
718
87150
9186
44053
49622
6806
91742
92893
48975
48246
90644
89252
57294
17948
96262
8198
92991
57615
79340
99540
23563
10624
38709
85297
30286
76606
90256
91559
63672
29468
3507
17688
41007
88648
52891
81241
41535
84528
88437
88352
33603
65998
43726
76117
32343
3037
24167
57187
30744
96055
6165
1829
53592
81785
97492
47324
63578
97782
55597
22886
82752
16153
32364
18241
55851
10956
30854
98465
78480
97001
62409
80356
2689
1072
78095
75565
12333
20118
75651
77823
89322
33146
18458
17429
29773
93052
1276
67560
80555
71952
26160
60935
91501
54856
43952
135
38913
76627
49778
14847
49979
26932
37266
67997
75580
11371
64551
69608
75632
91193
11365
81647
26029
13282
29279
79426
51142
43763
23871
2747
79169
48783
79178
12629
61365
48893
92096
74180
90879
83545
60395
76954
953
12949
59891
15543
73356
32990
30463
48261
50016
54252
38181
71048
77576
54059
39502
70264
71360
74027
39911
95344
95517
68384
61213
3663
97849
22733
49192
66132
84235
88971
79996
37671
4114
59446
45539
26804
39289
5021
92676
70124
61030
72831
28757
56772
26108
70795
77356
9055
67066
93281
41108
30649
2225
71579
72550
97086
5188
17759
11973
2662
43824
16224
16669
8646
87327
25440
48389
50632
85572
42444
11969
62903
44614
6852
15354
60621
10453
3467
17396
40339
7804
50956
49793
28666
80228
60721
40110
86985
91459
23621
82483
8075
22278
12229
68628
45826
80311
41688
8207
62116
73722
67695
3071
84070
63254
99009
89219
95847
16697
92365
98459
99180
35077
77997
53019
99756
44672
53974
58884
32154
81605
62037
50165
184
48847
30878
73505
73182
75187
39066
29532
87092
43131
26276
14893
21946
70899
97251
97925
8619
32676
59214
60441
71827
86228
32636
68680
52488
22077
9791
61863
35834
14145
64820
47126
73740
93744
22818
52472
10489
55781
72016
52210
83814
84137
71
44660
54365
82880
10349
81238
81672
82804
83902
93464
37696
22196
62989
54554
45966
60636
12812
97150
22468
58735
21637
42768
66059
67933
20221
29392
64011
14951
73478
86667
62388
94584
53522
29844
1603
64576
49646
29673
23725
89261
70209
79346
61506
88410
31257
50928
40580
19123
30045
49271
58985
7496
39512
71961
97907
46933
82557
16636
36057
74564
25974
59391
80918
46863
19889
50852
2771
48310
50474
51459
49653
6742
59321
17014
20530
1844
25104
49949
52805
51404
78922
19022
51783
74415
49665
75681
48713
7178
56672
10816
80118
83890
28727
93097
51346
28522
73212
40668
61399
69269
28385
66111
27698
91074
84339
49009
98835
40067
27598
71586
37150
71201
52335
78187
4917
11625
81534
99512
20249
46515
86994
44178
34778
75306
70389
87031
16575
84937
71302
3977
28000
95408
7908
76777
49454
48398
86121
62800
32709
64716
68815
30127
25910
60840
39887
78730
1777
61326
36899
24228
47800
91776
83252
22623
556
16285
57575
17215
46250
12888
80143
51502
35276
51151
96396
28885
73865
54572
33640
59382
63788
55732
10148
87909
60056
91916
7889
70649
24524
11686
67963
1053
33747
62784
45743
6312
23282
72373
41013
18818
49213
71610
98581
60676
49869
20615
59745
7547
1365
84815
76505
64676
38001
51471
87729
58573
93137
254
53010
31351
59693
14979
86933
24445
2695
82218
3745
53556
26929
90488
42463
27485
55228
82285
39689
47495
13401
59495
27179
66428
17713
40238
85883
16938
22294
42002
85248
63462
92060
60019
40717
57334
44001
86524
18863
41898
40323
16926
59867
55164
20728
81760
46753
92026
70224
43708
96689
36735
31150
50199
95304
75831
68891
69080
62552
75782
83002
61646
40757
55408
66385
67548
57767
16416
82291
90305
29700
94864
35999
92695
44126
46882
83475
21488
66950
93421
51355
31366
35218
27250
38361
3473
27207
32056
2253
56119
27350
4520
47825
15012
63917
75419
63633
9147
84415
69138
17194
6962
9781
12604
23597
83539
61146
45627
37839
62592
90955
17374
27765
5146
32630
68055
87778
71464
79291
66810
58307
10471
57560
4908
32218
21586
21158
69809
59681
40940
5716
53925
37504
2533
38611
45514
24146
28766
66538
63791
32654
21171
93409
6720
8686
81562
29892
24201
52823
93992
76618
84644
31510
13187
68662
14100
7206
42542
17881
35752
26798
47666
31714
2759
61808
92872
46607
61817
8658
86435
81122
80793
93030
10785
93104
22794
19758
72855
25309
67896
19733
63492
92563
99833
17978
23517
22394
27872
14676
28696
8811
79630
85093
63389
78116
17856
51432
73194
20832
27573
43091
55485
74491
38144
19809
64847
4599
2875
79032
90464
59708
30863
52735
90333
11399
8216
55817
76902
96653
9409
66196
57316
21665
32328
63300
10849
56168
52100
32309
65943
10199
40448
73404
19932
76532
71061
85840
22345
92505
26359
91755
44858
56428
65699
68073
35746
98237
20884
20029
54761
14982
16440
99842
32935
55356
94925
63544
18659
31019
58640
26346
42069
79700
81727
57947
67246
53534
17896
80951
7013
75300
29191
67927
92133
66568
15595
16236
15430
31647
40180
65186
4560
61585
35227
26963
41147
52762
15275
6913
4163
75672
5057
59061
3946
13196
9949
56806
55335
53458
40458
57416
72110
37949
7193
56406
31269
82078
31852
99213
19459
48963
35434
48160
80637
94779
49402
49027
45759
60505
76188
11106
82975
78885
29816
57828
96628
5268
19007
87412
50785
49567
52491
98005
92301
85807
22767
62061
13593
56028
15003
88471
65867
22666
77091
3559
67533
29072
52845
31315
28431
42631
42719
26841
33942
22019
65003
29651
24912
14359
19248
80787
7789
8433
60337
38584
85593
97184
97574
44227
29453
86759
39054
67231
51108
36356
46369
4450
53461
59165
74305
63007
31955
87177
81354
31156
64188
62528
32914
67563
8109
68741
48594
90708
13105
50831
27903
29059
52408
5005
51215
91999
9037
4480
61631
60270
2482
38907
72349
35514
80845
89005
14075
90131
45551
23887
40268
85395
39979
129
65262
5069
68842
31656
21732
19693
88755
14551
55152
43235
8869
93751
94288
42170
31321
3870
93857
85114
19999
39576
82624
16599
70759
54511
88419
55369
19663
92930
28943
80997
39225
2704
93940
35499
62681
9046
19620
2433
9070
72407
73230
21045
59565
38453
42524
74051
56864
74598
37632
28443
55933
92576
18619
16260
27604
91144
98316
51072
75348
74183
50498
32114
57020
18155
10538
25644
45234
57132
71134
75867
20047
66404
48813
37757
89518
27854
34150
2796
73563
33243
69068
96433
33857
88392
80573
38535
34046
59433
35358
31025
40119
88309
59043
30958
22779
93769
40012
82004
77015
40125
50544
2829
51136
24482
31742
78696
53660
45490
84797
41745
58719
97931
78757
96424
20167
21393
30964
58826
99640
21860
4462
69489
93320
47007
64740
19114
86539
89542
59073
48829
4783
63865
7685
1359
67978
75846
20990
72486
24735
74775
1969
68885
43110
10758
47843
44956
93119
86319
75062
9614
36194
80884
68192
9208
45261
39264
69709
58320
88794
74033
41578
24268
86481
43928
44352
72648
79285
52720
41846
86558
26978
91727
67606
66462
91782
4438
57648
92612
13636
30408
21863
54358
42286
37903
34842
25705
87674
34415
25098
75605
79310
6525
57654
12726
36100
30652
98575
40409
27070
54804
96222
41337
65448
47080
34162
77674
76178
45417
91495
72614
79743
68989
80814
97443
67920
55698
63843
90592
59031
67521
93274
73624
77482
3800
78977
9955
33371
67511
13865
24860
52881
38138
64200
44565
65668
52247
83417
45469
57816
79709
23902
51691
33787
14866
37366
76166
24357
83674
98704
74830
65525
46320
77152
27756
29874
89274
45145
63178
69391
76584
11249
22602
65293
24534
36002
19684
3354
89478
34977
76783
37122
46842
80250
40708
82126
24988
38544
18668
84351
15534
76841
64448
64026
39112
33051
10306
88788
10245
62232
46012
58991
26444
56824
61768
25821
45588
8509
72733
76645
46598
27363
56107
78010
91190
13889
46039
73905
36319
65467
56513
23612
45722
85080
80475
91810
33973
75510
1752
65345
51374
46808
13321
99115
81101
83057
30762
43839
4618
21256
80433
57422
50028
5793
40857
9989
91028
87833
42905
48981
57355
32840
59202
4575
58768
15122
55173
23130
99939
50406
41053
315
87864
49845
57102
55994
20020
96158
62085
98090
65638
64954
65271
48069
65049
18958
65479
89866
64338
56592
7190
214
30906
34528
36493
63456
86799
80707
54181
60923
87653
15134
82273
64277
29825
79682
21091
1520
9632
32752
84073
91849
19260
55716
64515
5329
85715
67106
47712
74689
50068
85630
40998
32493
93506
94486
22449
58332
5671
54667
74439
20762
29902
81064
34989
18277
53669
64301
23676
86777
94065
1111
75824
14506
48917
98694
37089
89893
49445
72806
91382
87702
13093
62867
41492
10865
13660
43387
75962
22898
86603
71900
49131
14441
10962
83841
73609
77451
1389
27253
83088
31684
50321
82459
21500
49238
95487
10672
26322
34723
20453
45295
57502
26908
90381
58433
72754
29950
78541
101
91422
3303
43158
69364
4233
78953
16147
16068
58155
16877
84043
26310
24509
14740
32474
9919
30732
11487
57361
23816
50043
88721
42853
97626
48749
28531
35306
53904
17008
56653
99616
89753
88889
25196
42148
7779
17927
4545
95014
18104
72904
82822
12208
94538
56067
63306
23798
21369
36847
59818
50663
64036
20640
67786
84891
60221
59989
75931
6586
32889
97837
77201
6873
15632
36646
72394
33198
87385
43433
48761
59754
82776
28772
63935
65101
55210
7700
68235
4569
41785
77540
89658
27155
85322
6928
11298
7355
2915
84913
67869
69172
29209
20817
29795
113
24421
50208
58793
33002
67777
29886
48179
56580
12974
39655
35593
1746
32538
25245
36701
83295
69822
92121
8365
33936
52927
470
90668
17258
13431
62229
91922
53650
72562
898
48865
2131
50751
82233
27076
67115
90107
27027
23932
51978
80231
46616
81446
74076
57386
29126
87372
1536
53046
13260
59272
74244
47202
65626
29712
53440
9250
51594
87195
50580
10001
385
24830
19205
654
11738
98423
43241
34949
87623
1566
74555
63154
18711
79111
11530
87027
48075
90497
67734
28907
97559
92661
81464
10428
29993
87336
66413
61661
93842
48584
36142
20038
11997
5127
68879
47751
52054
12418
73374
2070
97092
3278
55890
65302
8637
39603
83716
24073
83692
24436
79633
4148
79419
87848
96876
85633
6699
95121
57267
51810
91987
74488
97205
38392
19224
47983
56647
5536
5192
46219
65766
35773
70429
94407
96885
14942
95710
84598
53864
76896
18335
61277
15177
84653
70218
2900
99140
22150
80774
81904
78391
93039
46177
74811
83176
48414
34537
8234
96018
94352
26246
11042
47413
61246
73890
94416
58341
44391
52982
34781
8454
81308
76053
6293
47339
37961
37339
29224
85672
92295
32969
38071
26221
49613
6357
82932
25712
37790
9687
51731
82099
84461
3696
85389
43509
39386
78196
98310
19089
18256
88138
35871
74515
13419
74265
65033
47889
58671
61228
51728
24451
95551
76594
26838
4755
96961
54334
94648
43192
89634
93961
84290
77176
11469
99039
47840
73108
56989
89109
48115
51221
2045
44971
79593
44578
33039
89292
44513
29682
21381
70099
23420
65549
7139
20197
41797
69571
7758
56751
34452
61356
35798
46076
88318
51484
37214
53473
78159
41129
7560
10074
58909
94269
91431
21225
13343
85315
22474
94761
47190
90183
82941
24363
36280
14573
7996
80900
20673
92283
34156
23658
77723
17594
97858
22062
4307
30494
70371
54447
35907
95179
76008
56565
11005
35251
6751
23743
28736
1307
2573
62320
65723
5308
77375
80542
35923
2009
17359
25071
60438
35425
13123
25510
72312
48484
2405
38428
74280
37497
78083
16248
29664
63666
24390
87916
36719
6424
87247
97568
8951
77808
70328
80396
96528
73960
37656
52976
68836
65357
6888
95066
2183
68430
30002
53357
42042
96338
17774
77775
71885
49592
61912
25922
26764
57285
83402
50864
88501
30304
20490
62458
72818
85566
33295
9018
88807
44193
50907
56888
81052
23804
36628
25532
35407
11027
1713
43274
70734
40925
92609
19941
50702
84742
84192
79068
84754
64509
13160
81571
32953
63132
54206
81482
42014
10730
98917
65571
24692
15989
54523
92707
62571
14066
30146
36979
95249
57212
76273
77042
32462
38993
29267
39634
43998
59308
7767
34885
57374
21933
85584
35788
74762
18482
53293
23984
63019
81290
86677
54828
34134
77613
57670
94516
87687
31757
74656
33091
39460
35590
39982
54975
44773
63184
18137
51960
16703
87076
69242
19678
88929
76813
34260
6904
25837
65732
47977
41611
61078
67481
73911
93195
78849
44214
99527
51291
43024
49509
40595
4874
17051
48523
9025
11390
54954
12760
84766
8289
77543
69150
56431
19358
62678
68140
84293
8741
94877
20536
13941
38349
53953
94379
94370
21012
18528
57477
24015
24396
90317
63166
77668
86912
95206
29389
98258
47358
34229
76691
36915
86298
71937
43549
63773
16984
7230
84443
78406
30683
78772
81211
44156
3028
76679
19498
39298
14039
20743
3119
12739
71009
12708
29627
50104
59006
27720
96238
53898
35029
29157
72275
6653
4212
2344
60422
26334
53772
12491
62220
59266
67124
72452
75055
62958
30622
27988
35050
71454
3107
76325
63025
49109
16037
95575
68635
38242
25797
82114
77842
94681
90812
63212
66108
76368
1008
74061
24274
8228
17237
75544
53022
42072
10410
12769
35700
92652
65909
97358
82667
46265
22703
94813
62980
16544
58814
47898
620
98057
30240
72239
7251
37156
99399
65088
49491
13276
44425
47449
31724
17118
70105
2451
71439
12180
93885
11255
20389
7624
56852
28052
27787
21460
45853
7343
60685
40387
37952
57898
93680
48832
97806
51896
3718
87348
15928
73679
50559
74836
94974
33725
74698
79230
80192
99235
42801
74860
24555
64402
16108
83136
78129
16895
70609
78867
11515
60212
74253
28467
17981
22156
26648
69932
52591
25400
20844
92081
2671
56928
9284
56980
47022
336
46927
52729
40073
31672
89301
13825
11277
22043
96341
15864
43308
90394
95493
43842
86649
97974
80942
88620
12986
75461
25361
55793
37104
19147
98041
22855
8115
42728
61207
87424
99421
43223
36249
37479
35450
45954
3595
59128
10035
46152
66999
75776
12928
31299
91056
25788
6189
58408
73688
76270
47464
99979
99183
40812
74723
49961
67508
96219
69864
91645
88532
37055
38685
70313
46583
14023
21647
55512
94883
99790
81806
61014
24479
16724
74131
2118
13297
57786
36561
53675
22986
87101
76203
9720
77878
88169
5509
51548
85279
69236
6113
87641
6766
91660
46943
61704
1584
34476
73642
46525
27952
64921
34815
5649
71799
94242
86802
40546
36396
60538
59546
45899
33796
57639
1648
73850
53342
56714
89444
9778
45688
1951
8182
25586
18326
80127
30207
3779
38639
8948
84925
30802
18192
73334
72370
25385
67493
48435
60572
74369
52674
79767
9968
80301
24836
40244
43714
89698
64829
31669
4374
11240
12125
18302
49155
65610
34498
70878
31452
56470
96760
37076
9659
16919
99042
65055
46055
84693
54230
48707
89094
46198
87714
43281
34821
41877
36518
54783
12256
95804
32270
7166
49915
93046
51413
57306
20478
687
62299
30329
44489
31113
1133
6797
79252
91227
42734
21955
82682
30445
10914
47864
95264
17652
65500
58381
92743
80176
98102
20917
65253
9400
95942
73938
53620
60611
19095
62900
75376
71216
8304
7868
9345
31693
58976
87482
13456
75013
41257
59607
26001
77006
38822
46561
16785
71537
4978
98438
32575
82505
22226
54041
35282
79026
85358
75480
62272
53510
705
70075
40342
79554
84168
81983
41715
50898
34342
40888
17920
37400
36673
70783
42811
31873
90082
18168
63419
87360
94446
42496
37717
59507
97751
20234
19507
20084
66965
20658
77646
98639
69413
1978
16361
16089
15488
30076
93537
5048
45929
68100
11438
36783
4047
632
91099
74524
84568
8030
95566
9440
97898
13724
91132
67579
44288
96708
37769
49677
49146
72678
31797
14319
5665
89237
6373
1227
6406
85721
81656
9876
40845
98966
21167
67438
72898
8826
83442
56479
43805
85038
815
58353
87571
81855
52347
43268
14490
93943
51053
91367
36542
55753
15857
64097
7065
16626
20417
6510
21216
22648
20304
3675
87189
46293
18360
68686
55539
91160
11661
47526
57676
71677
70456
18601
75641
69611
44941
53629
70090
60773
96814
25312
57245
40622
90192
48798
23386
33585
53916
34678
64133
10703
19550
39078
96634
77970
7798
93921
24408
59519
66370
63559
99903
65424
44434
80188
81849
90546
62397
59412
37357
19361
20688
25229
56452
90735
52121
56080
68110
45597
66477
11545
72989
65644
39560
69968
18912
30521
43372
26114
99027
19745
48908
29807
75889
67756
93360
65000
60956
5939
3156
53086
18976
40635
3138
7148
30665
43595
34897
51395
2146
83158
92179
68223
1291
6388
766
52048
16761
55311
58133
69660
91416
38782
84012
45575
32230
49042
67643
14176
75226
34800
23111
24088
77518
22696
95777
61982
78602
55958
86268
16138
84150
27054
59095
14228
53400
42377
83042
44101
96195
16739
35117
84006
33848
58704
54691
69086
10499
49994
8399
12015
14289
45768
60782
50806
79053
79841
60090
48993
81662
20893
45011
3809
9769
98887
69919
76572
56745
57029
14621
47724
12806
83323
72928
89225
55256
35816
98279
55420
25416
57071
47059
79218
55430
24714
83030
1203
16269
91239
32334
86200
42786
71741
96134
95102
48185
89936
10804
50141
47678
73816
55076
3901
83127
49894
7734
7279
74720
13001
96665
60062
78418
43177
11777
77750
94083
66526
24674
54999
70502
35621
80936
7041
27115
62110
25489
91541
90964
51462
89127
62830
11924
98502
45493
14600
17176
78681
94739
93976
70008
67191
17673
20759
19916
10154
86149
92634
51886
35523
11905
98908
95914
24759
57779
22867
89396
17496
83353
53635
78058
78525
31891
61469
98560
27942
5637
86237
15342
28867
88547
62323
66337
94626
94932
3580
95441
68573
63996
70142
23032
29166
11698
96891
54627
37006
5710
89930
53415
30033
6516
21683
2033
10386
80051
35471
65586
2234
2588
75748
25577
31461
82529
14054
40192
84995
77567
45218
60175
59806
51099
74790
44870
24494
28678
99018
3834
80964
36127
88056
73545
15070
13749
81318
43851
82731
39722
82569
30631
7126
5542
93259
75260
26676
78019
77686
54062
68396
45383
76709
77497
92392
15073
17475
71143
89466
10526
76316
69840
78577
71393
60892
87824
79819
13718
4657
91062
73560
63767
56397
87522
1670
58240
48508
15299
58014
6003
74662
9134
64860
12571
12513
47199
5497
57810
73835
10553
62024
43204
4459
55521
85480
81034
89045
97193
90067
37043
64625
52527
65015
29233
93204
56498
51069
33469
55008
60389
70511
43531
75525
66034
71110
67814
25669
4780
23459
7523
34278
8390
45344
27460
26182
83729
48697
36606
93345
32255
141
3183
66773
8790
85669
29990
48096
75409
2466
38926
21964
46485
31962
23139
27979
82691
48108
33042
54291
69095
73349
52189
59583
70939
8411
85373
65116
13089
80201
13627
81113
5973
54023
77448
20295
38410
17743
12262
93323
55869
22410
54017
577
46818
87122
66211
40830
66831
9760
35297
64744
95508
3757
93598
66373
38718
88102
44846
92649
43631
63880
31485
29346
3690
9488
22584
86741
84244
65363
7587
73871
50986
17267
6269
41993
83741
42911
98185
44745
43970
8057
16334
88913
95319
82258
22248
19388
17072
36594
73459
55372
60050
57938
78620
14243
14698
4682
50589
78647
94053
27408
71616
3843
65928
2991
5658
32166
56339
40809
27234
73945
73655
7566
75165
19834
87235
8533
56156
61292
94654
30256
59083
75626
37195
8088
58481
5591
88605
94614
8277
31528
45545
93158
94129
44547
47168
6818
31061
69373
19306
66736
78321
43442
72422
36808
52198
65030
62156
13370
39664
5039
6366
66001
67087
56348
73691
56550
13483
70301
47873
21406
7380
56614
50260
89832
52744
28287
94306
16343
81223
13706
20826
27228
43610
4337
4645
60239
60715
7844
4270
70679
72962
99543
53061
14264
74003
62742
82721
92798
78986
9629
18696
21421
22425
86942
97104
33210
1236
94175
85135
87638
49820
21055
24289
69648
86826
99308
13892
44690
21357
281
28791
92939
9867
24961
57514
6107
39841
53568
57193
23688
34553
51120
9928
50647
82172
16092
79929
36985
31565
27530
63236
80063
68308
97236
53428
27616
69388
81092
60666
21653
29596
28229
85935
20575
10883
5991
51499
14518
84849
12378
35651
42539
33256
51337
42875
39991
30451
9894
51905
79435
47345
57685
37723
54633
12275
66453
61088
71528
31388
57407
452
15162
77085
35605
51520
242
2198
37171
36014
34617
38205
33011
8542
31333
57453
59940
56040
95389
83451
46445
17878
41523
94333
77131
99576
50513
65912
17246
32374
33802
38447
48465
46338
43415
76478
39902
74146
69446
21619
48237
85187
62360
88425
50135
54908
41901
67035
62739
41407
71995
1450
9980
32905
86832
28812
31235
18793
2729
62540
31980
66489
38157
25556
38312
38047
75727
83100
94947
69632
15107
36750
67838
44114
59534
91031
9095
86493
75120
20868
33738
32694
49527
32749
90265
49582
19797
46876
59623
74936
47532
60038
11139
79493
17460
38566
35206
49543
96354
13797
71637
27372
18970
21601
2128
81965
15528
42594
11759
85978
46457
17798
57840
5576
18238
14917
99415
62922
34748
13984
74372
72156
239
12781
1041
855
82224
74473
14991
46625
32645
3611
57114
87006
7306
15729
36368
48197
53681
96851
10276
1395
72980
79108
12192
56849
95640
50120
98176
69431
80646
18393
28925
41288
696
23368
73755
49637
83622
66828
74543
13514
29569
58182
17145
56388
38462
29514
8661
78293
32853
99964
6031
63398
11817
42396
15232
25217
97037
64469
54490
8902
33350
68189
64176
5118
96616
3458
97480
53245
6635
38068
63614
24946
72413
80762
16462
31830
15931
17612
51838
99711
61039
69401
40027
48133
79978
79950
69224
94080
86054
75132
16996
64631
87113
92011
36332
12665
50419
25956
78718
79398
22654
40391
73597
74613
45221
32352
89911
19062
81559
12909
57712
29972
91700
60380
7386
79984
96836
54685
58280
3422
46042
42023
72327
61689
97211
90284
21314
25776
42127
10541
30375
64933
48624
2634
77149
66242
66080
55118
93400
49714
39783
93482
28293
34113
88932
60520
82856
24845
89057
97736
26737
24009
11558
19410
5875
51652
82358
70350
38440
58658
88263
63956
87433
83063
18982
70496
88700
90787
3382
79615
14118
98676
3418
82309
43644
58146
95795
46665
4966
58295
9736
97117
75287
36817
93625
71082
18580
28010
64127
84543
35318
6568
1880
82090
44983
90040
58585
2317
25886
5179
34604
25861
88682
97230
23221
95459
22950
82108
93067
35666
11142
82386
76563
40680
50461
97156
87461
69352
27360
82136
6278
89621
54459
7029
66886
34571
65967
79078
11359
61539
34324
16565
28785
72623
22165
28016
87546
30381
99250
80829
99149
80561
58228
19867
23496
56904
60758
55658
21515
43119
10770
96610
2988
61316
85901
92112
36857
90177
85682
31003
18674
5698
21784
76670
88465
48609
53962
36075
62507
57523
72437
2018
40699
38956
83387
81342
78965
3058
24515
57499
16590
9534
66691
72138
44349
37525
76981
98295
36826
30781
56226
34220
14301
92841
40873
42344
12552
70194
88953
8799
34052
45615
68738
42621
41568
99100
64911
22205
26056
89365
14292
40641
80485
98530
82813
17557
15049
95331
37281
26886
63855
61774
12107
61182
15561
51081
85102
67151
60077
73539
54618
11130
52912
51532
85813
165
80387
98938
32792
64762
33063
72034
29743
79587
96363
40308
80103
23731
47852
84614
76224
78812
3266
94593
68851
11411
12485
22620
31205
14887
80088
19538
94468
76145
25693
30939
3238
39478
19318
99918
29178
2387
35489
77384
92621
58494
72574
15604
66175
14219
11576
70447
24241
45450
93836
55552
86399
29706
51685
29249
68210
17722
74210
47620
21973
54676
66050
37980
81165
55649
64158
87305
28559
18625
69019
17093
27311
13529
84720
19446
8561
33362
61478
16166
14805
272
41279
51383
95658
5488
8005
2567
78385
39856
77036
33545
33185
82746
88096
11878
10322
70014
33274
82969
90867
61628
24778
68116
34916
92002
83777
71116
93906
15116
36475
9833
18268
66868
5945
42923
76481
64112
1334
43259
72266
61500
86472
7715
79096
36484
58512
96821
59614
28403
15085
61994
49369
79514
52625
18079
77475
63746
82532
74192
62723
33890
17301
79014
87516
6617
69101
55085
48365
88596
82712
4093
20707
58457
62772
35648
1508
6333
91083
37275
87735
94806
33436
15458
53513
92454
31922
59430
6287
21836
10227
21128
44339
42835
59409
61872
58729
79575
38297
92765
66767
11719
67145
6531
91834
14167
96573
1108
71369
15702
81946
51917
46653
57605
11933
75217
36384
4126
89573
15992
54777
65122
10792
24573
15287
98740
25058
90888
85447
60499
20429
16080
35016
2973
30069
33579
85602
41028
76087
64567
26716
22672
61979
46186
71409
54648
20075
90763
11899
93015
53806
83649
15803
97303
31040
15827
81321
45023
52558
22553
23975
80491
24976
64881
12565
223
41767
96073
28583
72028
22535
36948
62833
19101
61139
88282
85541
69507
37589
17957
42182
68152
84730
70725
68442
92161
54746
48801
68586
19703
41816
98520
21921
30292
69626
20356
95167
43213
31131
93567
46726
22562
4075
97342
91593
74115
293
54911
20377
82068
1493
99863
85859
66498
12156
39875
17511
96271
50367
81547
90793
71488
98130
86713
71012
70530
29188
75535
47364
12537
51261
59855
12146
50382
44376
25629
78672
5896
38022
52683
37546
49463
88584
25458
70331
47938
94571
95926
35132
85611
93494
9565
57972
38495
71802
60242
95905
24027
47745
29557
51777
59919
94639
12400
74317
65387
37427
68454
44068
35386
80466
19190
96027
35639
1182
34910
13993
36448
45188
77820
95221
45087
54236
28327
64313
55060
30106
85920
57203
32404
94678
21009
40162
29737
92402
61677
79807
67585
54468
86905
2088
68613
42588
70997
88633
15552
80005
54966
4764
66153
63242
6177
23163
50434
96711
92496
67136
57053
79603
28162
89090
83249
37616
37537
8179
68827
89844
30140
55344
78443
29722
91395
5689
65217
59836
76154
22022
18595
11866
18293
27106
18549
9525
88178
82197
3217
54508
39213
79822
87855
61606
23636
41584
16614
14493
88389
37388
12632
67334
5832
6147
20463
78995
6553
45377
96482
12958
75095
12510
45984
62662
74213
33680
51316
90226
15268
12436
62696
48871
22577
55668
69532
91608
2955
51246
60297
73856
62449
87253
64902
88572
93738
84302
9723
72776
68943
16211
66019
5259
21033
65818
69468
60746
83787
41956
70402
46110
5524
8964
45865
25120
75150
4407
38852
58057
32773
42936
50178
54545
26417
64478
3199
6647
2295
55768
1084
37320
72123
96305
76075
52073
44895
75351
15146
55945
65799
65290
67634
30057
55188
32731
99372
3965
41031
13538
20859
11918
84778
550
41382
68339
45405
21567
58521
20002
50318
26685
11762
11850
14386
43662
76282
23276
35376
65677
69800
7334
45795
89737
21521
90409
45694
80719
59574
63709
36027
13035
3702
30097
84736
61561
53797
64286
80604
71872
53223
95612
68992
50007
10441
71244
10169
68128
3241
94904
45252
53376
91202
69059
80903
88877
89905
54499
58045
77503
81833
95087
97773
30915
91739
45398
70115
17640
75947
27039
93662
2265
56214
76127
87406
33289
51865
38932
63752
11319
72956
70282
41965
48356
88086
34641
56235
2543
54883
449
28742
81998
41050
26816
36170
99347
21268
38038
75916
98066
24109
65717
91294
54410
66788
90806
49073
59470
12720
10114
44184
67713
4175
12864
52268
90821
47281
34809
28272
24589
70362
29639
81705
28129
86326
9476
42136
36506
94233
92185
64078
75171
45835
18928
93912
44922
70844
31788
26529
40589
43396
20997
773
78034
52433
95600
68723
37162
21702
68351
86847
31550
95368
91959
30756
23020
61838
53174
6138
3098
9357
50504
22281
51233
97593
63712
1676
98197
3086
36133
48728
4297
87790
86249
83320
63434
39109
940
89802
15336
31818
88672
74231
95328
95893
69559
9327
13212
31287
17365
65854
27744
7425
1349
10029
14924
86445
30698
6125
8841
49396
98816
11786
65079
76240
92237
58783
60602
90632
48285
4609
6736
13559
60257
57544
40085
67829
67728
49756
74796
90055
19578
1542
91712
58213
66092
58027
67856
69520
37552
30396
66553
75669
67627
17936
21103
6153
86573
33658
52613
38663
79249
68958
60828
57145
37208
58506
91282
37378
62015
30192
1432
27537
93552
82044
90214
31342
87137
5826
73578
34586
3815
57706
4993
45524
5338
58252
24817
73719
38358
86252
53885
35892
9855
28138
82059
76194
63077
25855
10517
36451
68516
75129
1282
80726
81772
80875
73014
85709
28510
80539
12678
23899
24808
76764
22828
95279
76258
41218
76304
87946
17804
88215
76212
65741
55036
13233
17664
4850
68284
79877
83872
62290
208
46134
30152
18409
51633
57737
79969
37296
23575
49177
21283
83280
9226
55127
57490
3516
86304
25937
60477
69852
92371
97526
98871
38965
91511
13117
58072
81189
25913
94141
64377
92978
12800
38514
93659
63590
26941
18128
79477
12681
59336
97965
69162
94050
94553
83597
6989
51282
98594
91886
7517
33622
13675
22434
68311
64487
99476
99109
19321
10593
962
97397
904
90671
37562
41294
41916
65787
6193
13022
49540
35938
84672
96976
12900
43903
6327
65806
91330
33512
67261
48316
23142
90018
50882
98847
58930
2906
56171
3370
6235
46546
97291
88825
57850
18433
51563
2613
47782
58368
16129
23334
13608
67594
14084
45633
56299
25159
1313
96381
87085
49558
33838
58649
41068
46860
31183
65885
79789
69312
99930
31586
87958
34189
88813
74646
91633
99000
16816
26825
27665
77787
90207
17734
55729
69849
97916
99698
70173
42753
4529
22974
40278
54325
18836
37778
70813
66150
66236
76923
89200
40207
41694
42484
86658
58249
51874
15369
26542
66819
60026
64585
53486
34263
10355
26508
55842
5103
53843
7749
34180
66126
26362
13926
86210
30576
48209
96943
90558
6705
2176
84433
263
971
36048
2427
77854
23179
63410
16053
56916
95151
72663
7679
4960
89689
82593
70469
41486
42118
4838
31095
84504
30930
49302
76749
96103
2375
1032
32093
34400
23700
62659
36344
61908
33225
42609
3434
19019
99796
98038
20395
59159
16654
32136
18384
64090
74045
86704
19074
1029
35328
50565
93238
92948
68064
3122
10636
9086
78895
21146
30591
76792
53736
76526
943
49808
60999
26319
3449
60969
96775
18094
98761
2097
36265
8921
59131
42844
96470
83762
11744
79365
42557
36469
70853
39246
56785
85203
94501
33457
17829
64329
9372
39173
97138
74509
19843
94004
58429
72086
50733
47031
63056
28193
8490
74708
50391
72471
30311
12641
61121
16718
29120
65778
18934
71772
13340
87934
13474
66742
28187
94135
34333
61573
72297
51993
63202
20548
98688
47541
70978
62601
22690
45426
41550
80256
18805
77799
83912
55250
94230
42478
37610
84806
52280
49851
22953
10105
24952
71079
65836
36838
1020
78104
54432
64002
86625
48276
18149
47950
98374
42981
42826
40525
91263
16303
82520
41626
7505
58896
67258
94159
34357
20621
78904
73096
501
44233
48618
58558
92206
54599
40915
54868
1999
80668
35822
61005
90900
60187
78742
80408
54032
76877
72260
94745
29322
37705
17185
95606
86371
2277
11326
26575
20493
73139
55463
41858
43189
37449
96903
34867
99152
50742
22135
81156
34687
46769
13062
37995
71863
38755
21830
83112
50693
59766
3931
23304
37238
9818
62266
77070
65931
32422
57728
85431
63486
28632
25348
49708
53269
76978
81897
54114
22123
11649
81275
78251
11960
82032
7663
22452
91630
79954
13682
1883
39423
74912
33664
25046
84888
67954
94459
81598
94196
64777
75812
86286
80158
72950
54072
89789
39444
82902
84159
73209
77244
58964
74155
67350
73929
12043
86088
26041
79725
79859
11204
99405
55326
32432
45328
65958
66895
23215
84034
92542
27399
52320
89380
7572
20954
74405
48945
59021
5729
78315
10569
80677
44553
3562
44034
66272
78626
89829
33484
58912
74396
13245
11823
47275
95078
55604
55045
36283
54932
68509
26880
66282
79130
28241
80036
17576
9119
35465
23948
58805
58466
85785
61057
39274
86689
8521
51944
87900
36878
27735
14252
48011
14460
85453
27564
36686
51752
36417
93125
21412
21442
56312
68247
40357
40043
24061
6452
50266
97883
28495
2591
14771
96253
45789
16520
889
10044
68863
22992
38813
60486
91669
25565
77216
63312
5903
64216
35547
97059
75791
13016
87989
77466
14835
22498
74289
58774
95765
76859
72883
63450
80628
99982
6675
22519
49119
84571
82425
45072
13962
13773
97638
35261
47291
41669
27622
12330
90693
3995
14106
24128
64988
48771
2765
22922
66062
85947
70234
79087
38843
92450
17786
14152
21061
69220
72794
77948
65406
43741
31193
30085
36902
51258
87226
13462
22712
37061
25943
28025
24729
22178
75763
33136
78495
50379
28177
58869
79160
42316
10233
24189
14271
91446
72468
35004
94114
56006
23429
84635
55283
81916
12830
14728
95060
34470
98389
8759
86274
88483
42328
41504
25181
75974
52112
345
21750
64866
56290
15815
60401
18314
44385
46125
20212
9449
92466
3489
4346
81720
29090
99589
27280
71930
416
67460
48331
14435
85987
24790
65192
3657
45875
59943
63193
20698
41636
21341
87162
7218
88187
26581
4792
85560
54105
98725
13501
53876
93415
43497
52631
81409
95118
81623
30729
68418
13691
14661
40293
32667
64695
43818
95133
15387
99708
76108
63978
19636
44169
66605
50968
85062
29783
39521
61716
92157
23435
56193
12247
15958
6662
41166
36109
44138
63105
34656
69983
56818
94968
91105
87497
72336
77427
33130
93366
44715
8976
21540
16742
70710
59958
27866
3013
17646
61747
45209
60907
66633
17420
11442
73005
13575
85236
65397
75449
18778
70569
57258
89744
48856
53168
29954
10938
81739
9742
56687
83945
41721
42389
23508
71760
21375
58063
38489
32926
32248
58548
62189
9693
48578
4813
39869
84455
4712
6730
41425
71985
61893
85346
64899
72584
58329
9415
45563
29139
31055
73282
38605
78638
28705
25898
84424
81873
44095
76963
46
47214
34290
69001
15690
65564
46705
27018
8887
39628
10700
41099
47379
20139
56052
19282
43866
56995
27656
42649
52256
90723
37665
12549
44401
96006
46698
55472
41157
68476
35453
49698
74878
69034
3827
16602
12616
72709
91535
92386
61109
32724
75382
48258
95023
47403
93436
74952
91614
10431
28489
69877
92716
41886
97516
45774
93076
91892
56446
47507
52643
2936
1813
98856
60468
34034
33555
90839
47086
51276
43082
63569
61936
86106
6952
55268
76636
83997
12479
81925
83896
89023
43873
84955
30796
44260
87391
79679
16315
56135
70542
96790
33866
27411
15372
22303
57902
41559
36759
58954
71506
88523
81431
41468
94785
21299
3223
94343
59055
46644
40424
47736
66953
81400
35734
95145
24180
88520
39963
54307
45942
43586
13974
1169
88114
70960
43329
10099
38266
91169
21558
50818
88492
51795
29096
58170
14829
75757
49338
60819
43335
68909
86405
4084
86164
67209
90122
46824
34107
13495
7108
14744
6217
2732
47049
56931
63688
59726
25675
59296
27436
98948
9336
47596
36551
28101
73389
40052
22788
7416
71167
15760
72992
33982
52399
73996
52863
3293
71152
46576
11677
20716
74900
5399
66907
7874
63276
80268
96518
28205
62912
39945
77982
25205
33219
13209
7236
91343
38282
49329
28333
63227
65876
70167
85022
57090
43653
35944
35175
3043
99726
85874
13920
6498
70539
1838
63831
62769
39252
58664
86966
97825
4853
34311
41517
33335
86979
7813
67365
18512
82398
47068
86155
38654
75895
28913
54834
59116
16449
45884
1
3858
99225
25989
34598
62043
53336
394
78226
77521
62812
40037
55494
76355
39838
57123
89347
15772
89533
84623
1694
9574
56965
27939
51554
84406
69257
40973
53943
97818
11619
90711
87754
90159
18003
28370
46555
42154
58176
13959
68775
9217
29297
6415
9275
5405
23523
52033
45975
77656
70472
4706
21238
99433
85462
10605
50214
33964
53052
62494
69779
55616
83869
95969
43479
86634
3162
73270
26520
16645
828
93516
18949
75953
330
41446
30472
14240
80988
29587
10285
53498
72010
53931
25135
1624
73966
67850
39768
12421
78370
18888
19623
81089
52372
94034
73090
57596
16553
64683
56666
24872
96958
92325
92267
34626
9452
15836
1862
4395
361
26786
58268
17029
71909
63968
72178
65143
87876
36524
4316
27845
78278
15906
81022
20902
61442
44416
44816
64206
92853
66520
99683
1600
48166
93528
806
69123
49228
77955
12912
97675
43073
63147
14704
55195
75620
41593
8875
62369
81888
23478
30613
26218
25461
19990
94169
68146
41178
92228
62708
50159
26691
73411
7618
98411
28037
99625
35672
59595
4020
96546
83652
53992
97641
16022
74296
16480
53812
82023
64225
5250
90601
94840
8692
43946
45118
75086
71735
39325
67042
31513
32175
47385
7645
37095
29313
91703
32081
99805
49885
59928
45005
58606
23401
38386
15394
6012
88566
46464
73249
44636
4694
93009
98609
36921
82148
32526
12183
62247
51191
61545
8518
7078
60764
50309
39084
60358
78653
23185
42972
52512
66874
4532
89502
76716
28983
81635
53272
2247
35065
58112
33445
14322
61332
3342
95423
50452
15732
5866
83368
39469
70252
62162
69751
67353
2329
83933
90421
39829
831
43567
89945
3068
47959
16776
39692
99668
68799
21628
81296
87476
86619
44205
73365
25727
22510
23862
78589
16852
50339
40311
85001
72724
38556
8808
12052
5777
44883
27961
44828
72226
69187
7932
85087
44361
61942
51026
44315
4105
82862
47175
28373
19898
43039
46232
87806
37131
54279
15668
7914
37885
8899
93458
35096
2411
8097
14524
70945
4426
26600
50913
84394
86008
24903
60645
73746
53138
61152
76932
20731
35572
43342
50876
70621
89164
94095
81864
46204
6043
76456
51578
18909
27472
84202
39771
58936
60560
99509
26404
50766
5588
83307
83350
69309
4242
85044
66623
73322
19343
78373
79206
11423
33716
44913
64835
16178
56330
45179
38236
80091
10645
90326
12342
78348
85846
25171
66575
93387
623
83222
75712
3986
16755
53238
50297
11225
83378
75199
440
15650
22809
34424
53382
40864
83338
34855
89673
2820
26203
85517
85746
89667
38874
57035
26291
36033
59736
99994
12967
492
46509
91688
21198
31885
87201
56501
40986
96723
15516
73273
88749
56122
58759
18186
96460
22324
22754
31601
72053
11710
55240
56873
4188
93982
55106
1902
87369
29831
68769
24793
6870
29307
55915
29142
32203
90146
79050
25528
73469
14469
61194
77720
84513
66163
97071
13642
79004
11982
18747
13398
39676
42246
32895
71238
88627
88852
43973
62845
19
88865
41733
27701
22965
75452
1896
67176
76652
17466
47394
84107
2887
86783
82844
13758
49012
48887
81376
16193
79383
96097
602
90235
66718
8475
14408
88321
28144
63355
42331
16959
20978
19178
77125
63807
77555
61255
98246
30671
34546
61045
45905
4252
26267
54007
32273
64234
81415
45643
35392
71100
72748
51017
51703
58600
4227
84537
67765
27042
61435
33268
50040
61265
39353
78064
15210
40503
74759
49927
43458
58948
11728
38736
96287
39707
91813
92551
33829
79838
20783
49839
91590
43735
94697
3879
46476
99326
52329
89402
57929
34516
63691
15305
40009
80015
33768
35709
19925
17350
9427
71122
4279
992
21021
71595
47690
11405
64106
43622
31171
10978
44788
63602
46793
45105
53113
28956
24259
9009
47019
99292
82987
79462
98072
88712
75495
91578
53824
14188
95783
86509
75333
6608
13740
83631
25235
60737
21476
99262
51713
79752
199
57157
45936
30512
9824
31626
83835
72181
17435
33387
33570
73316
76890
43674
94425
36792
90998
7435
55024
87012
178
25403
41807
94022
35532
83793
81611
37452
48478
64728
36963
90577
33115
90745
98929
65619
46097
77326
82471
37571
12067
35123
38810
79316
31809
76044
52775
34736
81693
73429
35245
46161
6598
77289
51923
59476
35615
42896
69526
22059
20313
96802
33771
64649
21326
33899
28992
40372
78467
22831
97419
2854
5781
4056
85288
77588
53605
62079
42252
84867
36777
80326
52179
49933
70151
25355
97873
56608
70713
30539
93183
70136
21842
35856
22120
29938
59659
46833
56379
3534
39362
80292
58378
10898
55219
72828
93726
81202
52228
53284
69730
59015
58399
49128
38328
39585
88337
98795
44605
24302
14539
97046
64048
45804
61307
54758
95035
73786
58289
925
745
85422
82328
97129
22217
26627
6577
71918
93705
15311
55393
19822
40836
26175
6055
48676
19654
16456
89063
17206
51008
27897
97544
38099
75513
92838
7447
24216
94724
93143
63901
79188
57581
22416
4883
64759
80048
53705
19715
69922
40436
43299
65983
27463
35199
36219
5912
67466
48758
23789
25031
44321
24921
48057
55985
40152
85053
75425
76398
19602
13135
93802
64356
14209
44626
1856
11503
96442
7978
43683
83500
77292
96982
30213
11802
71720
76545
46085
36866
91962
74973
21695
14792
48539
48026
30265
37519
94852
43784
29035
46952
8466
46918
20148
42209
9498
27833
43512
16495
89524
34079
74579
85770
88248
82374
69977
90568
379
17127
96845
66852
71476
25733
84665
49204
37806
94492
88666
77695
19816
88361
11634
61231
99079
37922
66300
89716
61518
10682
41208
39142
21509
42457
26459
37879
12839
32013
65534
55509
23469
73768
71497
73255
6547
6064
55628
26996
70182
96927
7596
52421
76069
47455
28605
61753
53199
78177
38114
4749
82462
6846
74360
86872
3913
74430
97327
60318
67798
29618
95432
79657
23047
38862
7395
53748
4203
90458
60856
1636
68760
99646
62992
61161
98099
30811
49985
54474
72049
86866
82578
83161
25123
72248
24033
51178
24140
65980
62519
26233
1526
71299
85752
78879
35962
17136
28595
7001
28156
87043
9702
96995
70862
87269
20511
45603
19297
27558
58570
57233
70655
57758
84266
96564
39319
87995
39716
14786
60099
44877
41657
4136
43012
63657
82544
8143
12034
15448
55442
60120
16404
80613
93793
38987
99558
63929
75049
54709
68259
45286
41309
33072
52289
87742
96164
45673
5552
60328
12119
31839
23707
22385
52146
94523
98169
69663
21137
41926
77756
68363
54719
78666
51746
60209
45170
29484
56583
59452
1459
33649
77234
70749
5387
10419
93219
44733
13563
78357
80732
97587
67017
90778
65098
76838
7456
641
59672
83585
54923
32999
31415
47135
44965
81510
2845
63266
89155
79883
22269
75596
53769
68461
47654
31916
78025
25062
93818
16526
77256
42518
23234
92817
25165
44455
70633
52503
61417
16950
91904
74808
76014
74732
23353
96113
71781
44834
92487
58124
59668
46027
41642
43003
63422
5817
35166
89
64542
40778
89182
77222
72388
37989
77280
31220
98148
84553
63093
92255
35883
73581
54413
59711
87287
69346
4633
95853
51185
16205
48032
17844
12232
87925
60596
22373
61423
94718
23588
30365
84275
20289
4004
88950
83985
93772
24326
21436
89078
4590
35972
82889
91242
81046
43055
9073
62439
28428
51429
5158
98713
49823
10822
37015
18412
27549
49354
45813
71769
51523
15052
12845
54609
64798
61735
9668
21912
73292
41935
76996
83921
18284
88904
28095
3736
99607
4621
98862
80140
42090
57859
59794
32605
11561
4941
71265
2167
78217
23844
77881
8249
25324
55295
44993
7282
83185
56266
85532
72873
79899
14643
5372
12082
9888
33707
58841
4725
79508
28071
45652
2970
92969
50596
83014
60419
94275
95475
83506
83973
78513
2781
27643
8375
90049
32319
86368
88892
71836
86854
69208
30503
38123
22596
30585
79322
86728
83823
58478
93586
40223
22233
72211
26075
19587
32688
60975
29255
84388
83735
86887
15195
22339
55774
72849
56086
1328
18049
25605
56553
45737
13801
67096
30188
91306
25815
8552
85416
94394
69043
62562
60886
64249
99595
55549
7032
50239
2869
31077
71653
2158
1127
81138
90378
29926
22724
68924
14042
78785
39304
21778
20102
25293
86591
68659
47590
15622
79484
31446
75242
81495
62641
53693
75153
21811
24650
83429
28412
87769
89765
9101
51963
27823
96503
74469
30774
74387
36423
20124
77338
24668
14606
86588
11658
42432
44043
3205
44700
7462
82404
28657
42743
80839
27448
42698
8704
30018
17405
47428
99448
16538
32560
82993
19773
1792
49689
39332
37845
66797
53852
44535
14570
12879
82248
21903
63349
65513
32193
18442
4062
55436
19462
27805
74909
8405
30359
95713
73707
89249
68976
93335
64435
27219
18589
18876
86036
90412
19211
19166
25147
86384
16675
72303
97464
77735
44471
84229
49256
6489
23295
31086
64142
67872
38105
72519
84681
35035
36655
13584
58109
95395
63517
73148
83515
77598
33103
67273
26468
91980
21576
50821
25962
69999
70243
97605
53986
2491
52955
15226
45353
74122
30607
91315
29853
83262
54816
72605
9318
88456
26429
44147
80591
68299
99122
63373
66919
1215
6476
66666
29496
31775
29911
75699
12998
76829
47992
82163
46341
68009
32972
56272
84379
62009
85740
94916
15659
28309
90079
98212
93445
23057
94953
35508
37113
66443
84986
4419
49439
83661
48548
37482
8136
92429
14396
83109
63596
38175
3623
78074
81583
9592
26774
10062
51853
45099
77408
73899
32599
45502
26612
5295
77192
95835
48935
72596
70051
99088
40769
23346
55832
73975
44498
65503
21888
97172
52933
29361
4288
11942
88349
82413
72635
18992
89136
71192
76032
98972
17157
57065
98615
55808
20173
20588
7703
13669
87555
68268
34766
21335
26853
16047
8359
39805
9308
30982
23829
95093
