1925
2617
1065
1815
790
4163
3737
1682
3097
4847
3871
4693
3915
2580
910
488
2909
98
3925
2524
212
3006
601
1730
3575
3931
2919
736
1048
4682
3715
3393
1787
3537
2345
1696
4974
2665
4958
667
2208
4780
3379
2443
1748
3597
3495
762
685
431
1090
1585
3693
1078
1826
1275
4129
633
2413
1223
772
1408
2481
341
973
1596
4207
4317
3503
4851
3053
1888
3428
4757
172
1490
39
3803
1019
1139
1096
2585
1480
3527
3550
796
2671
4195
875
2104
703
2271
294
3859
3244
1170
4220
1860
4250
1609
2082
2121
2802
518
4413
3519
4474
80
1350
3354
2248
839
895
133
4599
1564
425
3888
1262
1240
2879
1358
3310
2354
2266
4222
1427
4502
2390
3767
2180
3125
1414
3799
285
2455
307
1539
2635
4158
2193
1158
2708
4266
3905
2594
69
448
3090
4744
801
2811
4017
2850
4922
2061
3486
397
532
3132
4717
2747
2397
3435
3029
2736
201
4045
3321
2008
4003
2886
1180
1198
1737
4544
3186
2713
1128
1657
4410
4190
2515
2787
2948
3665
642
551
2646
3741
2653
4826
2143
3441
1661
3046
1144
1644
3610
3264
2932
1996
168
4392
3687
3104
4882
365
2305
4308
4621
1971
4724
3994
236
258
2283
3625
1395
16
1558
3281
2791
4150
4273
1252
3837
4643
3973
103
4660
4290
331
1433
1380
1501
4576
2559
574
1910
819
4515
2429
2014
866
1282
859
3612
1102
4371
2368
1368
1949
2376
961
2292
3900
376
3722
4523
4030
1113
507
2978
59
1802
4098
28
145
1875
4970
830
2695
1293
4335
4299
3197
477
3225
2323
3256
1677
2984
2029
1060
3678
3790
4495
1938
386
1865
3848
911
4731
1333
4894
691
4867
1915
2921
81
1185
4386
981
3967
1842
3454
2466
3409
245
1970
3566
2077
266
4435
658
1451
351
3958
4815
2532
1497
1001
2563
4606
712
1469
1035
4803
277
4328
3468
3342
2826
3070
4053
4876
151
3073
1208
3160
2492
927
4064
1521
2239
1774
2861
993
2437
3034
2053
4795
1320
2959
3365
4705
2623
2681
2038
842
3277
3212
3865
196
415
1546
2855
960
1766
2189
1614
4911
4430
181
4457
1953
1573
2608
4114
3170
526
627
1717
725
2410
4561
314
2092
2317
3000
1512
4104
2157
1703
3180
1794
4077
1303
1218
1628
2774
4235
497
4343
3316
595
4354
470
123
3297
3812
3654
328
2832
2770
4677
2966
4783
4481
940
4581
4839
1984
4540
3472
2167
4982
3638
4447
4260
3945
3418
547
1027
4997
2334
567
758
2475
3645
2117
1833
3145
4083
111
2505
1637
4039
1891
4173
2257
3751
581
4135
4370
3984
1248
4665
744
4934
3117
4770
947
457
3203
409
1386
227
2728
885
2221
4906
3338
48
4612
2548
678
7
615
4464
3776
3556
3707
4950
1446
3239
3828
4554
2219
2754
4632
3389
2139
1330
3015
2891
2045
3588
1757
