20322
18728
48493
49170
7470
35834
13198
2012
23023
22124
39956
11442
35891
29294
23407
19335
18026
23737
42629
28727
14551
32416
4737
29232
48740
34163
2269
31151
937
29186
3600
25452
44619
29015
36928
44512
8919
35842
24791
33329
2918
19463
36152
35338
20359
1513
22530
21682
45701
9984
30837
33976
32033
26740
17071
24469
36904
11300
31209
32601
48853
2459
18613
12061
12497
24296
8239
47397
34961
48148
32976
24239
31453
37096
2439
42188
42838
24534
23499
34459
3385
38894
33313
48652
27523
29210
45359
49964
1969
48555
25771
43862
13408
39245
15513
28774
27610
45781
30593
33065
5308
23502
17444
5153
13085
12122
13479
38102
30861
19567
26879
36493
32509
36358
24685
8408
41182
25870
43256
40300
35911
10795
10148
37613
11040
1098
41483
38917
15044
33797
3873
36396
20318
19866
4949
10503
466
18581
1569
11582
16700
34624
39773
46267
39853
8249
15525
1497
9623
43828
13929
7570
47086
10744
17571
45464
16347
15963
27460
45498
8088
22332
13993
49070
23055
35094
26761
4126
32773
36065
19123
34287
41356
719
41155
8577
32181
32564
46428
49032
15931
44207
38155
47883
35261
24601
23722
35251
18001
10682
6020
36371
11719
14959
6917
32438
7419
35631
43168
14133
35233
783
75
41880
39889
23226
1905
18783
17537
23574
22168
30449
5889
16292
37204
6270
14188
38521
23200
35119
16521
41706
9652
27414
7995
17270
3556
19881
16581
30500
31060
14318
49056
48304
44156
38878
43686
29889
41733
2831
30692
35503
15343
39655
10251
37771
2601
45025
44774
26146
30083
29363
7515
42325
13369
48992
45345
23156
34499
4976
38498
2665
42214
23687
15110
49694
45232
8179
3342
42774
43937
24431
28924
8742
20725
11500
40917
26709
34380
29674
23511
23914
38758
35683
26670
15040
21093
23443
11536
30250
48337
2546
40241
12380
23365
33954
19286
43807
8257
37162
49775
40691
26478
34116
19408
4311
6043
20177
28844
47464
39254
1383
36162
45365
37671
33458
21895
22425
18609
25878
24196
21085
23220
43107
48198
40450
10711
25071
33007
1835
5404
25646
13744
2944
49935
14977
27468
15157
7538
46256
10914
14327
17475
26240
45202
27909
9903
1873
2216
27102
35701
2096
25432
15581
6530
48884
3051
41362
15470
26589
16224
33387
33539
23646
20182
39362
2402
35698
41094
16449
18569
44228
46459
1331
29435
9717
21850
11251
36426
43433
11803
2555
25603
46891
7702
38331
21007
33046
40426
41684
31081
18299
10608
36223
33463
49349
14307
313
18473
3986
46882
36661
36608
29868
42927
20345
10346
35036
21013
25586
21396
39235
43320
13025
18752
49889
7985
14789
19240
1885
29221
6633
15447
32920
22567
31016
37729
3701
25557
41373
8860
46216
12887
11979
36411
40075
41025
8552
48319
16509
30892
11626
30561
16976
48053
48874
27390
1421
18058
24589
28589
13981
12446
28603
44074
35004
37665
15891
9873
5114
23349
25202
19672
2071
34766
40047
9975
30253
42107
24878
37360
45147
28257
8022
10904
12311
43139
24885
43859
8635
31220
13601
48675
33706
5193
43978
43926
42020
38375
27797
4107
2375
10131
23258
20719
2054
9128
42945
26555
45035
33194
8297
28097
16848
30732
49914
31136
32367
35355
7203
21663
45952
22004
16314
33356
5233
26818
6739
38985
33121
32351
1934
29827
45865
44675
44257
22100
39936
13946
39518
4545
5593
24978
41494
16152
49906
9418
21677
18149
37072
6051
44605
49276
28823
20807
44059
28428
32755
13065
20456
43728
9751
4755
42077
19629
23862
9160
8269
23938
28933
47709
10178
16021
32868
13793
34778
35941
30105
45173
10805
38245
34359
31402
15731
29386
4584
22672
36863
45794
20418
49492
6829
18694
48166
26244
2736
1549
9240
47091
20203
15030
12522
25963
37404
14264
25693
13695
12877
2112
37082
38009
39669
30518
18018
7776
9533
32746
27935
22074
2959
20786
17988
36831
36637
30199
9606
48989
49373
13593
36896
7836
31235
235
15003
32143
46395
14733
36860
32784
1926
17280
47294
9267
42829
42481
26081
1897
46729
14026
16793
36722
7670
1040
32061
41318
13874
39809
22387
39080
21076
18625
13918
42808
1067
48800
41169
23064
28278
1215
17814
1041
44703
34827
19832
14180
11544
17757
10625
3240
19516
40906
15958
37963
12963
42438
21735
6223
29816
40734
14744
28899
32045
48232
10369
4155
20371
39524
35343
15680
28177
21599
36458
17905
36286
45588
41514
5758
11432
10784
3808
5875
18155
15192
29448
24560
38646
33942
2933
3669
36329
34804
21860
22692
30857
34488
42339
48623
28037
6693
9945
37790
701
19858
21990
11960
2448
26320
14083
11501
45594
13859
46624
6760
5860
45890
27613
31763
44341
12746
20444
39647
37052
9067
37513
32157
42933
47547
34673
10012
29966
38810
11318
6214
30620
16037
1131
21134
28383
48092
18068
32522
38047
6629
24981
33927
31170
36989
4398
15603
7100
27433
27596
2150
34873
47983
8483
28185
43767
7926
35582
4659
2208
15459
37362
1703
23804
20427
29085
22472
35494
21862
28139
13140
21703
5103
3295
11570
9134
31469
47770
38779
1551
14206
23208
30672
3771
26288
23411
42679
4712
17688
980
26322
24041
36478
26885
28245
32071
35904
38302
34907
22249
3847
857
49636
41274
13286
14592
33519
35619
45421
14455
46775
2329
40807
46941
27869
19988
15264
18647
26360
40586
9522
21758
41266
47014
3631
22727
12836
11232
28696
6872
54
15575
11092
7374
33991
37732
10407
27001
1297
14502
15114
28074
37658
25429
49979
34192
21227
31716
20548
12868
13053
45295
32480
47287
14477
30973
43577
45641
16381
8689
37212
21531
29041
9853
10885
41910
27891
13514
43371
23626
20199
21181
16114
20913
44828
11835
8495
8651
13242
32897
2823
43839
26299
33289
18961
10447
10187
4265
19454
24668
2562
48955
37746
11025
49845
49576
324
27714
43247
5279
43461
49242
23974
20267
18409
36130
34574
31270
49543
41298
36345
35164
27135
40018
47754
22085
36825
34707
30767
31753
11458
48832
8782
33107
5988
26400
19538
17460
42540
21232
29040
9084
25905
27498
22777
43091
19733
13109
22364
42916
45963
41257
5669
28008
17745
29775
40966
40415
41227
15688
731
49895
47606
19620
22118
27981
42360
43445
14367
36095
680
29471
28615
33935
16237
29998
15380
10596
41675
16094
8799
33542
22501
28805
17583
21512
43915
14153
46064
32592
20827
31299
287
34861
4593
18523
8013
18732
4938
48436
14986
39016
26436
19027
1575
23336
10044
31185
21651
39693
15848
16054
45907
40494
8718
47895
6936
45893
26186
2964
17197
36936
42099
37681
41919
8667
34108
3864
14170
12197
43277
814
29693
39832
7830
17350
46961
41118
39504
36809
17150
29580
23487
30034
42957
36782
18856
47878
39606
5427
4073
37458
21372
35271
2903
18470
47233
43046
3618
19938
25667
23000
35990
167
46863
16999
35952
43209
32105
47791
31434
24900
26821
2588
20221
38935
23696
4502
8457
27569
42022
33883
43900
48501
28373
22449
5350
8962
32555
25121
17913
9496
40088
48261
39380
15648
17826
39165
8695
22974
15998
40951
4348
26021
44243
46850
21198
14710
12623
30666
24488
26502
181
39847
12385
13549
32810
44529
12555
38852
24074
35318
48101
3486
31301
15436
29278
20292
44436
26714
1951
26406
28406
43744
16401
19347
41977
22031
13160
5930
5086
728
18354
36207
24621
45261
15322
15316
41411
22925
34308
40592
10988
27585
10849
23595
4293
1995
19072
23589
8880
33228
49218
13187
30715
39066
43679
44971
26153
25655
8202
6579
16643
17644
20701
9188
23704
33581
27787
18770
7261
49981
25997
10488
19179
32270
23533
6646
39728
31551
39405
14518
18520
17389
16453
32844
32271
15728
45321
11161
6537
37568
20629
38479
17631
37934
43090
9777
35877
28452
3524
3353
21482
10993
45507
3606
7053
23031
12273
2399
6702
33495
17777
44660
28710
45810
21698
32663
37475
41540
62
31063
37188
37627
43456
4139
38532
39348
24810
8600
30335
39927
29415
3196
33660
48282
19159
5138
47832
3476
3496
23163
18239
6008
43030
48044
8565
3902
1473
42606
3318
44994
45093
14992
34610
13662
46334
42908
10
16469
8982
12679
13712
31730
365
22495
33501
22318
15174
25577
29175
27115
36538
3170
24062
26334
17711
44881
12938
44800
4955
32534
35145
36483
34330
28521
47481
28226
33091
35793
13807
23113
1168
22397
32828
33251
49608
5788
33788
28113
18438
27735
16720
35923
46714
6098
3917
3817
35248
38946
34737
49148
25846
7544
26389
960
40146
40210
43181
31691
14887
14722
44913
11323
45221
23137
31650
9473
25467
17429
10566
9693
16919
27308
696
39597
2506
29506
19524
49921
15204
28127
3457
38961
11617
40197
37633
42699
26896
7334
44936
1342
4032
21338
43194
4212
47422
42295
30114
34752
27218
43639
49030
35570
42798
20638
13324
7313
32221
12348
3246
46756
31591
43288
15980
45565
41626
28650
27961
15851
18816
12729
39429
8393
6147
18458
31284
19091
37752
49860
9563
27485
35151
7280
33310
19542
925
2771
27950
31627
49741
12430
5892
25507
48118
33869
26642
36593
15828
14860
34945
45949
34937
11905
48893
10207
6582
10076
46033
965
48613
34124
3019
1853
10895
2085
41922
29525
46468
6203
36118
37008
25818
27501
21201
9556
14045
3283
5642
17122
19947
45838
49643
38091
17367
24117
13422
29290
36242
43142
24058
5144
29316
12685
45395
22416
20078
3402
12073
22407
20521
49352
36774
47460
37438
3722
25315
26499
20643
2613
48000
27520
33574
7079
1766
37916
506
34072
17067
2808
8959
42750
49431
47811
6986
21456
47590
43735
16810
38215
11365
27051
7859
7013
4693
32113
22965
39548
21964
4470
13958
681
42783
5655
28045
4789
37032
3765
27184
49044
45020
1690
35061
38268
3333
1615
32723
22847
49132
34504
48632
46209
11574
152
28515
41785
39971
7174
29905
40532
32902
8585
8477
18573
12163
25155
33687
4226
13257
22046
35888
44016
33111
17853
44452
10323
14834
2533
4406
9107
29194
44124
26810
31492
31844
29270
14394
47362
21790
36791
16761
7474
19135
41451
757
49077
49003
20035
24378
23942
44193
47249
47936
39621
20598
4664
12398
21955
38039
11345
32634
37900
7447
40261
42171
37922
33379
2497
42412
14621
12543
44715
36275
17556
20253
25983
9804
43944
9598
4555
2295
12186
22950
44817
36384
32831
27091
27367
42006
21552
48931
29792
18801
45673
49389
15409
3565
6106
2360
38083
44272
130
19748
17997
44388
42594
47252
16192
43413
25498
17115
8448
38411
4096
12949
22832
39002
1624
5832
15598
1670
18502
36590
11463
5399
10233
30016
4888
21915
25368
46326
12038
29749
46410
19053
12223
37481
8223
7305
44503
22265
15809
49300
2999
25383
7004
16591
39028
24140
27343
13387
29497
49811
11692
25618
9330
27533
45243
42717
12310
4278
40754
25321
21253
25173
42669
4365
18993
24166
41817
23321
48562
19222
26174
40438
33400
10384
6661
46549
44045
6191
39496
3171
27887
11968
43711
45525
26955
13035
15714
43848
34383
29380
4970
23678
24448
44318
5204
17052
22327
12331
28397
36263
34009
21610
39190
40781
6386
23307
2974
3100
17287
49566
1000
25977
15914
18364
20397
11481
30173
22143
4081
21879
15078
19356
20063
29729
49587
6115
32935
14609
38164
11817
13227
20574
37830
11892
18085
42858
27657
13486
46361
30805
9487
6789
31662
15563
36719
34432
27692
12487
6312
23357
13765
28834
17167
40354
48533
11138
19416
49225
47010
13575
4117
32645
31
45920
38508
27765
30555
30158
33437
49534
46271
8890
43813
9200
6513
19700
6569
33844
17882
12891
37641
32886
40647
30730
19393
9168
26417
3838
41089
45719
31418
41939
29851
44541
11706
376
27192
30211
35108
39097
20559
18876
3786
8355
10636
46984
5001
12774
1368
47771
3223
34203
30292
6855
41898
10454
18888
13004
34838
42385
25251
7613
46082
1085
5477
29241
20002
12465
12533
1284
23763
37256
7230
7721
41472
49448
41749
9397
18093
46225
1113
7914
8121
47645
45614
16004
39109
19182
49668
44115
38955
49465
44022
3550
39751
47805
2642
48684
31980
31324
17971
22548
16880
19042
37908
27811
29064
29003
43355
23462
12291
46161
12655
22901
42206
3446
6031
3112
31119
37980
1691
19471
14238
40601
48967
32058
18831
30781
3855
24173
37249
22983
24761
46618
11792
28866
21103
27277
22640
16147
12041
9350
44747
34694
17139
43479
44861
1482
29557
22689
24839
17875
16982
18198
585
24996
48391
13785
25960
3327
24109
46531
6672
28713
16663
4996
1507
5489
1204
1824
38404
16436
20841
48029
3643
41442
8738
3898
5468
15395
13625
28000
9850
10084
2282
31244
35436
29639
25264
32929
39711
44306
17528
21528
39121
16750
18178
11199
16219
42267
34562
14689
31377
1775
32030
17338
6803
15362
26034
15148
4857
15488
46486
36654
26517
37804
6656
21650
9214
17806
46419
17701
41031
14126
14658
7119
37952
41657
40362
28563
4337
41633
1003
34720
22646
46000
6601
23713
37992
17666
21032
4923
31585
32967
41285
28360
45083
28818
47657
40746
2108
42818
44648
26963
12511
45075
43613
35622
46599
38547
15546
22750
3956
48861
29126
46958
36693
5457
36213
44561
38202
33753
17040
21508
44808
15278
24088
7605
25828
42469
27373
24595
16047
44170
46879
42232
26574
44835
28592
47068
44333
23150
18720
22670
19216
33268
21387
2382
31928
48597
7767
47220
18181
23789
8526
663
2041
6966
149
18920
43366
27553
39701
48980
8761
24321
17733
19204
42872
26989
31519
20987
9145
15059
13701
22219
7233
24422
38782
20862
1844
37943
15557
49944
14292
49798
39306
741
5011
9818
26261
28267
11474
39460
11823
33364
5069
49309
8516
20124
47577
40400
15229
25242
30535
28943
21975
38390
18284
42560
26749
31428
35781
22222
25402
20310
38718
24337
45446
22805
32987
3048
40928
36045
32241
21549
41611
44397
25840
41803
24187
20949
21328
2067
12598
17304
46314
17403
20586
2259
42161
27395
28690
17243
10300
32094
40873
28971
34260
42061
30071
29332
11155
40812
4569
32688
42611
10193
25338
47162
16863
5726
17104
15989
12145
15888
9255
37505
28678
46178
5036
23565
20145
6505
2486
46911
30129
47376
2176
11725
26607
15412
21908
2880
45633
21160
38729
46497
4537
23073
29618
24399
15748
14797
22852
28415
28988
39681
25449
19727
6290
29165
25028
34881
49613
49762
15662
41596
21889
34156
30817
24410
29662
48293
9580
48704
14115
39332
14933
12569
36739
16787
32618
1256
19771
47446
43233
34037
31839
35813
39618
20688
11118
33341
38566
22934
7792
40516
30362
32578
41428
26461
43874
48642
38817
30390
11216
40410
2930
44729
9707
29537
9830
44411
22707
35291
48667
13498
1659
21613
10419
49476
39878
26700
29456
27291
3156
34958
28968
25628
8341
40831
30350
39177
48349
43308
6959
17519
27958
37876
3534
45931
30231
29940
40870
25374
3425
29349
29561
2678
34224
26621
31907
14641
31356
34820
34041
46343
3393
49483
23090
8780
33204
16906
39287
34517
12824
14222
12365
10662
617
11983
27631
47056
12816
31508
26456
19660
15130
14382
20105
26993
17836
39292
11553
5494
35734
13080
25472
42766
44967
26224
2369
36193
29880
48417
18111
27076
49738
6322
14374
5542
304
47829
34339
46378
40152
39965
14145
20652
1325
8036
10952
4061
8896
11188
1015
41868
23858
33425
25116
28197
30135
4497
24550
7200
27408
40136
45737
21824
20
8625
40703
26905
42290
6428
10778
20740
19372
45769
492
5904
22188
18430
35677
25568
25858
3657
43599
48130
39763
36448
22513
12479
10756
48383
2164
36690
10839
36316
7590
31524
17692
49718
13756
24302
18667
41761
23751
49085
30758
46578
40021
1127
22176
7897
39737
6336
45310
5436
11518
38370
42528
32348
774
18210
44066
18313
17463
35975
8532
39267
596
38463
3008
2125
49152
5182
8909
17800
49755
46940
3061
46770
31945
12351
28542
37107
25420
8181
23006
19089
35441
46384
46123
12093
36614
22783
44423
24578
6560
25490
49701
35018
33489
18685
7140
23775
7673
6772
13976
21355
13239
24209
11393
6276
28014
38706
30546
13636
37800
37761
46
49407
9292
11020
3573
34430
36110
10166
22817
34444
14470
20833
9179
25942
9099
37342
133
8727
29094
2521
1458
37291
1160
36007
41697
27704
24643
44220
4163
32464
45548
13355
38234
48475
21497
15624
21415
1409
104
2271
22106
23391
30410
8503
10225
47326
33408
6373
48076
9430
30970
12584
17722
20534
24343
14950
43755
46198
15694
23018
5719
49553
10380
40104
30796
6479
4479
49520
40348
36760
49236
35480
548
45772
42736
24680
32313
45479
14759
10105
33829
8835
8614
5629
2857
22551
16369
13128
24230
32959
34011
27675
47922
39435
43958
41607
13309
24010
34147
11141
12613
25394
21628
19114
49624
31046
37429
34466
31002
18894
42051
44262
36969
11402
5080
6595
29712
48246
16533
42125
20611
3307
29220
3930
40502
28657
27030
45630
3745
7154
4047
2228
22027
20884
9664
48813
24387
16628
26063
39034
31743
6185
4377
20757
13869
2848
8140
40976
20151
7438
33664
15236
2637
37285
40638
21363
46570
10949
16672
13776
30747
16633
8388
32219
15163
35540
42641
20998
30308
1024
4821
12757
4189
20905
651
40656
16955
25103
8550
9028
35863
6450
44893
37444
17153
25928
9073
30141
33712
47539
44582
44988
39815
34276
49264
41337
40310
29659
43622
13045
9058
6843
9444
16610
40040
460
14527
32294
472
20165
19007
24152
48700
37070
45186
6437
37308
8928
4488
22455
6394
32697
4615
18972
49102
38665
18956
3109
17603
22658
30356
29755
24711
12433
8751
13895
33735
24917
39356
3585
15331
31278
38117
47118
6460
5506
47402
31104
21583
26053
7946
5848
26441
48462
24816
18981
48777
10552
7885
49724
10428
8063
46108
32813
44556
35853
20220
17498
3364
30872
37276
18537
8678
28364
24930
15500
36551
34981
14490
16309
16207
41010
48003
12737
22016
6891
19793
34472
14242
49878
13582
18247
6943
16738
9041
11355
13736
25222
5178
39919
4326
23923
37200
23186
1716
19144
45373
13218
21061
16651
27147
41984
7813
12606
23261
7041
40317
9586
41250
29397
42310
32422
22863
16921
3882
9034
47431
42573
6492
22626
5259
35761
40284
32287
46027
28087
9354
20931
11246
13884
13447
17614
12636
47715
31568
27921
9730
25005
8074
13556
13840
47516
37174
34916
5536
44443
5512
22258
13965
46996
31333
38125
19977
37392
27971
27269
32090
40674
34314
29606
48404
32718
41301
15069
43075
22757
4172
841
7647
10824
13395
45725
47559
43644
4642
39046
36030
36036
1729
26377
38620
14927
26522
4429
33968
37311
5413
43781
6836
252
46056
34083
36408
12235
39570
48259
40069
4017
43665
16478
3756
43967
37522
34795
23903
20664
39983
36055
11887
18703
12842
43155
30845
16727
27257
30439
3466
40542
46502
40716
18032
25513
10061
31676
29548
43660
46706
17939
8703
43540
31984
16855
44004
30575
2985
43883
26760
16163
1302
46149
3077
7979
38393
34536
32447
32334
1795
47867
7251
24471
26800
36960
24637
22158
11776
17769
19161
21306
40224
10094
14962
21743
29053
1978
30025
30399
42685
31736
21993
16259
5678
46111
13093
37136
9917
37418
46079
47269
36820
27082
7689
21715
13373
5292
6768
23455
8437
21343
8848
29836
43300
32302
31960
47205
10819
30185
31128
17318
2427
21149
29732
10874
18335
3623
15355
34723
11054
5224
29426
30776
2480
33034
23876
43393
46557
11089
2031
16181
12172
10283
10532
21450
16242
27445
35178
28579
28670
40334
8043
37694
15619
44661
1810
5800
2799
15781
6998
10524
5820
29104
45983
26198
37555
15636
1244
29120
21023
7215
2730
562
41123
13677
20136
38318
23279
42728
42319
8275
26252
15778
38518
38068
19108
25287
36332
46828
17016
824
46810
3081
49192
44927
39789
39745
19709
24618
11948
44135
19385
48086
13814
28992
10964
32399
32590
36628
3966
7145
22191
2237
14817
13909
36762
29484
11782
34177
11879
14257
19915
33594
36741
30636
91
45667
48603
16614
43996
16422
40325
30610
42429
29142
29360
15758
20087
41013
22204
1948
45488
39559
29595
47852
45926
631
35288
23882
21836
8361
22716
11736
11307
6000
34592
45063
15909
20368
44101
13271
20777
30044
37223
37389
22872
9408
28766
13939
35964
12023
7842
14711
3995
298
605
11649
31920
26278
49866
425
44683
36510
18863
11843
12111
16375
21941
41344
47782
33989
2315
39330
47957
40624
40462
11429
15310
43528
31829
29946
45003
19805
32654
30706
23617
46152
9992
36570
10309
37264
32256
11748
32195
12136
48201
20971
21561
9379
45192
7555
9209
16129
17180
49526
35482
13270
24958
35511
38360
11683
29810
11933
39486
15137
222
2869
39571
7061
45756
38553
41074
19877
26944
38743
22765
5913
191
277
34975
21935
16707
2331
47846
43541
24653
49019
46839
24772
13314
10433
26342
28789
44231
30999
40551
38868
20115
35729
23891
35523
16414
19310
3203
2009
29136
27689
40931
42710
41848
8051
21814
18903
10274
4514
24509
5124
3267
18383
35380
32128
32709
49412
8416
4690
31368
36850
34661
14672
31316
8114
31652
16132
4845
45139
18400
38489
19640
26114
42632
11289
10318
17948
35451
37340
44764
14338
28504
4766
33524
489
45211
29329
14039
6179
17026
17188
36185
41439
30320
43487
12203
17846
44466
31855
43381
14634
14582
8153
15091
12403
25058
22439
46013
42867
23823
27225
48357
47313
4705
27152
17672
27480
12975
9900
20748
48362
17083
33747
7169
211
31193
7903
17203
40119
12105
41778
47677
33620
1789
48720
22597
18799
1609
2468
19811
33217
20054
30524
10735
39948
3126
28322
46587
28170
36878
34925
21116
16396
20566
17092
38183
4601
48903
19428
17963
4772
10021
2244
16489
39313
44636
12322
31797
21421
21795
39113
44179
5973
42365
6719
30378
25144
8468
48064
19762
24854
14904
31034
43017
31638
25304
34063
31708
46975
18076
37883
28745
36547
29685
28463
14548
1920
41572
10932
22069
7030
38343
881
19446
26423
35599
46735
23748
28219
1238
39226
23841
16565
22469
12641
41730
32947
49993
6727
29587
12256
47126
47950
47623
6292
23967
43581
3736
28063
5243
45319
25763
9362
44352
36915
1276
1442
35366
8095
25211
4989
35396
7456
28905
47471
41559
19896
49659
48786
25724
21773
3185
33834
46799
42566
38421
36171
49805
1868
18950
28888
26789
38927
31690
11527
16820
48923
46637
31608
26009
44484
5777
19294
11007
35076
9966
30269
23
7503
47182
40668
45130
41968
42971
11637
41584
30623
45333
25892
15297
19849
17957
43055
40769
32380
38593
14696
27202
2704
43705
44854
3943
30094
808
14917
2132
3827
21273
13167
14769
37146
46183
34853
28960
19642
30687
21805
37815
20517
40220
14873
27744
32860
7187
36950
26633
25167
46131
21052
36702
38439
42890
19921
17486
39901
34690
8143
31884
3255
44872
6818
30005
4639
8324
24698
28449
12244
35199
44037
33059
15763
30887
31998
4432
48516
6545
9437
26561
38639
17783
44909
30413
44298
25194
9881
6138
24094
15816
42548
46781
16326
12916
28238
31072
47527
44950
5314
4793
30167
32013
14092
29462
47139
34261
35465
41825
26546
18651
10116
16179
6025
15870
17045
7738
6685
10701
12697
40174
28154
35659
12858
30059
989
27250
17226
29407
19906
1742
17893
45601
24524
2517
28295
28914
12052
34025
1377
41463
5336
1105
26677
8103
24219
21297
25013
38578
16553
30588
30921
33445
10763
41068
5744
1320
23797
5768
46355
48530
16015
17235
4528
27323
32210
40381
38976
12908
6170
33628
20247
38910
36518
21464
6156
41564
37122
20049
13146
30289
44578
30646
20951
25280
19600
21924
21480
33677
10860
49335
19608
25591
26073
25045
18413
13433
27875
525
9765
49506
48546
26847
48829
48482
47110
33555
879
25062
48914
45437
4746
49840
2193
33178
9639
9452
31550
42457
47562
4804
34092
24033
45405
24312
16546
24906
10576
32322
37595
47509
37330
17217
24265
14348
17432
45556
41521
31801
14896
12085
1079
19553
43566
1391
3023
42402
10926
44402
19498
11045
2892
43401
1188
39635
24743
31785
27331
24357
19324
7638
35224
9543
19581
44623
25295
13338
19758
36310
34559
7085
11377
28483
21125
26836
42157
44735
31176
559
4574
46473
49422
45688
13509
4148
47905
21314
22605
10007
41057
19320
22532
44700
46608
414
39994
44323
41239
44477
29152
30222
14861
3713
19504
24129
28632
16286
13846
39866
37850
6241
18230
870
42753
38453
45385
1192
41384
19965
33165
39791
27163
38450
23530
45841
10396
27067
6063
5163
9731
22344
31476
11753
38588
33182
43332
16883
10511
24024
1418
3272
571
20466
42225
37716
12572
31571
6791
14415
28202
36571
27836
9688
40897
23668
41208
5376
35084
35993
21769
41752
18444
38138
6366
42981
27646
26206
18488
12501
42086
45113
48322
5584
45104
41042
26096
15503
26595
5030
48156
40456
45653
46041
25939
47175
46283
19433
9952
46659
22374
42392
5042
46003
46441
351
32175
12702
40093
17594
40236
9275
23984
2349
27753
15831
7953
14669
13300
4917
2413
901
38076
5526
20694
18842
32383
26304
18126
41941
3797
32767
25522
390
8429
32795
11129
25355
1059
18557
33248
13209
10550
24781
5964
15539
35427
4628
30947
35607
14052
5695
24419
5353
39824
6409
38292
26655
40682
515
36974
5703
43694
16823
5579
12713
33477
25182
14211
4241
41541
9864
49457
31254
4053
44185
4729
14829
33724
28319
26853
3696
45455
47750
49370
14844
33880
26163
9650
31963
10357
23240
43793
36438
34188
14272
2715
208
12781
7366
12414
22576
26122
30321
4444
47918
6864
7932
27282
33234
2689
24367
5265
24950
24492
28753
46247
25673
46235
39277
9119
7035
15925
14289
6980
5611
10477
23043
42138
10657
15284
34134
32871
47962
29024
22132
43511
39055
35412
23958
12922
31894
17359
4865
4412
20791
2659
1462
25342
18329
39081
43558
28028
898
42032
43779
35389
15426
17397
33854
13826
26215
25532
43038
14356
39461
39480
9002
49671
45829
11265
5449
3980
24865
3032
33280
2741
41794
41404
20383
23288
38671
21180
10241
45519
11608
1265
1178
23095
17544
43604
38172
17376
14019
15014
16263
3214
11103
47072
20279
47725
36648
40485
29511
22310
36469
39397
42504
42255
20673
11992
11864
40278
37494
40578
19199
48182
4873
28559
23656
5092
15387
9331
21216
4387
46529
41854
25884
10264
35758
10691
27842
31879
26490
2158
25750
8217
628
29258
18276
28498
32998
36527
39675
23472
408
35801
38999
18926
25635
37705
6260
46744
43261
12160
5683
17414
37839
35026
14002
30918
41840
37024
46433
46923
22287
12282
7387
5283
18598
115
29781
266
40372
47635
13648
40253
23557
38691
14061
14429
7696
48749
7346
23432
25760
18500
22239
41955
40772
31485
17656
11385
2752
29990
44843
21410
30826
41199
47974
26978
22587
16759
7592
26931
25689
1525
35216
14577
7624
10053
6130
6073
39585
30983
46856
41172
8864
40889
5806
47689
22793
42997
48224
47663
3672
31940
43120
31865
22359
42588
42893
15241
37160
24457
9517
23241
5369
11171
37012
6084
48847
7299
37371
3507
46097
37589
25731
43226
24148
27730
12015
1230
32543
9742
16839
30909
17327
15255
17255
25237
36675
14567
5947
14109
35779
1738
19690
7398
25799
5822
11416
4024
13617
28537
25084
35048
18163
36294
4288
23378
14193
29628
1679
7802
14499
21637
3512
37862
27625
43010
20498
22899
47194
26018
49285
48220
48372
38328
42196
11225
47141
15702
16500
38735
24567
17292
19790
15185
4358
18938
23316
11921
9795
38601
539
31389
27234
44362
7523
28338
24843
21727
11278
36011
48577
16070
37578
8996
45253
339
1758
11677
20481
15212
3420
42479
39200
47355
43062
32671
1645
47693
48278
41214
33147
3682
22619
36150
39153
19957
38688
32483
42373
29075
47341
30063
16686
47497
8941
20286
46300
20925
46645
18256
19481
39896
32737
34743
27573
35135
39145
10219
40130
16337
11591
9385
49328
23819
45055
18743
11860
16071
33780
35650
87
13651
27172
49183
38765
448
25136
40857
42049
34247
48946
49689
2694
1632
29911
35187
37549
28290
29764
48134
43509
34362
18541
10618
6620
32456
16572
8816
32520
18772
4451
26685
43491
1148
28342
31444
41718
17504
6359
24936
16945
12211
6348
39539
30280
27852
34232
7651
2306
42342
15085
44289
6470
13176
30485
9925
23421
1983
47614
13686
36084
7712
8194
44094
31540
30504
6411
46665
29702
6240
30478
34583
32163
10727
1532
38884
7125
13344
33298
26616
20878
41396
23545
38799
7790
2189
7288
9501
5570
21438
25705
16103
33088
22959
27031
33893
35125
34528
42495
17862
34542
32404
34784
45974
2622
38199
28858
11208
19257
9247
30939
35936
37462
3380
42844
37049
4905
7970
37238
34636
17923
47274
18262
19040
35669
13537
33918
31772
40186
10500
22915
29976
5861
12455
3148
46904
36890
4896
49207
33570
40569
10674
11652
26133
34842
21044
21270
33152
10032
9308
9618
3438
770
9836
7352
16515
22300
43424
12793
43329
20855
29926
31022
48804
14405
38254
9229
38274
40987
38054
7247
42511
20092
30202
10331
29896
35557
24733
794
29647
35827
16271
12809
47591
36251
19272
32491
10973
30466
34212
49958
5327
4838
27428
49785
45818
4239
21290
36998
34993
18374
47417
27044
28472
44498
39214
20435
48423
39448
48766
19579
14779
3133
35741
4194
23632
20762
29957
18212
28101
44596
34891
4006
12002
35550
33025
42144
33079
33700
31147
8828
49312
34404
7496
19663
28736
38828
42275
7741
41103
7108
39205
15476
24241
10586
33136
6301
8007
31391
19362
7760
33765
25545
49178
47338
40996
32238
11666
30954
14620
24706
42653
38845
2030
1436
41141
27547
38030
35572
28624
2889
8602
47031
13418
27916
41131
27013
10868
2814
18308
38624
3937
27123
35404
18342
48458
40944
2788
28054
47030
45879
40523
40003
24727
15654
26107
12996
28141
17624
36364
24518
20473
36075
40165
44751
913
32622
24013
9679
42243
23130
45162
23836
44538
31347
45694
24823
7862
48017
38654
5735
45574
4815
26919
33332
48449
20000
38227
8939
47390
38288
945
46813
49822
39133
12662
11336
23108
48034
8648
47310
13018
49096
37537
5958
4204
46674
8312
1581
34060
19246
10645
36139
18633
25808
28434
35326
5217
10462
23995
21163
18677
8974
25094
7877
2596
22490
22732
26540
47155
44951
44373
43990
38141
18134
29310
13563
20402
22275
20331
40795
33413
9287
34417
7575
32004
7401
15946
5610
6890
40052
35718
13521
28306
7427
24965
41504
24288
48581
14802
27669
45151
48725
37858
16356
43349
25786
46686
32134
15873
8284
23609
20963
38834
42966
8301
31615
39415
6923
25036
1357
26865
47048
24759
42113
30660
44149
5053
43178
43218
45272
14536
45536
33011
41643
37607
34646
41669
344
16939
40612
643
5936
46515
34392
11066
25915
20240
41991
16892
1813
24253
4255
37118
31820
26722
20606
10122
9314
35306
48754
18105
43902
19068
41889
20891
41326
7483
49128
33637
12952
30425
2770
8170
5553
8339
24276
27778
27355
33646
13118
33904
1592
9467
47739
31229
14074
22886
27317
18822
49599
22829
40827
18044
6749
30451
49396
11077
49112
33806
394
48180
10157
179
45855
44088
46692
28792
20029
35209
13463
8806
35055
36240
9018
44788
26775
37989
17563
49260
16774
27802
23295
8373
4679
16082
11915
14438
9939
34347
5390
38018
22053
4310
40471
46309
242
23176
28879
45290
5633
40844
12266
31093
440
20014
34615
13727
21250
43128
19265
17006
25716
20510
12766
26044
20812
14446
47222
12984
29844
34295
6481
26928
39383
45044
9786
6904
19828
16965
33814
26365
42446
21579
34658
2576
27829
23386
40728
11762
15792
19016
19712
7322
45749
45415
33608
13457
831
