3951
9809
8204
2671
2650
556
4358
2243
166
8317
3137
756
6966
212
2616
674
607
3734
4835
7322
5765
7902
8581
1809
1710
2098
9129
3041
2533
6641
2776
5372
430
4156
8973
3462
7383
5814
7865
908
5519
1495
6050
4203
1472
7934
8384
8595
5074
3928
8620
7396
7659
6719
1317
323
8122
5625
9383
7425
5985
5329
7988
5665
7485
7034
9663
4033
889
5224
8114
4956
3297
455
1085
1944
8952
691
7622
4052
7094
3976
1294
2479
3434
273
5926
9595
4299
5274
5426
5736
7517
3992
4246
9105
55
8755
9815
6829
5181
7016
611
8190
9925
1130
8445
3531
2718
199
2506
6703
9657
2460
9167
8360
3844
173
2060
7291
4259
2205
6326
1558
3638
1232
4265
6941
2134
6243
1799
5635
5156
3526
9618
4907
7814
9878
5194
8227
2389
4162
600
3572
8480
9541
9223
5698
1018
1010
7601
9844
6928
8246
968
5882
1250
7415
1981
3150
7643
645
1871
1651
5552
1681
2362
5748
2148
9731
2253
7009
6354
740
6492
4592
1381
1334
4748
6983
948
7746
4176
2826
7945
9415
2470
2070
8481
4122
6067
8150
9564
3073
2083
3081
1099
1612
622
4481
1783
2604
1140
5688
750
6919
8656
4923
7555
9648
9296
9892
2523
7240
2640
653
379
5706
3822
9344
1677
7444
8440
5775
2175
4648
6544
4918
6586
9268
8983
9114
5346
6665
1544
4848
2769
5537
5958
6517
5103
5253
1994
2377
585
5470
255
283
892
3670
7253
3626
6568
9631
9496
3017
9433
9359
6534
8291
123
1201
5035
6956
5803
7579
7708
2317
4417
2592
2860
8028
8571
1919
2583
189
5891
2936
4768
2347
154
263
3130
5021
3197
7762
8966
3307
6736
6014
7725
3860
78
3459
549
2580
6595
9176
7689
766
5998
1302
293
3355
8049
7103
1188
8213
5237
7070
9516
7854
1765
8137
9991
1342
4117
4967
3119
1226
5127
2339
442
5649
8349
3106
5717
503
1934
3171
5116
4551
4313
7731
5842
2982
4621
2112
3755
7115
2309
9399
8995
7760
9474
2397
6145
9750
473
7832
7087
5006
145
2280
8640
9976
1395
4867
238
922
6059
7963
6119
3588
2745
6842
5407
4381
4477
2704
9335
1166
5045
1066
8340
2020
8006
8719
8233
4074
5331
2269
2907
9019
6801
5248
5287
6678
9452
118
9554
2006
5210
9759
3641
6258
3721
7275
4531
9050
41
8823
6615
814
4068
1720
2411
6893
2884
5853
1360
4874
9405
845
2183
6364
7615
8738
3762
9201
1213
7798
2978
1039
2240
4393
9941
4467
826
6576
5918
9914
874
4895
792
5136
3256
8664
5052
9602
4779
340
6683
4667
6412
8880
9450
4220
3058
414
3376
3311
8275
3000
3210
4715
2927
7353
4794
1448
94
6996
3447
6868
9586
6385
1752
9072
721
3471
1512
2912
8254
1638
8197
6076
5652
4816
9004
3266
5488
3406
6609
4020
8285
316
1152
1585
4136
1921
6291
435
6239
4088
1737
8557
8832
1364
6697
2125
3614
4460
1646
1255
1522
6488
6501
8918
8373
3680
8802
8907
3244
9151
7582
5149
8683
7564
1487
5966
2218
137
4026
7914
6832
4542
836
2551
1563
6159
2809
6770
7664
5574
3272
3366
1504
4981
1030
3100
2832
3682
9033
2630
4782
5457
9317
3792
2546
5000
8398
6554
3774
519
9882
3660
2659
5584
1865
8094
983
1750
7131
7638
1966
2407
7042
8626
9250
3748
6744
8794
3395
9722
3564
9469
2
7505
2071
3891
4094
7873
4198
9788
4579
5523
8457
7979
3428
4804
3339
636
8650
7850
6634
7805
2877
9529
4620
1425
8173
2568
6877
5472
3418
9904
6815
5082
9083
6753
6138
1104
6124
2281
8884
7786
3699
4942
7497
4740
3005
7080
384
2295
8039
5752
468
6164
1372
6406
687
6093
568
939
7593
9235
9134
7539
4341
6441
5362
3383
3909
5493
2800
4590
6196
2735
7205
6626
5399
7264
6309
7181
7997
4443
4376
1605
7128
3818
2228
8302
6106
6859
7462
3982
1823
1980
4655
5542
6185
1460
2326
4634
4980
7434
9428
12
7930
1776
4428
8468
5297
8940
2441
8947
1841
997
3281
3498
1411
6435
6466
1951
4367
7405
3519
2486
9870
4339
1836
1730
4514
6008
7695
4688
864
9831
6344
3934
3221
4150
9481
8729
8270
8678
8362
7331
1283
6476
4672
1464
6084
9958
4310
3167
7672
3021
7888
2696
6525
535
708
9692
2155
4043
8330
3153
957
3966
8844
9939
2102
9029
4821
8928
5603
3214
5163
7055
9213
5727
4507
4007
5501
2161
3917
9330
5618
6396
366
1432
5792
6887
3039
2951
7347
203
1279
1047
245
2759
1077
2970
1112
7214
2898
1902
773
8404
9761
3505
359
402
5420
8550
3883
9675
3718
4605
107
6286
3801
9058
5940
2683
4754
5905
7548
5971
9380
6775
9193
4857
5839
6031
6657
4272
4108
485
8520
5564
9286
2039
4495
2435
1057
8790
3866
9510
2818
8495
5869
494
5673
5442
858
2723
8017
1598
719
5823
6029
6207
980
8865
6722
2668
781
8084
8506
7230
5308
6938
1816
9183
1854
4938
7143
8774
9857
1149
8768
4888
8057
6214
5180
8813
9274
7306
6334
6313
1177
1579
5871
8747
5438
3837
5946
4282
3550
25
8534
3068
2026
3609
40
7474
1892
9796
4524
1325
5062
1665
8079
913
7193
1410
5782
5215
5094
8421
309
2788
5266
5320
3710
8562
9092
2430
8158
523
230
7244
3786
8898
8709
7954
2352
6790
4570
3328
1193
4235
8068
9969
3350
7316
2949
7460
1270
6974
666
9147
1883
5016
4721
7176
2518
70
2048
2862
5359
5594
7160
7284
8104
6174
3599
392
4324
3231
9257
577
8606
7166
9370
1697
6908
4184
2841
4404
7828
9706
2196
4228
8170
9822
7378
1627
3559
7779
9577
3880
6263
9776
6800
7895
2500
1532
7024
342
9981
6278
7719
9715
8418
81
5388
3948
3488
9302
4696
4710
7527
803
6426
9068
3183
6228
6454
9686
6373
4438
8697
8860
7369
9531
9630
8529
