41901
70450
66144
51203
81113
81580
23200
78422
95105
80182
23035
39817
84653
21009
80176
5536
48145
32367
89209
3196
18607
17588
82999
55726
12638
20667
98133
97559
44385
96869
25712
34733
7685
78785
75626
64591
79502
78556
32413
47764
16822
30869
58396
16739
19083
29496
47242
93107
70069
9922
84943
5768
66700
80433
99421
62613
60361
11731
54017
97303
29029
83033
21671
9223
69901
66657
43683
49732
53174
29209
38645
57810
27573
77485
77231
98261
18271
27244
88386
5573
7792
22938
12629
86561
40583
86558
68024
84937
41813
23694
44483
60901
91071
64966
91999
88923
41572
70905
18482
26786
25477
78458
62745
59061
36005
17206
58353
68110
26893
73447
53895
35764
19886
30237
5320
28782
60846
61551
5994
71225
15143
8658
70054
56879
42884
16849
34702
4816
44700
60657
97114
11277
18635
35648
51484
956
18796
44977
41926
30802
56397
58753
96821
49521
33808
74421
60212
65854
52222
56220
85917
28739
83597
81879
9949
72568
47477
74646
66895
30558
83317
48829
65839
69440
58939
46903
91511
48554
5756
96369
46235
56476
21366
64435
98340
28321
30158
38715
52616
42563
11997
8494
80350
3550
99241
21525
60923
70990
64939
33817
55433
14576
88962
89036
33136
75812
48966
97596
82551
79822
47577
67695
80903
39490
62394
67756
69251
42646
46976
35978
86365
62855
60935
2561
64557
84495
57251
40250
40522
82688
4947
8835
84351
48752
75217
9208
99851
1798
69199
99253
77054
15427
80835
5472
31601
15156
42493
85035
58112
63678
41868
64777
47199
25080
35489
89057
93049
79725
95566
54954
2500
93433
37836
49253
42392
46985
32691
25602
7651
10602
86634
57361
38324
97202
21650
75867
88105
4017
16526
93924
79972
27982
32831
19645
61127
62897
32984
84388
31672
75889
63300
56064
17228
52054
32602
65894
1124
60398
26902
26792
81788
44162
50873
71451
70945
88733
36710
88306
70163
10978
83445
38114
37528
60108
46653
23917
32157
85145
49656
65940
96943
86371
54725
37958
68458
61768
48502
77326
6733
72007
62311
43122
65204
96396
87604
78333
6980
86866
94785
43076
87681
18589
82233
20585
72507
1294
54780
44269
67536
47855
30506
39808
5921
78193
41492
85431
79596
86677
44126
43461
57102
51120
4624
66291
78190
11512
75345
29889
65784
96576
97968
45978
26334
69956
16639
68754
23169
15857
55283
78629
51462
51188
6846
96808
55030
41919
37909
21128
84418
26178
44626
92243
88114
36753
99326
72922
49576
33088
74708
25687
38334
74286
82795
44059
42231
24833
26676
79178
76633
82227
33036
43412
77149
71531
81040
86237
84455
53385
90757
91431
65253
23636
36814
98649
59980
32682
2833
2573
97931
2668
42341
32703
70340
70670
61750
66944
2143
35962
91004
82102
12955
39539
57578
94431
7978
53946
29407
93335
89362
11640
21357
28745
49900
78104
3586
91532
501
7273
79609
53547
2222
64786
41111
712
64338
71702
28281
52353
59202
69986
88132
98749
72071
85557
47828
93589
86271
85285
6232
91910
31839
43552
96683
74201
75782
84015
24241
47223
82029
12189
30417
62250
19275
4468
88627
41291
44767
69217
83375
51972
42228
45582
76392
21634
41956
55576
12806
31370
1337
75159
70456
80512
73777
39850
5521
62290
44278
50565
97547
41242
59714
95240
47022
72989
31971
51935
28602
57044
42063
88990
53141
63227
23346
27872
41639
22361
51957
64194
21836
22608
53641
47168
37864
55051
1606
56803
89005
1899
76075
40894
56626
12214
87058
37842
9089
25870
29999
66059
26951
43836
24134
51478
31489
55066
94242
94800
45453
66745
42447
68625
64170
3476
13151
35096
65140
91031
4294
24662
34205
90287
28006
66617
36460
97016
73795
12006
10026
73072
77417
39554
10785
24698
48517
85206
86213
93497
60206
85947
6455
75718
78498
30738
35526
60810
43512
37275
27793
98578
35907
94745
96128
37159
91968
3537
61686
53809
84809
68467
71073
1868
45542
647
44098
36014
97696
37623
81156
95926
59595
62375
69483
61344
17649
88779
98179
22840
76554
23472
35062
63712
76124
27936
2970
43635
2808
96384
8561
24701
74085
15107
26816
30469
23823
18870
94297
78638
14344
77982
70136
55939
27302
30173
10859
30350
48911
27109
45893
14319
29984
84369
74454
40503
1423
19840
69401
31251
89255
9128
76111
55945
78855
4685
48157
90931
84794
61414
32645
38489
43961
63758
30051
86960
55478
52292
63474
48835
14716
77295
76481
44172
80445
80829
27140
49955
15174
11838
14954
62015
61539
20359
53876
33893
70624
24558
36942
71305
46311
93467
13163
87528
63233
92209
29538
17167
88205
25034
59574
86268
69111
20237
52601
94141
16068
73279
14890
59372
85520
55216
70994
91193
51578
86728
44608
94211
85965
8112
42179
10282
29578
47303
52256
26722
72803
92301
12104
13257
91724
69663
68439
6504
42597
73069
46607
60987
59531
34397
16422
46122
92746
6583
71271
6598
18454
61356
51304
13334
18104
21799
34974
6476
33536
4035
88874
15629
30759
31550
43509
55994
49384
98890
44706
24213
84983
4349
92548
85108
97812
52942
64609
78083
3312
47440
55365
61368
51832
11625
18928
38294
23874
80726
24827
32309
89280
33765
43143
69455
28296
85071
24964
94309
10178
67960
97150
95856
85746
21094
25913
12027
2530
82862
41178
46680
45249
59546
11988
42624
14899
35105
36603
27558
95820
35199
4633
24393
21830
99750
84162
5781
79874
79316
53467
50638
39054
67582
50055
355
574
81476
60880
11854
79621
99567
64063
65293
24265
68882
91868
38102
46756
49967
89084
75709
93741
21064
58024
37662
55643
95606
50220
65409
72715
30933
29068
23942
94465
98465
46738
50144
58109
41160
36744
69050
5131
31080
38852
99027
97602
78791
10657
86615
92585
8442
55008
57837
96311
66321
71048
49473
75773
43921
52970
71430
44477
25004
80283
12943
74531
44809
99418
13041
68491
77179
83960
41211
58298
25626
62543
1063
89789
4447
3742
80759
56592
19947
67988
75092
29920
97516
66977
86338
61573
36261
59995
48469
44822
98124
78068
67853
12150
80814
92551
86921
16797
33075
81888
46369
58594
39640
89191
74924
27192
54059
9766
53293
7520
9696
730
8521
71720
84665
1447
44544
2036
498
12073
52903
64426
95740
50388
51966
66831
87970
27445
35782
44925
18509
34305
8463
77753
75416
73386
33909
57157
53739
809
19465
81907
95377
34556
82309
81022
95420
61200
65214
14277
38227
5652
76908
65091
14966
66932
96427
38843
10749
30921
12699
40632
86582
60798
47992
68741
73914
62937
11881
7007
87320
46036
18741
60666
21036
57880
46335
32206
26307
39206
6370
3620
66785
9165
46494
62943
21027
96958
95307
9253
34812
78226
36112
2921
16581
76829
11893
50834
76960
93723
36078
46833
3788
7227
99018
92951
19187
74128
85059
44874
77994
19797
84308
92411
27262
6571
1838
99988
53040
3275
18677
15528
70804
8359
23752
28708
4529
22718
28037
52280
13270
85795
88007
18857
78760
56687
34125
65775
36100
7758
59485
10395
70786
6067
33442
53962
27567
21903
81482
40647
20487
54499
88865
55619
58640
51197
84235
56278
66846
84479
86966
7380
6788
11017
48343
49491
95969
96680
82456
86347
66178
76722
71296
30008
13425
73926
41962
93876
6141
7056
15949
30103
87928
95173
36506
57630
35004
49064
83381
59687
16764
66227
69779
11246
56586
82984
51630
46848
73704
57728
31138
90433
25217
44327
83191
53553
4984
42991
62568
21546
85975
35141
10639
14124
66797
10154
53653
19397
32593
14231
98169
5323
8787
33384
68512
24796
59839
19486
86487
9730
31086
52311
7114
14182
24491
85303
9702
28251
10599
59876
42170
97648
95948
41361
30634
96970
13404
14005
23771
25947
76526
48923
86411
12070
19001
99952
41456
45084
56180
87757
56003
41755
34473
48322
70307
21140
73731
77878
67524
94904
75055
64405
11396
61979
75535
68982
46204
12122
60837
7648
9870
71772
4700
33359
65015
67289
68290
93125
31153
41340
2369
1313
38022
38358
22693
60746
5085
27433
79123
89878
20417
30097
68476
49848
69858
89649
62174
25068
5097
78541
8579
44459
77543
50016
85730
64255
86469
52082
91645
14283
20771
32941
87034
46442
72641
22309
13865
29685
67591
49289
9891
85163
15607
23029
51914
19565
80405
76377
93363
56571
87870
90915
61796
46564
37687
65101
19324
80796
73325
66803
17457
89359
663
39969
26050
45853
93293
93079
50455
93812
10212
92829
85816
25501
77006
81275
30750
29621
38724
71653
50528
1590
22053
36377
57532
95450
33024
2213
91251
57309
40619
53217
56904
48548
82273
54358
8509
14295
3901
29169
1877
70035
43549
96415
45484
41623
74070
11365
37766
76777
21598
65494
10297
85810
61301
57566
5485
2021
36838
66965
28077
74585
75037
72498
70417
55509
70957
13682
93451
10477
9281
84430
90333
86735
80732
22535
55585
41544
20145
63199
96198
13804
92255
74021
60953
94098
98630
55915
73115
99207
3248
48038
81342
13117
68586
62253
13666
74247
61860
99506
9482
87705
47883
74970
44419
13175
34168
94455
35071
9134
79935
92997
17753
80079
32142
59363
58622
31696
9061
9806
91236
57016
68976
35303
10511
69883
64072
32712
18818
97446
61615
86295
58680
58243
91385
85334
35407
26999
88486
5683
92759
94712
19590
66199
22315
8820
10669
93241
14521
93662
27454
52027
47092
50809
69013
46573
6992
96186
17997
32181
57377
8753
96793
29523
7856
48691
32428
88215
55954
90049
95279
13276
60080
58262
75013
45328
88041
55091
33164
16895
95023
73206
49338
93735
77662
18024
39997
36469
35209
98493
8216
96076
84110
7099
1020
8088
37934
92661
53440
72931
28840
8350
13025
98810
55622
38733
54007
22504
73404
3443
59412
20389
99384
80878
18210
13495
43458
51075
32535
59818
25202
50089
33564
95017
62659
63779
77335
89371
59827
31229
36301
94654
54700
51825
30964
25107
68668
48053
65586
38254
17438
52302
16504
47388
95719
43363
25791
42612
29279
19553
62888
45441
45020
99848
38886
68567
17020
75519
89390
85404
21766
52137
67215
90006
2591
23926
64441
33982
88199
78779
72092
72730
51871
52881
39774
43653
85373
9076
14570
3214
43564
46866
14032
96110
25550
26194
59458
97776
87385
96998
89576
30204
46952
55332
48804
79090
6449
68714
1984
32746
26423
92432
14817
81104
54322
62668
16837
53986
97452
90732
77930
15726
60117
91083
63855
22901
72364
64673
48371
94639
76001
95221
46137
52558
90299
52488
50376
21280
11103
95295
47919
25956
79563
19233
57895
41489
24128
29429
43485
92634
77619
77524
19721
92530
71558
5155
53193
29935
69190
22
12705
13767
95206
83545
35737
31992
21409
60737
49872
17136
55085
74912
18036
36905
11139
83631
80134
1
8304
41553
31730
48218
17347
72407
98099
30289
3718
30042
91453
95386
15253
57029
94596
43473
56782
67310
67316
73636
82300
83524
17902
91599
17099
19507
69462
16388
30314
39194
66190
57447
17493
34314
47803
971
54068
26453
55820
53486
77167
84171
20749
38959
50165
3928
88254
25138
14759
85462
22278
66919
21110
31635
18436
68393
37616
15781
7044
46888
74192
6025
56550
55146
94138
47013
79435
8948
45395
70505
28107
97684
88315
17914
30219
82850
84784
64094
27033
17008
42286
44410
92792
89069
63492
44156
13370
53132
98612
96918
60602
55207
80002
81659
91935
50623
99305
8729
59528
77308
4429
55759
39338
50846
54752
2298
8173
16047
52808
776
13883
58176
60544
39438
19520
54731
95530
65421
34101
96845
49619
30546
443
11472
90012
48172
56351
41803
31595
39582
44947
31046
18253
13837
24366
44233
50355
24619
4554
64707
70612
29346
91285
37003
74473
94172
15009
68659
73151
12531
71686
61786
3672
43152
74173
48093
29249
15470
2463
92405
79834
81254
57853
85318
83771
6095
59662
66593
5170
74555
71369
35117
24012
34955
21613
96238
36493
69584
20014
88801
98038
19620
2460
63367
28559
45633
37256
41428
83704
42719
20105
35553
63724
53666
16474
12134
76963
64890
90351
86808
7193
81943
4416
83490
96778
85416
43909
15473
48868
61503
56373
4105
63013
29947
98313
35270
99552
27292
57633
81748
56891
31437
81666
10120
35126
35581
38032
85364
13740
30433
80304
64567
38053
53046
83948
48630
28345
14502
33225
69831
84913
83274
52427
17066
62473
91416
9641
57645
17078
44516
42859
81199
90033
70047
26227
69343
70722
72223
36512
99524
46641
87192
98700
78122
7749
36039
87101
81296
24976
38627
62955
22852
81360
87589
27912
67170
6943
50284
47452
89673
1194
7551
8637
97584
82526
66474
18769
38074
35712
73761
59018
11615
96308
19980
70258
57816
23084
64112
18577
8433
57602
4651
60645
36381
89512
38151
64756
71842
54874
47925
27237
9171
67975
35132
81687
78245
37507
47126
80610
69446
56110
23450
28861
72126
37104
99964
29850
60523
17084
73557
88123
52002
48243
94056
76792
96464
74561
37317
13877
34379
38303
32331
76545
83918
31846
30597
97767
64133
26139
15510
87049
71976
13053
68793
51865
61249
31464
42655
42750
93967
78345
25834
77067
83722
48075
18049
59339
48417
4789
27506
45905
94877
94001
32874
34412
11741
40787
41538
16370
38700
67264
87641
80118
12870
38202
18015
87375
58225
80616
84116
56699
21879
31022
79157
1844
66248
24094
74665
44800
4795
21198
76740
62598
40226
55781
51636
22999
22709
60444
51844
68262
83817
82724
79297
69602
28885
99656
73859
44593
43738
88181
51423
55344
62586
34003
39878
16556
98459
41019
16056
83991
96583
9385
69996
88910
86493
10993
95093
92020
37482
90568
18323
57752
70154
94532
25660
62690
56769
60239
12388
59241
85883
23044
54188
83924
79276
68241
9427
12156
23493
85758
95621
69553
6681
60087
30851
99592
78351
52894
49488
90986
46808
65876
16608
88022
10706
36982
76047
43061
33796
34525
75226
77430
69339
2070
59040
12568
66904
44428
84339
27948
58204
83509
15952
9635
16254
77225
32502
95032
26548
95051
98246
83689
78489
11341
99070
12906
82654
62641
82923
70185
87217
29926
5201
24589
10245
33478
38141
91315
13678
54542
98102
52765
83664
3525
64625
91758
14643
77012
20676
1670
77356
80372
72855
65580
2607
18726
20371
20646
88529
229
41440
4603
13471
1758
79703
44431
30671
31495
56342
60465
98392
28537
83204
3974
31711
53858
46741
55121
89460
5308
53910
38569
33967
27341
75455
95588
44254
13581
30188
26914
57981
60972
65378
51218
70823
94446
54432
367
17365
94108
54249
75281
4160
77134
38755
38776
18903
9873
53248
34836
79468
86503
65226
27613
53360
8747
55652
98957
10138
90302
21720
22626
51749
66868
11664
19690
74216
15409
5796
57941
86023
34888
78937
12690
2613
9733
75956
43335
21552
53202
6464
3376
88599
16919
94391
81461
9055
43754
22413
72831
57490
23591
98978
99933
21146
19019
88721
97651
30063
91706
74054
18543
37580
91654
39783
87308
45994
23987
87534
52695
94648
73993
25449
70002
14936
68342
21579
37287
66584
91370
3144
85849
23340
64841
98282
94962
57557
48942
86405
34260
14747
21698
31070
9000
11908
55243
47535
39075
3296
11844
79377
56092
88913
95707
62201
30298
43729
38901
31107
18940
19260
60331
75742
1914
88743
21503
8240
93055
89414
40253
40980
10080
45920
88038
25617
32569
68213
95041
90906
2109
62925
52216
54038
34754
78702
72861
47419
51148
16904
40473
28315
75995
97342
52851
89216
93482
23261
87781
91044
68253
35294
82016
32212
68891
75736
18567
7923
12427
52839
4935
73334
10035
76346
91886
20731
1120
29239
76819
46378
98914
82859
71482
78718
4249
36298
13193
16443
95661
68784
34046
51682
89893
29230
55188
9449
15647
43955
59989
55314
67093
42469
42753
37040
95676
65693
50403
63840
43616
58304
22165
11774
60456
77219
34742
13
56861
79847
25748
7090
65073
57700
12256
4734
48472
34949
28849
17969
4459
70395
52338
30982
36545
1368
94349
81556
77405
5750
12729
20203
49204
35672
49158
8396
63968
50257
23734
82200
92341
88675
19352
18409
47522
12052
30243
34153
94578
47278
13608
74439
86048
42579
10734
1279
10862
29892
83115
81519
29331
35245
62000
11500
88154
4197
40156
6708
47593
98273
46811
92902
13324
45960
58780
12229
35499
98795
96357
22358
86918
80768
43042
65119
1047
71915
55240
69538
70890
82065
4337
57599
84293
61332
96720
45752
800
76053
38620
7364
17490
30948
30301
49354
82041
40961
63700
35596
33707
45575
98542
2399
67151
132
879
5375
4252
22825
14625
63028
6751
5124
89243
76703
32050
70734
69233
90235
98789
77906
84891
45148
28113
15891
8896
54657
29804
67969
87797
99888
85459
82902
45508
40922
17045
5735
63254
45646
6424
31815
8170
79383
26862
74259
12781
31171
25562
1438
46698
47861
31284
69520
1325
70142
42060
71811
54194
17688
68671
21152
7908
83561
93329
70383
20478
97995
68296
80930
19123
19782
59345
35462
8243
17850
28766
81174
47211
80353
43192
32844
48667
39002
28183
9321
82120
78324
6199
42197
18058
60730
65741
70289
58051
52701
40400
75983
82328
46625
85932
74885
24646
9665
61564
50367
45380
82352
21204
22806
28711
33304
39264
52161
1151
81016
91352
92026
97837
69413
10935
54676
68482
92127
75559
31006
46357
61078
41382
56717
3061
53714
9522
36472
13144
69870
85245
16355
71216
95786
3409
40220
89765
94159
72995
3357
50611
88077
25046
9934
86191
59739
96933
67450
6879
42826
4749
45185
82801
17896
36417
33414
62806
29255
68735
75763
2424
5561
13932
68876
83762
95765
17441
48237
89237
53531
86396
97623
23313
51679
49628
58530
48957
77033
32868
82425
20795
79865
24207
24518
516
54130
38663
79813
56241
24909
98752
58454
32959
61088
8533
44648
67573
35996
76105
98679
15094
24897
33933
94779
88556
7728
10355
58313
25419
76594
29816
41407
55854
62916
37739
33603
9952
64206
76096
6626
43113
20600
35447
90723
50196
71604
30710
64972
52408
71680
87439
42637
30567
13184
71756
2884
60596
69285
42420
91504
43799
97828
89182
85392
89805
86161
49833
80414
34382
45798
3083
95722
35981
38376
78611
15748
63160
61387
97028
94013
56708
61521
26511
23682
33860
10105
35392
24372
26529
13654
21229
25532
68339
49704
25281
61283
33207
43827
98652
766
44495
95261
29715
92380
9110
97486
12327
46613
72400
85502
62388
36722
64271
59302
18387
87821
17569
54172
96839
71323
10688
43360
45774
95
36899
81443
36850
58423
26377
82337
99399
71631
97010
68323
11783
59913
77808
16623
44852
36286
22687
22529
45133
57416
8542
66739
11878
14835
19492
33265
53785
21497
36158
71937
75846
28754
27063
24109
46381
61826
84778
70368
30402
67414
52448
16886
91663
52677
91620
40149
63407
93778
39887
28394
69693
56925
12040
20859
38425
51014
51157
4719
11451
20051
10898
81318
31116
84055
61210
6888
56644
47791
34488
99784
60306
61811
1203
21958
80939
76142
16440
40821
12839
91178
29676
19767
11371
43290
59076
14789
98020
94666
32068
88770
9159
34876
72016
42872
58033
55692
4319
70484
75269
48874
70560
83854
99753
35285
36258
7639
28998
65607
9409
90894
93934
97101
36582
92814
85193
48163
27219
7734
98597
48859
19312
24848
65708
96250
18653
74787
48618
11963
58692
22123
39606
91526
89582
83136
52106
23548
50129
86106
65720
10093
39792
74903
2231
44507
76139
82755
77671
91761
41709
49228
53156
22962
73087
96982
1261
76682
87168
82889
63813
2750
84275
1749
67396
6357
33256
89322
56510
36176
59583
47904
63328
55829
94260
46256
96619
24228
50678
26923
76645
94983
78806
6904
97846
15082
42554
79920
54520
82486
38917
51548
7496
80970
59159
58979
15696
49024
72535
30515
94867
232
29386
63303
17301
84717
70014
95368
69718
92899
26850
97678
67679
87943
29117
16568
86539
85257
2128
78159
88334
67182
80011
7355
8283
3077
14637
79783
88480
92511
71384
48609
28425
49405
78275
90790
48719
72660
39109
44684
10007
27424
14652
72785
11548
37974
3565
60816
11112
39301
80649
15732
25852
19657
42539
84635
37375
92576
66489
1853
37922
43424
15226
66218
41379
34696
12851
38175
50046
81424
58191
26417
76157
73249
6412
38242
84885
60297
94895
52662
48655
58017
49762
65613
95841
50467
77259
11228
80311
68061
45929
60590
6928
32349
32285
15210
11673
56321
94410
10450
87632
60007
41620
19080
12412
17127
89695
82209
36573
55909
13599
22300
2588
37412
71256
8625
58899
74222
28910
15671
96064
20496
47562
8124
57526
97367
70264
25162
20075
97638
51816
55298
70896
91211
14097
88611
6611
77436
4023
74415
14994
44343
68824
71113
1493
4542
69550
9852
9278
6513
90494
9308
48484
37894
28495
2903
81510
2714
42670
10315
34025
48539
12772
85764
26609
69877
69089
68
80524
82465
44837
63178
5857
97394
89408
87464
99079
12656
79349
48932
5365
68012
51777
32782
617
91279
6675
36735
23670
79633
32291
50138
6769
928
77506
85532
92450
39863
15284
98185
7306
559
26658
77631
46439
96265
3415
29355
52826
19715
33649
22599
68448
4099
84745
4780
69523
95884
66410
654
38218
89960
11728
69730
6800
89493
68525
74512
92884
72022
97083
39600
34827
26093
35651
64267
34427
22284
67029
6385
56977
89078
67466
79285
39753
9964
76264
13434
75324
24183
63379
72797
60553
8207
5665
22452
84812
47141
6440
71491
40125
8915
90827
88407
91266
69269
5341
47379
39020
55323
49299
39048
3736
10944
26288
97034
1407
87629
33439
85221
60514
62427
62339
49506
65738
41233
56189
77268
53278
50095
4380
99445
14087
99897
15513
12760
49039
25254
66532
26615
21338
72941
78742
2793
86442
62195
25196
42072
75135
297
79392
3000
34287
65287
64390
12049
54581
24885
6952
71802
24115
11597
82599
78116
51407
77958
31244
5909
28309
22071
7450
52640
59134
25303
84250
41834
16614
73847
63337
10328
36228
60853
89975
99042
16263
45704
16520
83463
27500
26554
96088
5710
17246
26215
38797
69935
99991
43763
91913
26752
75937
23865
14353
94858
29078
97419
2448
91230
6391
56232
87424
2271
52198
45163
55549
39145
40751
3669
85679
65314
48008
13132
44242
30991
1944
63416
81217
81824
38437
19224
11060
26966
80747
47617
63770
61170
60221
50391
57352
71967
24476
18064
13398
60782
96540
64768
61280
39649
78480
3690
17417
63187
97910
54917
50269
1172
79337
76984
63352
89115
38834
50483
2506
69809
20969
88712
93528
17716
52820
17859
70966
82938
57340
72873
74161
89600
60199
76066
37699
4569
67173
84205
85123
76658
18171
98368
34345
74390
27259
96213
10376
11976
71869
39652
59290
85270
41074
54276
67939
623
14667
10624
68857
48768
76432
19907
45389
83841
99823
33756
61594
43808
61265
82746
48258
36362
39155
58588
58271
66462
26566
60865
42969
74579
24567
37021
25242
89850
10611
22788
52115
64032
70075
21610
51362
91944
62330
83176
15970
85300
78025
75828
92972
35825
37919
20630
30491
24711
92200
36643
93958
5518
4078
53846
17698
27009
41602
22443
52915
81934
55832
5359
36554
68543
91749
17750
56959
52048
37189
55842
9186
75446
45197
79615
64249
23249
89963
9983
78568
24320
20282
45725
15912
45563
57032
40732
27747
40607
22339
43583
97242
22898
58548
95005
51233
55423
49546
54285
7218
11558
65326
22562
39347
25675
92612
91855
96113
51600
27781
94050
28376
87714
26853
35175
79538
28272
64698
30115
93024
10535
90714
49589
4871
97928
28132
45768
56528
5109
71995
17780
38126
63526
94608
48435
74399
98203
79651
52848
32059
3183
74338
59400
2335
48063
43940
10874
69742
2738
20524
66041
13443
82386
10544
64463
16404
53629
33780
23847
99155
81586
56751
87238
95200
85492
74604
34870
28794
26059
13129
53379
91474
70273
31760
852
17426
81125
14322
74878
28934
98221
49418
49759
12571
45740
17731
2265
9800
74616
32999
91330
1777
84284
9678
18219
83610
47236
78864
41205
13096
70246
74811
82370
36161
20606
73240
49012
67197
7691
99692
65510
67325
28061
63520
54532
12089
2323
96888
59464
16095
13648
73624
89124
80274
13349
86088
27323
49244
24671
90604
18836
93134
87360
57184
8262
13303
43226
8698
25422
65485
61844
50113
61805
23282
95505
80634
14487
93793
17527
36570
14252
50901
49595
24424
46717
1282
14213
85688
43085
10062
7566
76917
43189
97257
71317
96152
71564
30521
94690
71399
35914
153
30124
85001
97480
12482
55771
87449
7038
99677
31733
64667
89557
90836
21042
37555
78174
47837
42798
76975
40067
35508
245
87189
29908
31
50037
32090
58082
89780
2082
30430
93143
18970
70820
44303
85236
15137
13486
23230
55533
21735
92389
40812
31342
51514
68186
20810
75272
21287
42432
23789
15043
21393
8854
39957
33298
12403
92652
93705
99793
56128
57767
63862
62156
41358
32679
72178
31400
16230
37308
49997
94950
53687
68171
71055
40537
95752
42841
37793
64130
97046
39695
70926
99650
73533
33323
86451
376
55375
34409
7416
41449
45344
41391
13999
12113
25388
45746
80048
40186
87659
18183
66727
71943
64310
57071
37494
65192
97577
62064
57297
21976
64902
4056
42695
83835
63218
44718
11768
53925
56672
6266
90589
31202
16324
30137
57547
7587
94205
73505
20044
61643
56638
28562
29319
25904
62998
47663
62797
67667
38526
10712
66373
53190
22135
2018
82914
77897
63569
58405
82001
59089
7190
5802
73948
79770
62510
85856
11918
31037
85773
96909
3834
13001
89448
66089
84903
97526
23362
68686
39032
31885
69474
42530
71210
40354
93653
24766
88828
7136
64860
40427
51853
19751
3650
25184
67347
30668
81913
25922
22977
8597
67374
34577
2384
39420
9583
86878
71799
91343
72577
21927
48597
37076
50916
17374
77857
95395
17838
80237
62714
62555
12363
12931
12992
8970
57966
22388
46729
71103
73893
83433
55015
6058
58964
59553
55701
54303
90961
2341
65027
16712
27152
83109
11713
91828
3370
16181
29584
59610
40558
51288
63782
25998
89042
33313
4233
20612
80698
48707
51493
74350
43372
24952
4911
98813
59699
26496
76365
16990
24686
6205
95084
53403
5216
72220
64054
19639
24344
260
90061
55079
1026
92695
66767
8069
40494
63053
47788
54078
50556
99537
19672
49561
18094
54142
75431
39667
65867
20182
59101
24778
66346
43277
86002
18790
27808
81760
23124
44144
56739
6559
68146
7612
18717
41880
15073
80900
14069
7544
57477
65799
10221
38675
82346
31968
56281
86994
64316
50235
8188
16745
51801
13990
62967
17173
68607
54444
4841
87366
11939
67798
33948
80326
59800
56339
39506
88602
62232
7395
77604
1594
27186
70847
88428
67356
4041
65555
70701
13465
11536
24158
5384
17673
98414
35361
73313
84183
65592
71549
74988
52250
15772
99683
99500
5628
29542
76243
60248
31559
10676
44025
58768
75641
73700
9827
38019
58854
15027
20817
53605
45411
84595
54334
72455
78721
83030
50940
30365
75333
62305
15394
35923
81736
86576
90241
42377
4487
24433
23456
26349
65546
84644
36969
42084
33497
47205
693
46897
98508
58497
42777
71470
87665
6247
77082
50596
3229
40708
66263
74366
30909
87769
81675
43293
26151
86622
42365
10590
20002
73456
99601
78766
80
99711
76206
47748
72812
46250
96027
46763
85016
16297
51905
27375
92136
11164
10843
6019
81302
74271
93696
50605
39362
29557
34845
41034
19629
54090
91425
53495
90571
40799
37702
67704
24521
53089
62079
25788
88343
12439
36445
30774
33091
67243
416
67203
98359
69065
38199
92084
80680
72089
38987
79188
66395
75049
24930
99436
18668
35813
9467
21781
7206
55921
43976
15387
2140
43235
17600
46415
24875
72901
2485
80668
43381
49827
75486
71442
71906
65812
67292
55982
70920
30719
34504
75126
32496
90476
96296
43036
49814
90687
73105
89469
20896
94193
43180
28617
8146
83979
54810
84607
31415
21448
19452
32966
89536
93894
43497
788
87513
25129
31952
14338
62977
50428
1487
4703
85987
89942
66117
79242
25434
78003
30582
15796
68641
14402
20350
81000
35331
23279
96705
67899
6498
82313
48130
27128
32313
2683
934
26694
92112
5011
26578
22632
26871
69037
91138
70200
62879
85703
27958
66623
11506
72678
16315
41694
21238
95316
22986
550
60767
678
66160
95496
44587
60639
21262
48581
15903
29697
97230
96329
89863
45121
64985
15577
89725
51105
79258
39716
85483
48337
64542
35947
8686
38553
27894
3461
90674
92170
73908
43982
90403
39740
34433
51948
87565
9556
17396
24653
72162
45179
27692
8613
2439
77765
29053
70475
99036
28370
59620
86155
62037
92454
8793
9372
4801
66025
53055
90149
82673
14243
16871
66523
7526
3605
43601
32773
275
61515
70853
39628
2955
51453
55158
14536
20572
27851
11319
67124
14158
18317
61011
1420
93274
37241
39972
47730
83585
71732
39545
99299
81766
45231
84095
90851
49796
86850
50779
33484
12607
91334
63486
2256
38749
42814
82514
64374
58518
49399
2057
71824
75205
11066
44889
86390
35541
65519
18140
98072
7917
49146
25058
87296
141
54096
73133
76948
62604
53800
61896
46262
24286
41135
54972
18885
63880
52506
94584
69291
9092
39136
67762
94767
83747
97172
19288
71586
54554
26581
86249
82099
42896
83628
31308
3336
47083
42264
27537
40180
33729
98057
1926
54395
91736
33127
87150
86854
80942
31565
52265
20167
73432
96653
83234
79645
35743
77799
90867
84131
91013
35886
50870
56156
29123
13205
32096
10383
85587
7428
21940
97403
52363
98041
88532
90806
60941
94339
3724
93781
88270
2948
38044
24607
58738
19294
32618
37470
428
38941
14475
44785
18168
71930
26249
28480
15552
53937
7471
99912
69224
15311
79096
85645
10126
40778
77125
11438
43625
96134
78071
3858
91718
67881
48090
19803
62214
12290
87085
11829
90363
88633
63468
45871
46537
81623
65436
24991
30198
66636
34455
70026
60056
51792
94553
92930
65085
93512
21943
9476
31644
41047
73786
116
61582
36429
6217
63437
6254
80558
96210
14365
49665
46341
16660
40659
19098
5588
58158
93189
67145
31510
37342
48819
65842
9720
41660
22730
80216
25150
24061
18516
34586
24445
10834
74402
14383
12818
97379
89881
69098
44639
35810
76627
394
55033
32242
12174
31125
45865
989
34772
49903
88837
79944
64493
60062
46854
40714
76835
39170
44101
94498
76447
23295
62366
29099
35169
28727
29416
88147
78013
42219
80024
1969
2515
55491
46290
87262
8881
58887
4902
3492
39924
36133
47403
46103
34079
27417
68320
54688
82825
80091
94956
26633
20551
96277
28974
14863
38462
75666
28827
46225
8930
94266
83265
38096
93415
65149
70499
21814
92627
22672
90311
46406
3760
65757
62186
42246
45334
2314
94516
29606
57660
71891
96860
40369
7435
73649
26438
52475
68274
73026
12443
97287
27826
59775
99473
41282
8555
42322
15653
25663
32923
80427
18897
40076
37601
99268
31745
5967
11146
61423
15052
85068
99463
81528
13828
68705
6608
53751
19242
89832
36243
58750
47181
66648
687
39246
8719
25095
89264
19596
79892
22172
21467
81073
12473
32013
58381
82166
8426
44895
98237
32279
8274
40571
48029
78968
3052
33063
37812
95801
11448
57410
71357
28653
45426
11585
26362
93754
82190
94996
42011
70105
60190
60322
76862
28028
5280
42115
84690
14805
69620
31876
96036
72251
83500
55460
25516
8136
17267
20035
90928
46598
8585
39496
34562
20701
94126
90766
62751
73142
76752
70115
1807
48279
3507
85691
78669
40290
62815
18360
66776
93396
85718
18552
98829
84440
23078
13859
62537
32636
37421
77027
92063
37381
28126
31794
75089
66877
23304
77823
3129
75635
67811
85099
40986
32450
83573
92173
46015
17518
431
98768
65986
46558
56498
32798
98478
6650
17118
17814
80106
57959
25361
64829
54419
35019
33552
82837
28925
18122
53107
79963
87113
3043
77686
12336
23905
18427
38453
87494
55399
30781
99631
41800
53336
78657
27317
22437
6409
32377
95871
15549
14917
14551
67826
48261
2411
31199
72751
13352
1236
62360
64798
68848
19336
11420
56797
42911
13794
31269
63666
77042
48292
8368
87900
64359
5649
51584
24759
19413
61832
64298
93674
35422
75522
16468
22159
83124
87140
18494
86094
25461
27775
71885
89603
31214
65442
78904
60151
91309
6867
50547
65470
83646
79422
67139
41721
97315
64911
36487
40433
83350
52979
13318
41514
96814
23407
89936
77732
41150
25824
45093
31150
70423
4511
74314
59000
70658
29722
48139
94089
30893
79526
52646
22266
53025
91102
77183
40955
15198
61625
21567
65003
84845
85132
33671
53980
97153
21662
2622
31354
54474
6089
55442
29667
66675
79560
12360
66706
83396
88468
9684
52787
43027
4001
95777
98252
1706
75840
98514
49512
92722
20844
36652
87577
42301
56605
25086
47690
30625
19544
23704
92933
87729
81498
50828
98707
75507
39936
53705
96256
49363
7248
47297
16861
49442
2643
30076
76850
32322
96378
79264
6812
55137
51249
58420
59406
86301
12208
94068
20450
64631
83048
13016
88294
16117
99839
49140
32734
34134
14496
44083
20212
54371
46
30280
14948
86667
20713
54426
80338
19434
84574
36185
42808
84211
20768
5240
34998
98874
75800
16272
36359
93580
66434
82624
19861
17029
35520
52729
71241
21348
50068
87174
73005
13242
3580
82084
33835
35053
53452
8808
90943
45319
54029
16996
76612
48111
67054
21726
47846
65186
53888
43110
26987
18155
74006
42359
65668
97733
78943
63898
6040
94736
7898
52179
14548
7715
58829
56778
29154
5146
17057
61146
88584
57276
68302
96058
41346
61237
35959
76340
39725
37140
38801
72135
26011
86548
81568
50742
93851
38135
74939
35257
22574
16285
86786
41529
82132
26267
4767
99091
80460
51374
19697
43162
64805
41327
39744
41221
52234
82175
1465
45847
71232
49378
22242
25693
88682
29960
635
41749
78953
32624
5195
32398
81089
35569
92008
26932
74302
56818
13514
67484
73667
85184
44379
91565
7670
40418
93564
91871
75577
93012
82541
39274
61405
66993
85178
69770
9565
9787
85425
37723
69315
59849
81775
67713
72181
14692
20548
49454
33402
92032
35184
84522
25403
69242
88819
75193
81339
3516
86893
42905
72770
79688
1624
339
43677
77884
48884
40458
49317
73881
91053
69849
72156
57425
78205
31785
66498
71479
73356
89396
51737
48841
83719
10505
11695
54465
34629
16782
7486
15867
25455
95987
47608
11951
15827
64820
15488
21381
63749
5414
35843
26182
30356
14972
60376
15018
15491
41898
91694
80491
48527
44227
98490
39292
73044
74625
69391
23816
19141
82129
91489
72278
7944
50336
77726
27479
9574
27091
2869
64142
43747
20636
1890
5607
57886
89795
71872
53635
22767
80381
15769
58820
6116
4264
14145
77393
93320
21753
95951
62345
32193
78269
74640
24274
37082
7776
41053
9913
81327
51532
97092
29044
5338
67850
39710
46470
84955
82773
23624
70228
42475
43650
76587
98435
7343
84562
16642
56440
84839
50104
42133
96750
48984
35346
86747
22321
32557
51996
59961
66279
24811
96647
85993
31403
24299
39460
93601
26975
84858
25638
7825
22846
52207
32401
11921
22147
86069
80198
71509
51923
62137
27903
10724
27665
81046
41852
12879
28211
5173
13239
75150
50205
41645
70588
64725
92237
2787
33146
69379
89301
81644
67728
27332
53449
59098
87803
83878
94169
49711
13376
83362
75928
76291
60627
57004
51655
86225
10523
8417
91959
51984
19361
86313
74265
69205
21259
1694
58378
21161
88666
86176
35624
11802
58490
73823
60178
65912
77076
37751
33185
90082
99402
56455
3138
63068
13523
90113
87916
8011
89487
27598
72974
34366
31989
30335
82151
14725
72553
69498
17032
23539
22049
41944
29737
50791
18149
3623
74131
69828
17631
995
9974
87223
48734
6110
70124
73362
55469
77967
61097
62406
81147
51291
75690
88392
98731
65055
10276
4996
78605
10190
53428
9440
95978
22205
91291
79752
18949
64994
22013
84467
72526
43787
97056
65928
33787
75309
59931
23102
32438
10261
53827
7984
12375
18442
94355
31534
40723
13547
57139
470
17240
27625
93531
78696
69425
1075
29102
72333
86698
6931
79902
47324
14112
25019
49076
92945
88227
84318
76999
38685
45676
67222
6543
80503
51026
8664
44657
32883
83085
51609
79487
23932
33271
67478
75351
95472
49235
80369
54047
59192
38187
77152
90378
69278
17103
26621
38862
2817
33152
34360
66886
84998
75428
50025
47895
2985
9336
81803
31452
63657
83222
15037
23325
81632
91123
89295
12266
76218
3953
87458
45511
10346
44339
12299
36979
40305
12613
74683
13721
33921
51551
19538
90668
34907
94477
11686
49213
3882
61158
20066
75730
61912
33216
14515
82401
6836
99347
13566
37446
77204
75974
20176
68195
9607
72547
58942
61777
96460
8152
76810
26670
74100
19056
65043
78403
92289
14777
95075
93039
41675
12583
94806
19449
480
53080
22876
12311
94828
10410
68122
63001
56025
73813
55384
81611
93152
42704
29853
3269
36536
60993
73377
80253
45002
24079
34919
52717
44184
13968
87855
34116
58448
13282
23508
49094
46216
23469
98667
73545
27585
80393
21116
18689
75104
56537
2555
61139
72681
95691
36661
51053
80204
49003
81852
39213
44135
44001
58
28226
46396
37513
21418
29566
42957
63797
64649
65687
71262
86902
57795
29380
28458
88660
50647
32236
91636
53013
31333
69074
59256
36042
40598
97181
28409
61069
81608
34321
82419
91602
71140
49000
54749
83213
968
11609
34498
51328
98218
71763
73493
79984
24857
83985
67878
66578
74778
98639
54267
98969
64509
42862
18079
13559
55680
93989
12974
61478
38654
66074
60694
88550
88233
88959
56162
98987
6983
55719
26163
40165
70176
57117
75892
36326
63587
16083
59330
58570
57328
4310
34656
43055
23377
13746
2979
62790
82609
60706
19990
35639
47056
7850
76938
36319
36789
34934
35709
64930
92148
56827
47641
12558
9995
57224
17212
79365
53595
65397
34070
70862
91773
5829
55805
76502
42682
89856
57129
33524
21079
4593
67402
5469
8378
37784
34083
78284
72287
7389
62833
7508
58478
58433
5594
82581
78830
24915
12644
76221
76328
91813
12543
30228
44019
5988
21702
14585
10907
8951
583
74500
1960
50538
74823
29264
1380
55167
33243
50272
15711
85880
85566
77701
86323
22614
16575
88706
25171
80869
57261
96409
31388
27729
86252
36939
15162
20905
90055
6659
525
94703
67075
55115
196
61866
42402
37000
52289
60349
97663
66108
37211
81009
20313
48566
87745
52039
94230
25318
86286
61542
23578
17795
44867
25376
28144
71070
2765
76453
95069
98902
31653
83429
54136
85541
96003
18268
85447
98557
92508
42975
84400
62272
30375
87995
50242
88999
96558
57520
68055
77247
58869
42029
64362
51713
41993
1652
78052
82255
45258
4352
52372
56843
74372
55359
3168
11402
11045
1136
65342
34983
98923
18754
27631
60264
95832
44617
79307
62766
33875
40098
48777
53309
46775
76285
96012
56406
95124
42273
22547
17313
74048
39466
409
882
82972
9885
35730
93168
43845
52326
57718
84229
11268
43702
1105
29477
94278
9028
24164
49183
92423
92688
78739
67493
25522
6669
13700
596
49918
27836
61051
20890
77283
12821
33451
73832
77463
52125
91630
29447
59223
27720
84342
72666
26252
61707
40546
90171
7621
97800
50889
28049
35874
99335
90214
58185
21320
21058
83072
5454
28583
72886
93427
80652
51340
90510
69321
81376
45023
36405
63974
62412
15372
45304
68598
74238
25846
11039
94541
6745
40006
25327
63428
19874
8109
27164
98682
89423
41669
12717
5839
59003
97977
47513
63920
76423
93351
68729
6330
37098
69501
81064
9147
54819
23523
37644
27057
12519
30573
11796
74106
16971
33741
69791
51069
11292
75480
11487
47587
27283
80573
13382
80033
59119
19178
36023
4679
97336
4899
31424
36777
18238
84192
74115
165
10361
96897
25980
8338
42002
6730
93232
6287
26734
16169
86597
32221
6830
19523
14109
83753
63843
29172
27387
72248
22492
22950
27399
40949
71183
40210
92338
46970
18296
99146
269
73572
96164
98847
25028
89994
31513
5063
3702
59058
26743
43018
34617
96628
64011
13971
73304
24259
17200
92078
98996
56418
7166
71332
12894
37803
33661
57193
87934
99930
61924
88932
49323
46079
9815
18284
58042
98899
31922
385
61213
87476
37967
44910
19776
67783
8976
22104
32129
94938
40104
54944
54523
24625
97275
37592
51044
45621
59858
8490
41507
44294
77750
10145
171
55961
80069
12012
89545
97327
68866
33658
4227
82053
60386
71024
21860
72602
80155
96756
54932
53763
96543
39530
92777
48499
80585
59177
35386
11942
45783
3385
51349
99170
15354
28507
73969
92182
51099
73609
66520
77366
74509
66559
65238
83939
16007
57993
5549
19034
73588
84089
54761
22870
7071
4389
37177
60431
25962
5900
44913
62903
6714
14304
48044
53586
32660
97355
38962
4868
38508
89823
46171
38999
46662
32761
24866
74744
61677
82618
7935
16691
87256
22489
62116
78650
36207
39130
30842
10962
43097
49863
6894
21186
65943
90470
25116
47739
91831
50516
65964
20987
80594
98859
58799
35215
29780
59760
90223
48206
21451
25705
17865
63312
6913
59214
29636
92804
79413
45823
17273
36683
93808
90973
63276
39063
93998
60914
82642
34900
36103
64283
34336
60535
22425
16599
60892
37543
1783
56131
26713
73288
41193
13538
37049
82532
40012
16398
54383
15122
9397
66562
8985
29596
5558
69681
11158
39860
2631
483
22251
91547
73191
1255
28965
67560
50501
77192
89148
84739
64008
33378
69651
95911
5723
5945
95484
9366
61692
66929
56611
10569
27524
50159
96048
82288
74857
72916
40271
52546
33597
55875
47629
9217
1542
53611
56428
88370
66459
57584
4648
14731
67649
83167
67923
37357
36887
95618
26291
71122
94321
53525
4404
76188
75754
10236
18696
74842
39252
32572
92765
11466
20563
80628
55271
21433
49686
48285
86988
98728
96781
25400
81244
59867
94486
61985
70514
60776
3251
39112
34244
27967
51447
42740
57679
58100
17981
17612
36615
63682
67014
92606
205
24463
99006
67945
92222
95795
98716
12504
11188
62122
82764
49421
26233
35892
39390
74695
68531
97941
26023
1005
10959
77320
55683
43943
65766
837
3873
36274
49347
41083
46055
11820
38596
5033
34018
92042
58146
5494
52500
43323
62165
20340
88062
14045
38273
14438
56940
72312
1142
86939
78254
28098
11100
59958
60026
34668
61658
78974
72632
27735
29035
12986
22553
49042
19065
23957
75879
26490
52738
80781
7673
82816
83533
39612
17154
92536
73935
49305
28415
49936
12800
1612
25223
91092
82032
83417
99817
40937
91465
76499
49268
46488
78928
44037
26508
95640
58231
63392
77479
33588
25751
29459
93903
65909
88279
94187
21918
27924
59885
20365
94886
23008
69898
73060
62699
20652
46583
71598
1737
19162
94529
33719
97916
52390
71015
41309
32898
36915
90842
50654
93509
51398
14261
7703
47367
97431
870
15705
39322
28513
72739
5021
22230
83652
81409
59897
2933
82877
25730
78919
14060
11652
53116
69632
68815
1572
95151
16248
91379
65629
11564
34763
76413
42103
22345
28489
36146
72623
52588
10163
70347
64832
22776
27601
35605
98066
52952
19663
13505
45157
76886
81849
98115
11072
80979
14707
7123
10883
31806
35480
60492
80246
44556
81388
63532
25934
19925
47672
10193
50080
92563
75187
24338
57731
48014
73096
23203
93647
29746
12394
73130
64960
53229
29361
55747
45435
72208
80561
59318
22480
29307
71378
15241
14179
63642
21421
70539
27143
87977
37632
54603
16773
19379
33198
25275
74994
97510
57285
59357
25892
6293
68619
47358
18372
95182
41971
13227
83970
6226
87079
2247
42292
6693
64325
69974
91245
30390
57386
330
57065
8051
7868
41025
89658
47977
44990
64173
187
83091
24750
9116
28855
51163
9907
2652
7819
30796
40885
7023
41733
32480
48978
22376
81394
8478
40748
87558
60016
15995
757
13782
69736
63578
89817
43577
98389
16495
4612
10560
78388
60401
83823
76575
83143
56199
68223
77839
3110
46637
15561
18342
1243
67905
77659
87400
73258
87616
23188
20878
22736
87348
11335
78690
86884
63923
50766
63828
46198
73414
28873
10492
20685
33234
39399
41419
81540
20224
37748
46930
34519
11527
63123
24235
14982
68964
25803
99549
78217
52683
59632
7013
75388
77778
58921
1505
65152
71525
13077
24949
65171
63077
40387
34922
99943
84409
86072
96332
41474
33579
28431
32465
85157
29828
39176
62082
32490
13959
99314
74329
3592
92054
96436
97745
45109
37195
22657
40845
8402
60093
26444
15116
18415
21082
91990
98948
29212
61731
66062
28574
1938
49466
2112
33179
9598
29767
68165
27088
68134
65476
31183
93387
32386
31763
66822
54856
38392
59629
74717
21970
21805
97806
71729
56852
33362
38062
4361
14683
76764
31894
66013
92106
71790
44193
98157
1459
72358
94422
91803
42673
13633
63944
48792
90885
71164
68207
99375
47635
77457
56031
48188
42130
84754
57505
76090
60276
79923
42948
44529
54624
43314
57868
22040
88971
88495
95118
29438
57438
84003
70405
47287
21296
89289
8030
80292
74183
40769
16541
70716
2192
40564
97388
9241
34549
97532
96180
53235
64747
83283
51178
11194
57844
35773
58603
74897
57749
98298
13947
96927
47080
54227
61631
62223
49436
68915
24805
16709
74595
22239
64582
27842
25263
29502
57087
3827
47172
38572
57902
30536
32038
38636
93863
72620
78528
26273
76789
9192
93406
79853
2378
20151
87501
63343
87415
59516
39374
17389
43131
19968
51523
62739
46161
69059
16077
17783
83787
8649
58667
41581
69007
33506
42585
15812
37821
49177
73676
24058
26352
12848
12497
19993
43900
79035
1230
64899
49537
15433
60352
532
74015
94568
2173
78837
33518
77344
70756
35935
72031
73481
95743
68506
88514
10810
17295
45887
3153
70774
15754
79777
56666
66715
46460
84147
11216
95331
5185
88443
93842
90626
61048
17322
23435
38239
15326
45682
35669
68943
10990
38346
30149
3309
98407
5716
99866
49271
97883
44391
13926
72199
46271
86518
51438
61326
91163
44285
90397
27649
38541
9498
69382
70765
18003
62043
27076
41276
70609
56293
15833
50492
86353
55527
34031
30088
19898
19608
88019
57209
61442
55869
73615
15186
61948
7325
107
8606
90543
94700
80170
34592
22391
55561
67743
16956
45661
73563
950
67865
81730
85480
89432
76691
18808
39902
3006
19111
75968
30445
58283
70203
73597
63205
15940
55665
49192
29657
59427
37058
43216
59443
99579
26316
94413
13755
42542
36792
83692
96518
37165
68635
17353
97068
61603
82944
58658
93912
93082
81714
15888
5427
70795
21845
23053
80057
87735
96601
78876
95466
98777
21247
92981
36692
99274
24939
3324
80222
78882
20914
81162
5008
99708
53995
81266
72709
82789
77591
82432
47153
20725
76743
53513
59495
74793
345
93882
93555
47107
81962
91120
84266
29087
16022
55594
2204
26706
20508
33463
99625
9015
26209
17954
93546
82148
54508
64484
55604
28675
75318
32584
6342
68238
6305
72373
2540
76163
66752
69578
73179
44779
27042
51890
34632
9742
29514
32071
23673
30488
31446
55515
77585
24454
74943
35084
9034
306
12961
72236
91065
20273
30954
65247
89759
82697
68415
71747
65360
64655
38590
78165
20466
16535
10920
39917
58341
44846
78144
25886
98832
39832
77518
62009
28449
63904
99366
59296
21180
80918
88755
13575
44312
74976
39579
76175
17469
33347
3428
64683
3553
10422
52152
9775
5243
50760
27976
51612
99738
98087
18955
32547
88373
34610
98423
2094
37235
82248
58902
69028
3696
34293
57779
34211
36063
88163
79661
99515
25571
98328
12232
38895
25351
90421
49646
94022
41315
2829
5869
54844
92789
43668
95591
86796
25342
15616
61481
56995
98304
54926
50977
20926
11237
5842
40912
85959
94919
79026
34177
90091
66813
34092
14133
51691
73298
55884
56147
41163
84546
29468
84488
6180
34183
92737
30015
63285
6165
78507
72147
36600
95548
65641
67334
79105
24042
58463
2894
23063
12092
32938
37336
4822
15803
96979
98606
28528
45469
51417
75461
30164
62055
58988
75498
8454
88694
9833
43592
94834
28153
33683
62528
78592
13419
32920
3284
7462
54566
48649
15339
86820
36930
83899
15690
36954
8823
24360
30253
95453
93006
35029
97870
53400
50574
44562
73951
12525
86121
89683
94385
48749
29181
96766
69108
76923
86051
47483
72120
95148
61393
58579
72776
21998
95408
59238
85782
15235
84867
84968
42930
61667
9754
71439
4834
92969
79471
91492
14792
90958
64417
49119
19828
68381
12912
11124
74833
72474
25153
26777
608
97294
10694
91153
31016
49802
85734
63169
76276
92646
61112
51783
68357
27356
99354
79072
10019
44733
69925
11643
15268
96143
61432
37391
93210
33994
47342
56266
705
27659
14908
86765
3898
24787
40622
62708
34055
39188
18534
53956
98197
92490
2775
11027
28544
95514
50474
97211
54300
97898
32001
97468
83188
56989
60715
42505
7575
14768
36805
11304
58140
25297
53480
89341
22916
45600
55555
77274
81891
58368
35700
20328
10828
59925
6183
89618
27515
5887
91190
67048
84372
85627
71662
29868
79807
43528
58216
4130
52094
62461
4966
28241
4572
89911
93766
37143
40870
75174
59382
34681
93973
52924
43854
19022
45698
71003
76316
72596
35157
47257
54215
99613
54365
81205
3235
77692
75904
65455
71100
86
82480
90705
39286
4148
99192
51896
17707
57917
29392
10453
9501
48429
13459
70099
53122
54453
26008
36826
84824
24726
63620
65366
17939
55973
2283
93616
74653
50733
69819
17145
86204
36863
7807
41782
84061
2878
60132
5976
16675
92270
20945
76359
47010
60969
14466
65415
16810
56052
36121
86033
45075
84873
46009
77976
75165
92835
57929
67563
27997
13709
76386
16379
25489
18195
21589
14444
31296
28986
17661
52469
5912
40519
97193
26645
59049
24149
35758
57670
92319
4978
84537
5051
97425
63044
17283
79456
70685
47037
48404
26941
5286
19050
75617
41889
6138
40140
40265
68085
14612
90793
6562
31852
55481
89667
51087
66669
58124
58808
20295
71177
1639
34263
61109
9626
50684
97233
52344
92594
19748
55176
34198
74155
67734
53290
62845
96668
86475
84510
38382
45948
68363
61887
15876
45032
20939
81925
39026
90638
79148
13108
22184
43436
28690
95899
21869
64524
76017
41822
11381
15366
53318
68097
60416
38086
40033
91584
3025
53507
81983
34961
3946
59723
41102
32526
70319
6006
78537
62729
36338
84028
28693
27402
22086
24329
8225
7761
35859
10929
58719
52771
30396
19813
87247
16105
12272
97074
63627
79493
26148
92466
90745
287
45353
83735
67383
99128
57496
42603
78299
25776
33951
86829
23655
48639
1569
87485
86979
30695
69169
5677
77497
40803
54999
19202
20304
82447
79221
4926
90522
82380
69355
99231
53861
54670
47068
88456
8735
85383
40329
79520
50318
53571
14872
31861
2167
52396
24381
65806
76676
55109
22812
11329
56724
77118
79795
83680
78232
2729
1035
10309
56562
16208
66288
56888
5875
94971
92475
17258
99137
39679
35233
55225
30723
66688
20084
8848
24503
56080
38935
20270
23414
34232
70646
23603
42142
91681
99213
35352
73188
60251
68699
30890
48899
76471
1349
21659
98444
14823
26407
77094
68955
96100
97620
91797
16129
42988
83002
56012
96283
53266
70545
99106
92277
68937
25235
23996
49949
40030
34223
31235
94724
60041
63447
49857
6046
4859
15452
37116
75025
95328
85572
92850
39982
49674
81797
31580
2918
62436
32102
68924
4282
88898
58725
98539
26767
22114
67991
58790
83902
95167
56119
21476
90024
18985
99058
64216
33014
6482
25599
68152
26117
59763
88056
12250
14222
56467
34858
80124
84037
71647
83310
50928
66034
39359
69758
14429
7966
56659
27271
18305
13913
52652
50983
78092
43210
1169
41770
80485
15598
30979
70676
58063
75593
92099
44758
87070
93342
38929
42768
73395
73478
76609
96222
8780
50412
58075
81693
30454
82502
20829
61939
47712
12168
78446
80701
48383
19343
45713
31525
60886
77936
97876
94031
52146
30811
79545
47339
67627
89563
11359
67005
56446
19913
84446
67103
3934
65958
95426
33863
52988
95575
52564
89155
61228
14600
40992
72956
2042
7535
23218
49088
65162
46183
80472
79065
84513
14930
71695
5933
25818
78672
87287
3208
40378
51569
66318
79712
97568
47397
7602
47461
67780
58957
81705
2009
70521
50449
66306
55256
88566
76877
64103
31611
2753
84702
60572
455
37989
84586
37714
40854
8872
10340
80469
13218
5695
2353
74753
23426
35376
95658
23832
88944
72266
17502
64866
17942
65278
71576
44043
70875
89747
59672
51035
89316
69709
11005
23520
27768
23563
14167
9543
41846
28895
31940
17826
99177
67682
73655
4889
56385
15220
83558
21775
14209
54258
13779
61725
8317
49747
88855
9415
22742
43775
47986
37452
55262
3791
58646
18842
44449
78891
14023
61371
40088
24640
99454
4273
46479
33548
19959
79166
79328
53068
82737
57218
80088
68903
26685
22757
34470
68836
1090
73221
79233
12674
66205
92356
8292
97266
96488
1386
96872
96473
98938
31946
80719
89100
93119
35798
3989
85273
44666
1511
1215
31476
71406
7831
63099
67038
36344
63956
30839
17331
89740
71341
97135
29618
26890
18830
3769
3095
10465
8002
70295
95649
6272
57163
35413
47776
97858
66855
54102
64719
45813
73011
85825
57709
71033
66166
76236
42487
20786
8384
53000
94626
65973
4505
37656
28812
312
44574
25644
94282
48679
87009
86945
78846
77372
55045
36673
44208
20432
78376
16218
87772
82212
85895
65308
87989
27887
52451
86609
47696
63147
87208
8671
20124
52515
55896
93256
45990
92911
4474
5222
44220
65070
59803
95823
50782
63242
39429
61466
22928
53418
90775
27179
88843
49109
17881
84617
72437
9458
64045
71985
56049
21534
45807
77567
44077
55634
61460
57148
53092
70835
23642
32358
82966
55301
42386
92704
53364
43403
68424
59433
38364
32514
40482
47492
47550
20517
37262
92392
78467
29874
11426
10813
46149
40116
79954
88282
28641
8252
10578
92872
81867
4670
13089
67603
54828
33625
48102
71833
17978
47266
18705
85901
90418
4114
31586
42255
6333
7251
94318
83017
85651
69941
27549
7294
55414
17621
51264
79044
95908
69144
41099
46506
74482
95560
42423
39765
31824
40345
90162
9232
96692
75550
22956
51008
99906
46155
64731
28663
57978
24488
7401
29328
38782
87678
32724
20759
68409
58616
90329
82270
21375
65821
67457
4728
37678
64344
60123
46525
51728
3818
66095
75852
63038
79218
76310
94620
77643
68003
74524
66449
736
48368
28779
16926
70234
66239
23255
50171
77387
12748
97495
36521
35438
90619
16483
82078
16349
18998
58338
66608
91144
48313
42460
62574
36637
75071
58161
81281
46100
81592
37995
72745
29294
53776
60035
51755
18229
72065
30643
28623
38703
52436
18915
48786
37296
30607
3458
39563
46940
29200
74671
55738
54120
50968
60676
38538
10792
745
78583
36234
40049
86658
34809
83402
67090
20429
88889
43400
46119
13297
15412
67280
3846
86149
42518
17182
19132
12763
19739
20997
61313
87092
26038
33695
46879
87818
50705
63889
6778
21213
66007
62150
88083
85358
12888
9342
80546
75565
77573
77848
36399
43348
24009
27820
78412
54905
58259
5393
67634
37125
96500
4493
43442
22025
90271
35325
59150
87845
16239
32139
40409
95282
17609
2692
98523
43888
42185
20252
53321
62516
3116
32117
51505
1352
56839
19217
80771
47501
14850
44742
53678
3037
69788
57782
23237
44953
46781
99085
69968
10779
30915
90381
17804
87839
23389
2710
73972
41462
79731
13630
22663
50724
63111
93223
21985
32978
86530
12192
97782
87955
73801
54798
23148
33429
83292
2671
64393
38825
22062
63138
47968
38767
99872
10764
6153
11255
75699
21888
81992
16334
818
88434
24082
11084
4084
92869
32828
50187
78138
50223
53006
86429
86753
88172
52622
56946
26395
5631
97953
7871
23356
27201
64573
82959
89921
47556
93683
96521
23584
24985
7956
98569
3913
11176
66370
48682
73462
28193
94846
14454
16855
45536
68046
73423
4960
36716
10257
22220
50004
78400
30655
1474
62864
69309
26108
59275
92325
82493
64237
93821
89103
46421
34446
7264
29004
93195
76896
90455
72342
33918
1523
80146
86643
3180
20951
58918
27112
47873
3657
13816
96503
30826
43870
47953
4392
85602
76719
95356
54154
63932
34531
50583
93595
47315
32175
79114
43998
4133
84723
66413
64478
50440
40677
49640
51670
84699
92679
72849
28339
56254
77445
62488
99222
40314
37855
33844
76661
6528
54233
74735
59907
28919
7062
23160
34641
35032
33884
62623
18467
27469
85862
85111
35453
66388
73169
75916
44724
16663
90485
23890
31708
18598
71152
99488
27369
71857
23172
40467
61002
93281
49610
46827
43915
37403
43256
74149
38401
59473
96348
53916
91395
58872
19938
14014
83335
22519
13712
31321
51252
29645
80802
81052
17402
7288
97709
4752
39405
41251
37531
97730
90879
54639
2408
73035
92295
58701
5295
9046
63608
18778
45551
30683
10642
59125
85929
97715
57248
28083
79011
38477
10056
90101
19407
75806
51359
70432
66132
50959
78574
7172
38813
81363
93302
46543
17542
8933
18619
81818
33631
13910
42151
88324
89020
78370
36860
57316
79578
53730
46308
87403
47751
44465
99186
54487
41935
94922
59659
79441
46021
52796
15296
67069
90131
65265
9653
15586
76465
23560
38282
45521
62110
70972
8039
68769
89475
48441
51227
43302
69678
63596
87699
45606
47938
71512
29792
22010
16019
75260
18369
65726
27024
84623
59702
54206
38312
10413
7337
90076
1096
46045
8094
16724
45493
15989
59946
16965
9620
95936
35279
65384
5777
3489
32758
30478
70380
6073
53748
63086
16160
27677
52527
43720
90128
33976
60688
39090
8701
61173
13611
38163
23716
23014
57459
22199
60141
92212
48722
82706
50309
95246
61182
56223
19306
46998
47944
40836
56305
45933
73523
83475
81839
99662
61960
65888
54349
31623
93091
25873
1819
38443
83793
65995
64518
24534
29963
68076
64454
46329
86780
81229
7883
97168
36219
81189
3431
33045
67832
95139
2546
99283
29487
65653
12662
99112
20868
15448
72464
83619
7148
75397
51767
9351
46689
68573
99775
49982
60486
60480
80842
88501
12345
52018
78989
7996
82575
81458
77790
49885
92716
79889
23612
39234
42786
907
19196
37369
96637
39094
11210
63456
63633
71952
15067
94678
94367
74726
45060
72696
34714
24735
39222
31904
15271
87122
94507
48905
23856
99976
16944
89625
74762
73755
48578
70563
72513
44996
64081
61875
30765
72825
38520
75297
1713
4535
72962
89716
98862
44114
67652
91410
77109
72449
2851
62638
8869
1392
76038
17762
75675
50293
66337
70936
91022
33738
91895
22645
68778
17475
66425
95255
54572
41779
10438
78031
27485
70640
73346
90342
3348
61027
89521
21326
8329
82569
40903
20402
42725
12467
1908
40336
87909
88099
53345
17658
27683
30024
50895
79139
94373
58536
5616
93717
71283
7105
72483
66254
77537
81974
66953
54883
43244
54163
52579
89026
24402
33109
30619
17872
79007
69596
84253
19425
96738
98371
36768
18879
23810
47654
5262
22584
48224
54963
40445
1188
69919
80884
61039
43696
28470
75376
48191
74076
88575
67511
47422
49726
69642
25339
72321
87021
95350
52189
16135
46061
27012
45295
20459
28162
5439
26066
64188
73514
28013
18525
57468
75113
52878
64155
14679
53818
35224
54896
68372
62098
88419
59745
16453
15342
27707
20249
37778
13898
51124
75943
85322
12455
70698
86435
22791
90558
15302
28354
57175
8198
15925
80954
53568
63733
98145
83246
53699
45615
90159
79999
52936
79749
14606
26594
92151
32255
89908
64533
96598
76252
42209
16144
37433
73264
12302
87546
62778
59165
79401
24195
58506
5118
83454
54706
13035
32663
26810
38608
54719
23761
38263
65537
72428
70322
21897
29972
67432
26835
61905
51313
88642
37476
898
67545
88352
26124
64225
31162
20539
51648
57239
83326
16688
62296
26462
28382
75010
67618
70463
74546
88788
73218
80985
33054
50943
87598
4328
26471
85026
56089
35315
93949
21518
31916
42832
11579
91785
20392
83890
78812
84980
29834
85050
37589
81550
99582
77720
69129
89982
39683
50693
14194
91672
87876
19843
69629
11289
35535
40296
54648
91205
10047
16172
10486
81955
92859
75248
97126
40238
83063
65122
51133
37229
23133
62821
126
68808
60502
81437
66507
25589
75235
90516
3803
32908
6806
80683
63386
18650
49979
33002
99808
30039
19852
98343
90207
68033
20838
87336
44364
18113
7313
39893
48307
70359
26322
1310
89225
11869
20975
6855
83353
59021
75367
30326
47812
38007
15976
73685
61963
89338
95865
62491
83158
12735
23111
62455
89176
28638
78992
78315
79056
3864
1676
45041
99729
32023
55405
5045
15635
29282
75602
64029
6635
52414
14377
20026
36051
5506
45365
16199
90641
50852
50663
56742
39518
75660
86188
21485
64945
93448
61493
49054
49781
56202
22883
1764
84159
66541
52747
28238
39829
36200
67237
32166
72107
45478
4587
89502
93061
5811
76023
70591
90537
74952
35575
77552
41068
43537
2308
56553
63508
4212
12922
34797
94074
84327
57822
17560
74802
43815
47449
33619
93177
83866
62027
54612
44962
45221
13849
39444
15540
46793
54868
21689
18082
45115
48456
87159
86713
23978
1725
79203
75589
65635
49692
5076
41004
19474
42936
93473
3638
15842
220
56962
8762
62443
19574
21750
74863
84672
77622
29703
27759
73719
64878
77918
37330
91449
6376
97983
9266
82712
47120
57053
50348
61252
61295
97757
28595
20698
26072
55198
36878
71143
40696
40687
84043
10758
79355
79697
29148
80536
56919
34272
35615
19385
73722
19153
18732
93262
86686
74445
60312
1822
23798
9849
52753
3013
59510
67804
33118
63108
28949
70749
63981
46293
6540
44678
68552
45289
1554
20136
69178
2472
45209
3397
24305
26536
90998
44935
31095
28058
95215
94236
24418
4184
35685
67914
14411
23969
18339
85529
54401
71613
1996
58683
63807
56513
4175
82898
50812
39478
44355
5402
50712
16935
29011
67368
67508
71415
25983
58832
2189
5259
27225
90253
45215
98002
91980
78303
33338
14853
93631
52079
35837
46912
40876
46512
37876
87012
43268
38495
23899
18250
22468
6315
57392
19706
28174
54319
20112
49128
75062
1648
58848
28956
40192
85831
16309
46082
23490
24546
18625
16419
79200
98026
65040
2079
6122
90815
20191
35047
86704
17722
69370
59644
15665
67258
55762
63559
45276
76853
93622
93372
65677
8512
26090
78043
69135
42038
92368
57935
7160
94111
89164
49170
84076
91556
95432
80262
66126
37208
46946
9006
73743
60618
86112
87327
90186
93219
92493
62674
32270
42093
47138
73877
99762
60563
26829
562
9516
49930
21622
67115
34787
60752
32804
37882
29783
18473
65528
54981
73862
88794
70090
98581
34723
39942
71198
44068
16037
56485
67429
19101
34144
63996
87275
41184
27866
95682
1536
36081
72419
81415
78434
77863
68116
28263
21015
17533
24573
96000
21302
28803
81131
41266
42313
35865
60828
37015
5448
89637
49775
74466
57615
61759
5958
45261
77817
70215
41712
41123
36628
90595
76194
45658
86838
83060
59562
69153
26389
45832
824
31312
7782
18973
22092
51276
32856
24027
25763
53168
8072
40052
62986
63541
85087
56366
4163
44538
19263
86014
41990
60288
34672
60428
30265
31778
63706
51386
73990
84925
57682
47049
3772
38880
33283
78519
51709
53254
41593
68998
80857
3968
31666
3992
48395
9318
47706
90448
17927
31684
85666
45408
96448
9296
89710
24180
9540
54834
85618
79584
76520
76536
72291
7599
90262
14072
7453
846
65339
33393
31052
60169
65564
43873
10084
40662
83512
82633
54786
23722
58329
74039
52533
59186
96567
4062
66990
23093
81235
93839
1682
83805
25733
72053
32816
86133
52070
57093
10206
84553
59787
29136
23746
85599
37946
84128
29755
38978
44816
7236
8906
63270
48353
90653
11710
71628
12595
16758
55793
91849
32453
70579
81098
64615
52863
17573
88242
24033
8045
41568
90195
62266
31275
45063
53840
36438
42045
77945
39319
58005
4206
4438
14399
25553
52591
89133
46702
23395
16816
6965
1975
84763
66352
1053
22403
18396
82663
72306
85343
37562
76407
96723
2845
94813
72898
13062
58555
79676
74292
83252
33823
31379
95539
42331
85215
45969
24595
50998
38419
56315
90696
30878
91929
28208
49555
74354
85636
72587
50330
94751
61713
69562
37067
913
72046
2158
41681
75406
72388
71085
82395
20093
43006
87888
54599
91572
76569
59266
57346
11756
25492
