1928
817
4694
174
3659
2159
1112
4448
695
156
3758
4726
805
204
2841
3716
3370
4155
321
472
3921
4817
2056
2081
4717
2368
4176
2664
3360
1601
1971
4841
4021
1409
2063
1334
3265
412
1158
1845
35
127
2145
2875
1820
4602
832
642
1535
2904
4102
4747
2136
3380
2759
2749
3525
1087
4858
3309
3747
2303
2793
3045
4041
2530
4925
4777
1883
2291
4279
379
4305
4525
4333
1622
2774
3274
453
3195
2178
3424
3130
2078
736
765
4223
484
2479
4615
4976
2696
2163
103
543
2271
3453
3649
4118
194
63
2030
1312
716
624
675
211
4557
4074
1122
901
1280
3087
3093
1762
3811
4880
1565
4643
3799
3781
3180
2232
4475
2603
1987
24
2385
2004
3119
856
3004
2037
4940
1916
888
925
2510
2497
448
4827
1214
2340
1959
1040
4669
2862
1682
3585
1552
2824
2396
1829
1594
1509
3014
631
1253
1856
1476
4320
190
3315
2406
222
2551
684
1073
497
4631
2981
1808
3954
551
2762
3477
3869
4254
4004
4516
4246
1449
2101
1366
4566
957
4542
1541
3614
4428
2263
1754
3821
1165
511
4810
2991
3461
4760
1715
3407
3325
950
725
3054
668
3485
4866
3777
2808
990
1522
510
364
1469
1938
2543
3600
73
4837
1326
4676
2016
404
2289
3076
1131
3989
2448
1791
651
4982
2578
4764
4208
3167
571
4533
4788
1780
4461
4035
4188
2706
3570
3240
4019
424
8
1429
3491
264
707
2451
1189
3102
1941
3190
4143
1144
3348
1232
1654
2972
4359
1357
4298
4364
260
2920
467
3442
1202
4571
4419
2427
1342
864
3766
1898
2380
978
146
2097
2676
1999
4406
1572
2687
313
1456
2413
1066
1264
891
3691
1047
3392
581
1438
3807
1706
2253
4944
1641
3573
760
3608
1296
2434
3834
2953
3209
1411
3070
4165
4237
347
1586
4081
1698
356
2195
2943
4584
3260
1640
3338
1247
274
523
2045
4100
299
438
4213
1397
3875
4951
4451
2648
4121
1875
4381
3440
4883
2732
4495
387
4963
3503
2884
4892
2221
3858
3730
1285
3412
2620
3841
608
1868
2319
2570
4051
4660
2220
3386
1666
3689
4437
917
1229
2839
2820
4380
2591
1104
3948
400
4199
2623
2539
4685
3901
2128
1619
3284
4795
3142
4488
3212
875
245
1489
4911
3299
938
4509
1016
1744
3969
561
2654
2346
4904
998
3513
2187
2853
3977
233
4132
3026
4283
1728
46
1678
2921
1060
3136
4062
1788
965
600
1027
2584
87
1737
2632
119
19
1907
2354
2119
3160
3225
4734
1381
3250
3038
2891
2782
2250
3888
841
3935
2730
4592
1837
3916
3545
310
2961
164
3992
1516
138
2483
4625
4707
2470
2203
4345
336
4992
774
94
789
2330
3539
2938
1373
1171
2712
533
1095
1500
791
1961
1307
3739
56
1004
3668
822
3622
2520
4324
1200
3707
3558
3897
618
745
4268
3635
281
4391
3675
