20363
49935
16562
42913
33381
33768
1192
16279
24579
47074
38149
11979
6141
31276
44307
30982
45394
48655
14977
15894
3901
21393
38024
14860
26999
19159
12383
32271
22922
28028
22526
11617
45508
8573
45447
20762
19607
25925
41738
34986
23205
9617
7302
38091
15372
26021
37273
36886
24054
21213
28713
9354
32796
17038
23627
31841
30459
18224
18891
5546
12986
13340
44620
27643
1270
27416
37568
27356
14220
9032
11098
12269
11043
9697
48313
45212
41834
38317
19874
47036
20543
48586
3104
45556
9343
42090
3920
16022
28508
44945
8152
33393
30829
40793
13825
31736
4651
17949
20966
41082
44579
13520
30477
47017
3925
12317
28673
43363
17960
33361
9012
23211
12021
11792
7596
28663
33555
4014
4577
22135
8857
14065
26619
6547
32618
25953
48955
42971
30721
6492
41877
33352
33883
28890
14684
37998
21544
48690
44129
21496
40415
29410
3754
45963
30910
44448
14400
756
44329
6827
11234
32644
8555
3341
47587
15540
25104
34629
30924
23856
5346
37810
11252
48516
43165
17281
19718
30504
41480
10657
25499
2799
13598
3570
40152
15084
48728
10055
1583
38633
3100
26290
1644
31699
25503
10225
28524
18609
1291
5829
25249
20496
41399
3368
20525
25857
21387
22974
7656
48343
27900
1922
14126
32688
12520
38321
24476
21987
46570
41375
16604
41065
5008
12888
30027
11525
27544
45189
28418
45406
43909
26546
39574
6513
46106
5680
18139
3495
15445
41915
1397
3713
37166
42536
3452
31981
10485
13924
18079
43229
36857
28014
25594
33144
44269
30646
24044
25886
30393
43387
30004
2892
32384
35357
19347
11869
6167
16640
3238
20028
22994
29856
9716
603
16106
41411
16140
16755
35311
9044
2836
41883
42267
27190
23246
30433
4325
26738
10891
28258
19693
30761
18459
36586
31783
42742
18668
15514
18903
46953
13163
43410
1166
2010
43323
14295
12330
23345
36043
2389
40003
42287
39837
9641
10886
6104
5796
29087
31939
10746
20607
2053
49997
28219
5681
27030
6431
48899
21453
3016
38360
34107
40922
15134
3028
49238
31496
45365
26885
22783
9197
16176
5932
1531
4291
49880
8902
47275
2407
1523
9832
45351
211
48134
1598
20281
39683
42112
16962
28878
10080
11605
8712
26088
31635
15668
15429
23922
37017
14483
38736
25875
20191
38779
47230
47757
37945
8846
46431
33759
43671
6820
38010
9661
42670
43874
32209
38405
40079
47689
41729
48278
21477
10851
33950
11577
1178
147
19245
31009
12345
22045
46050
3301
47609
28060
12864
29804
33649
16625
2111
13587
34450
42954
28126
21979
23041
4775
31460
30845
34089
25985
2909
16820
8490
5893
3559
44628
33164
15500
115
10
18284
47069
22458
48337
27723
4021
190
6194
7731
15018
36327
22773
48716
32174
27196
43638
19259
4160
29375
43337
19520
1095
8002
11367
17074
13369
26795
26914
38350
44712
467
43125
7038
49675
13535
36947
25818
44648
18514
20772
22669
25220
11229
25763
47715
36744
25396
6061
7673
46601
49776
1630
23145
18749
2344
12766
5570
6885
32970
26064
26690
32523
47924
9932
3541
45994
37262
17222
12113
9925
33652
42107
9444
9478
37793
38961
38019
25426
7869
431
16427
43044
47454
32189
3202
7778
24239
25377
22130
21747
15127
3772
713
9813
5576
5611
48986
47083
17119
42029
13833
18319
14277
18438
43989
35827
32061
21441
14054
43972
35901
25190
6707
5192
5141
37789
20330
14458
16974
27865
40532
39534
37453
16123
16225
22408
14927
37537
44091
21230
39029
21084
48226
32897
47564
21615
48023
39983
24933
39425
7430
35448
30855
4567
33683
30423
8428
33283
16457
43613
12304
14521
44535
8466
47696
4682
17672
5170
41930
45871
45536
45240
31963
26381
18105
26758
21406
28071
37629
15482
1772
40059
38587
13263
22190
40363
44509
478
19129
3185
6936
25074
16059
31194
23644
1362
15714
39339
14188
879
36849
26523
32601
10532
48871
10595
40778
42418
21160
19069
9128
30040
33277
32944
8913
21793
38695
12653
17936
42180
9491
31440
36898
2787
44826
43642
29484
13884
40645
28263
13343
34395
7085
9295
7898
35799
28588
2863
797
13283
40271
35286
26470
36701
42241
29203
45727
24456
46801
48861
1401
13946
47999
18650
49666
18508
28917
14049
33083
7151
3035
1334
2952
20441
40282
20844
48626
41617
29580
37218
7714
17048
48433
35560
26983
29349
12238
11342
49219
17530
22028
39506
41401
6009
21740
42528
5706
28394
32134
5082
9984
20304
42928
42507
10424
39409
31176
13910
33967
16942
19808
37159
38294
7235
12642
46915
6060
27387
38190
5414
43087
13959
4825
31321
915
30800
42402
27045
20125
8811
37090
49881
1706
34557
20188
37542
49041
39942
17771
27488
9333
34015
14716
14841
5811
8678
4265
35375
22101
45759
46201
28986
37304
28783
5927
27334
5600
17537
21883
18340
35619
33431
7227
10584
21956
11467
39074
8329
14666
3132
40960
15819
7140
17692
46552
49340
20707
37929
7564
40828
19201
10604
48803
46079
46341
11150
19326
13820
35093
46164
47175
46517
1203
24486
31159
19211
45743
4540
20373
49009
1275
5228
10305
21679
490
22016
18299
17653
17647
10477
17594
22309
6308
5842
39736
4317
45545
2851
37060
27129
6406
22260
14078
39315
30062
27860
41114
6087
47916
34314
48035
37421
4748
39940
30718
2022
34299
22313
10021
18100
2302
9992
24186
40394
28660
38421
35848
26011
8989
13894
19956
18200
38912
24949
48462
29612
16419
34247
45698
42945
16248
38151
15420
8367
17688
49204
39820
260
35515
13195
5286
2236
20893
23873
654
23891
20655
47374
35895
30184
45080
31556
34871
45171
39928
44480
41974
8208
31862
23298
48401
43482
34870
17750
43467
49251
43895
16526
47030
10775
38472
33028
38071
16842
43737
13733
5771
36345
1549
15850
44008
47237
11754
29763
742
37372
30011
15766
28698
2935
19936
21660
27523
44185
14370
49529
13236
20591
10012
9610
45786
6016
47422
14580
13183
47298
39722
49497
1520
26232
46482
46789
16999
24158
7808
36648
22068
40751
12067
23676
25828
42489
31540
42156
17194
20423
15906
28751
32113
26418
49436
21033
27633
38654
3144
38706
13433
31102
19028
25631
30790
16611
46412
10619
24320
13149
18754
9568
17511
25606
31418
39562
28855
30352
19568
40304
29419
33671
4436
21637
16375
13622
41051
35596
43418
39362
38743
21599
48548
43889
1055
9726
38981
23081
17179
34726
40445
49537
14492
5025
15975
44245
24781
16016
24215
21847
25097
35586
28431
20694
25332
10663
1343
31048
36390
12952
2645
8996
9221
39660
34638
8474
32705
31662
18242
37900
26458
36030
25466
30970
41677
16152
33176
5060
12594
40140
44152
39300
35416
34960
31000
3969
10682
39522
25783
45719
15255
47114
19669
4035
577
19816
37136
30164
46984
13382
23826
45679
49265
20002
21488
26410
7107
32802
14835
28945
18273
33158
23545
13480
12700
26000
24099
28196
8590
2596
15925
23948
21506
1839
46175
19054
22091
4967
34356
25202
1453
12548
7146
26832
16784
32679
13469
905
10869
4079
10387
42896
6476
5456
15857
24791
44748
49723
39052
15477
34588
18888
49596
42005
1061
49512
6574
15329
49175
27079
37836
18148
15955
11719
34035
11483
24346
25849
40014
24582
49567
4848
36486
34157
16585
8373
23766
18685
25579
13611
47365
5559
18599
19950
29957
28422
8385
5958
43787
8654
40702
27962
6800
24868
2605
19465
33205
29316
4061
40377
36303
36519
19555
47794
20858
33855
6673
2666
46714
17392
25194
23693
1664
37603
33938
14258
49682
49625
7602
15294
7187
32087
44213
19533
2974
25521
44710
43233
48597
9553
41126
49827
48206
402
39165
28499
34328
29108
31672
17153
44559
12246
21311
32374
13025
48288
29665
42566
2175
8291
11312
14007
43316
31768
31392
30228
37636
37529
44913
6330
17637
18990
26540
37200
36680
30556
30298
22222
18807
2680
12058
4638
48528
28849
19860
22081
1143
12395
20997
14780
5407
377
41547
34881
44077
4738
7490
26159
8867
1691
18360
44410
34894
43448
15838
38978
35709
15339
35402
18061
4621
10207
47825
9220
15154
13392
36359
42032
32416
15349
3603
42885
29247
27215
16802
32724
17902
15723
10518
37409
19762
30117
46991
41315
36271
6373
11889
21419
24663
13126
45904
44600
48383
24531
12792
12037
10787
47524
26206
27765
14322
3872
43779
4715
35958
6989
45324
43662
46583
44108
20754
26148
12356
21193
32711
6444
35810
13976
17885
28109
8783
33895
42768
9887
48250
46947
41895
42603
32834
13076
5640
26806
12084
30216
18053
10431
42841
10314
17840
47854
8269
16836
23133
28936
411
5436
18932
21969
43003
32348
2535
33521
46460
23334
20511
45945
42656
36789
16697
19710
18465
15787
17164
35715
27298
127
46932
280
33738
4889
36127
21891
10521
28811
30562
2982
18425
47548
35946
48453
49581
48104
25809
7473
11109
16408
40627
6385
42573
12508
2454
28324
7294
33565
32018
39766
4188
40183
41567
42875
46863
13280
47513
27233
23067
45031
44172
44466
49123
19889
30178
1909
20986
9751
34055
49976
23955
3255
39550
49372
14931
36211
33140
11214
16579
18218
45041
1479
35145
12465
32634
35819
49909
17545
17418
36971
13257
39106
20902
11843
38213
11988
5610
33130
20167
18793
26325
25695
43276
27089
21114
9092
14766
41535
46691
25940
19459
13056
21695
25347
22059
7407
44834
28591
47191
32816
23516
30700
38730
47497
37920
47835
39678
26603
37717
29819
7699
45055
46537
46831
20571
39605
25382
31167
12101
4128
2768
26894
8446
20809
31528
13689
9806
30840
15180
13602
7418
14643
41602
19970
16672
27504
15185
13245
40424
41625
21996
26693
42988
26488
27984
33518
547
22857
14516
2425
47580
47352
33079
7512
47956
12421
9745
41659
11825
12935
33463
29531
22568
35604
4273
23530
44951
34783
2964
1572
13047
22339
11382
39803
4856
47933
22695
19910
33500
27590
23707
25719
37436
43528
26648
33219
40734
31995
5338
3278
2498
9873
34383
28281
49817
24704
8976
22118
31568
41323
18525
30192
2358
5536
34679
25002
32326
8333
26444
23725
34231
35271
21053
14879
24660
28293
17765
25365
30739
45246
49767
35250
35917
46885
10495
18021
48635
44924
10975
19529
9316
45261
3809
7114
24192
32885
29979
426
19835
40526
3196
31467
1304
42370
21041
41648
39231
15099
35050
39173
6034
9147
38941
11744
22963
45595
13178
2694
2274
28690
9376
19106
6485
32351
32905
45299
45415
37812
39744
2652
22147
21007
31374
17492
18303
45224
24614
44339
48261
18863
19997
22672
36718
32448
44425
3791
3866
38935
24006
29635
33332
40497
42751
25298
33695
42396
44570
6963
44025
866
30536
3130
14747
42907
32158
13445
15233
46132
33448
38332
46314
10109
19336
26279
1491
36445
18699
39274
21175
3533
26058
48200
23308
4351
20119
37118
12482
19002
18816
47487
19484
36695
23494
2631
41218
38662
12131
22739
37661
41936
6775
29911
24361
12909
40845
34580
16181
48493
667
132
40070
15774
27314
28568
30681
19985
41233
8452
10828
23832
21340
17670
36315
9893
18374
27039
37728
27883
19045
21813
42061
10880
48357
48147
49738
40888
49854
19436
15066
45289
6582
41842
7958
24924
18639
8240
46616
7026
20644
5875
15055
38468
3632
12166
30657
11782
36577
27323
2465
818
36339
36083
11956
1973
25173
46128
24917
34701
44344
6214
49837
3650
35422
38689
15708
9176
13459
47004
30306
41587
10904
6838
3405
5309
15673
41004
6222
24682
45731
7343
9488
46578
16337
4192
3594
28365
32428
46872
11646
44057
38486
29421
11892
24633
29711
10119
24325
20675
23971
34281
26037
7874
34563
21824
40867
24724
13651
26821
32250
7001
7068
43493
29696
22341
27105
31472
38805
29891
23504
48671
10294
23594
35561
23038
15271
18088
1113
24204
29303
37179
4946
8165
29822
14463
690
32148
34269
35328
26665
18496
889
37653
27749
24628
2483
28460
1868
12755
6357
26961
47468
9624
43807
29271
33902
3814
30314
43177
36913
40658
41665
6504
35572
48774
7850
44692
33925
16039
47973
3710
12368
22931
287
1844
14534
30633
32549
6421
38630
17241
47648
38578
45331
23072
49697
11834
26395
42637
49079
10645
8176
4004
18725
42626
17336
48694
896
49088
24854
21015
9960
11858
41131
13154
49383
32456
13317
24985
30350
13878
1767
1854
834
30370
8069
38453
28467
39449
32988
44361
2265
6173
17426
48398
12340
25419
6295
38863
33994
39791
14722
29557
35335
47869
12926
26587
20510
13492
46895
35860
4993
12185
14788
22391
12203
23589
18621
5987
32914
29174
10805
38164
12533
29508
30590
29599
25976
34458
38553
39475
31124
6415
12845
46670
49959
4610
45313
28402
36464
19976
44793
33031
23655
29032
24331
47394
41770
10155
41277
47478
31028
16091
19687
11068
16890
37465
29448
8535
25734
16829
38288
46195
11072
34974
24845
45661
35779
46387
35648
12275
36173
36814
29236
34049
17623
16004
43352
8436
9256
33402
11684
8057
155
30575
47536
8091
36062
6560
41865
12414
45777
33745
24878
5752
30376
39611
33063
38416
37449
39776
170
20386
33426
16735
17899
34256
37392
20278
14626
11130
10506
35489
36399
45517
39341
49190
19674
40328
10335
47611
43569
3469
26842
44782
28766
34362
17379
29139
5738
31957
23322
37142
36188
11634
18166
1563
28037
24274
39980
28179
24080
28745
19655
29877
8315
27790
12003
40203
30596
40401
37295
30672
47442
330
2948
23618
13912
24012
2411
42693
17789
39063
45011
7670
6669
5909
31307
42716
7462
42814
1507
18956
8017
1653
33324
45131
14422
41904
29938
9073
40784
25553
12630
21256
7454
21145
45563
7743
33346
39119
40128
17315
20409
48078
11136
21569
22080
12613
8770
23963
46966
8515
32435
14408
22646
41970
39716
19927
29462
8930
35868
400
29728
40220
25678
20670
10277
8242
45813
47730
44727
39126
1931
12941
28382
29909
24286
23607
37513
5713
13324
24412
30893
12714
14304
42774
40595
16501
40517
8742
21802
16350
32302
10924
45636
27651
42464
5173
6844
27601
41225
35055
976
13631
44411
19088
32879
4384
40317
11280
31518
38199
40661
16707
10416
22321
34763
551
44515
30628
12912
41369
47349
3890
44898
20867
15572
23533
17014
31037
40903
24514
1989
5808
5382
37493
34997
11585
7129
37766
7338
36803
40967
4482
20351
32697
8603
23313
17704
29355
44773
16399
45022
37102
27286
24495
19584
36548
25756
19285
34221
29844
23353
48252
26314
31489
35389
17139
48736
29459
4168
27257
36728
38894
43842
24901
43757
38260
35029
49718
32992
25025
16465
33594
6727
41688
11561
14544
36828
14959
18342
1673
42333
17058
21709
41071
7166
28301
28536
383
30512
614
27250
36162
12372
48183
17293
42377
14174
14478
18180
30245
27343
15690
18929
7770
43767
22434
39031
30808
2366
36452
45914
17309
44292
32869
40093
14913
7497
20012
20456
32845
41555
26301
3399
2300
4284
36403
36243
35480
25277
10726
42186
42016
39753
47132
27927
3823
48798
46737
40168
36664
48003
39519
26136
43825
31707
5915
40255
11921
31096
18676
7934
42135
3270
40694
15355
17724
49355
42829
39846
46622
36072
24825
20928
40938
27018
37031
38274
8620
27613
33506
15658
5013
5642
3789
28481
32580
17554
28628
29981
23253
23285
43097
20588
34211
41428
10637
42389
49154
32663
29870
13698
25965
35259
45936
37618
25315
26380
765
27538
49312
41202
48095
3325
46680
6267
5242
3658
13749
41259
49483
14502
9429
2523
21134
2070
32627
44858
49459
27771
43517
21909
12964
1883
30889
11426
28441
17328
11777
11934
6521
34194
39873
31810
23757
37487
46441
15006
31150
25583
13564
32753
26198
18238
30465
9273
22823
1412
35495
6756
27141
27700
17217
9659
49920
35154
40551
18477
21283
10946
22194
6157
43157
18155
20104
3620
49413
4723
40584
23734
44585
43430
29474
48292
11944
32822
43248
42074
32404
62
15044
37980
12899
44387
29569
8071
25908
31508
44251
29519
8968
6942
34168
38993
45110
34775
6247
15743
4769
22175
37070
28978
5280
960
4670
4476
35306
24595
42428
14710
10216
14673
20914
29754
26626
7921
24065
34433
22498
13302
39864
24105
12571
49659
9672
36864
39396
16149
24602
30236
42591
26041
14315
8111
12858
39899
44820
45429
20069
17914
42095
23842
24428
9119
19146
32775
5993
38921
24805
35677
32956
11512
44678
2198
14028
43998
16517
14803
2627
25689
3353
47214
38769
16955
26635
44637
25046
49198
40741
18720
21184
28772
18918
45861
22635
36561
41707
22518
21273
41030
16471
40572
26511
10991
46799
4810
30918
1020
43119
13671
24468
38445
7058
24138
17273
10935
23113
27099
49167
21329
11268
14332
12284
34342
27575
44545
18039
25744
47843
1914
48473
41161
23104
8043
32477
31742
31337
44983
6617
19748
7319
29601
30051
35656
39138
34137
16684
8950
6563
333
45838
41262
46247
13649
21856
3118
3295
22544
19413
35224
33864
25031
13035
32787
47127
20031
31312
33533
1948
46631
42736
48577
6621
35984
21378
991
18483
23198
21122
37507
29744
2738
15755
16442
33199
38787
48414
20888
22616
43252
44849
1444
45626
33796
312
39043
26714
1815
110
25626
28801
24247
232
3687
49462
22217
5666
48507
39695
40912
15557
24166
6289
22001
28354
37774
45279
27456
49549
48662
22156
39650
30098
48844
39014
46367
47413
10770
32769
7439
35073
11117
27379
41858
12072
33548
43723
3005
42553
4523
38379
9235
42792
27512
11721
18859
43946
48646
27755
15732
23372
30703
33458
3853
850
27471
36417
5504
42
47907
21076
45203
45607
3077
29542
9539
15880
7683
35215
25142
18050
45803
44047
36558
12581
19497
20537
13860
29149
1603
10323
24360
34923
12154
30542
42936
9903
11359
25800
9404
36753
45493
34029
36197
30088
29966
30500
5651
17089
49300
4865
10091
36733
347
43868
9595
34838
32924
36370
31112
39094
49112
44866
31408
10137
14290
26227
44440
42431
14637
44013
4108
32654
18784
39185
20397
34812
18416
1879
31911
29361
16894
35695
40232
21938
40763
43929
3624
22036
26174
9736
31298
6078
2379
9438
1714
5495
14412
15621
23163
13115
49036
19140
46706
16794
35392
6467
10798
2683
29834
699
21868
36226
39968
35970
4146
41597
14962
4812
30042
1557
42197
35688
37964
457
15394
3444
49648
43148
48427
31287
6913
4380
26291
22480
9549
15107
47989
14269
2318
21065
20635
44735
31228
20057
34487
31237
14863
36054
3386
39670
22295
2805
22370
46399
45641
49367
13067
15284
6600
23996
22629
11454
46653
42327
3898
3524
3338
48362
2083
26354
39914
48922
49105
36527
4422
20469
3281
12606
4368
47785
48377
8039
20234
11661
14658
37752
4451
30950
35068
21920
32033
22504
39785
41816
1821
43209
17438
8805
29220
42296
40682
35369
1796
27431
32932
44146
18395
35936
48307
46091
37952
46036
22271
41381
43630
28727
11159
35927
14737
36037
22748
1288
34412
12978
24715
12555
30109
46111
43714
13556
12125
26742
10738
5784
35633
14991
47655
36008
22533
40542
27910
37821
43558
15931
6899
5105
22757
48890
20719
42455
13408
12690
32398
46686
13985
28142
8646
49749
48978
41572
7854
49306
23742
28229
11292
19445
4392
45485
20318
35453
44271
40432
5042
34171
26867
9209
9089
27361
10453
28235
48531
20551
12676
35756
48618
10964
7825
28170
1182
29690
46219
631
49474
20832
30956
7998
35535
13360
31073
35550
41810
34653
31580
29029
1726
27843
48324
23931
31070
20624
36634
22231
966
11161
30935
2706
4055
13506
5941
46021
29523
6235
4783
49029
22419
33571
7619
7947
47667
41782
35106
6951
16234
16492
38503
9853
41439
11411
27395
19016
18122
28245
13662
35627
36284
11394
47306
33411
39220
20086
14234
31057
33832
49321
17461
8883
269
4331
6208
41105
34406
12296
8191
18363
23188
37678
8640
3162
1023
24897
6980
23481
45684
37290
8733
21344
48443
44939
13419
10920
40894
2517
45530
20209
6656
19375
21369
20217
46236
623
734
4891
15142
35831
1635
11310
5695
48946
26659
527
23404
48089
35210
29154
6394
10088
22814
31586
29195
34502
25518
48017
26116
7096
16860
16543
14345
19899
41034
26705
31879
25702
34113
1687
30774
2849
29780
4084
10621
9823
4792
33010
25435
35978
46422
49946
32097
47968
19645
25084
37868
2080
26430
38817
29398
45255
2222
37356
8359
46302
34740
19845
14602
13482
14132
4557
5240
21944
2436
36371
33376
21602
3043
46541
49015
10674
13962
25062
22913
47045
29119
46752
13297
16263
10444
11805
45846
27739
33787
24112
10169
11625
9028
13013
25118
36252
18703
7522
10558
15223
27302
12479
38245
40638
37987
41489
25657
46273
19370
2169
3312
21650
49448
33718
31859
12789
13094
11657
10183
42835
46645
31896
20153
52
21520
34189
19396
33097
34203
14881
13991
44391
38227
29287
45708
46467
29630
8838
36501
45310
42302
35175
38796
3998
9783
26006
45659
48769
20488
3951
41347
26772
41511
27553
22898
8501
27826
5768
20095
39159
36992
33823
35467
44669
48813
10981
49842
10759
14559
36113
30446
49602
14037
20734
33639
38054
31209
3502
8257
24035
6186
31824
10039
23223
26729
13209
40197
14155
43015
14431
31612
18740
44452
23902
34755
47338
16330
46300
28274
18570
12879
5135
49241
32215
24759
4908
37682
2755
7903
11333
32226
23476
38086
17975
5831
47503
29323
38437
45960
28869
10042
14162
9067
33017
20226
39855
48154
26929
10198
43433
17457
39889
18966
27672
44312
18583
26432
47880
34334
19310
12212
28644
12804
18000
5327
41993
7813
47776
26505
13936
42162
36591
9948
15633
9005
13706
40172
4094
20824
45881
9504
8419
7709
9188
47892
29731
16071
49782
5295
39304
858
29299
7576
11208
11025
4252
28133
31269
33236
32105
41987
11086
14353
37859
14371
28064
15568
49984
16724
33664
28963
4503
20879
43219
37021
34682
21201
39388
14696
8492
12529
35163
31658
36835
29680
44285
37847
39554
21668
4177
28574
2201
4990
9162
42449
23662
29494
43964
6363
31257
45122
39596
42043
44210
36294
13729
4584
44651
34592
11702
17388
599
33292
11197
44883
46254
31087
11031
43543
21352
42479
41692
18252
25490
46746
39269
4410
34124
41309
49398
34668
7280
44994
20080
22890
27009
6609
31249
21247
7180
14820
14115
31366
40142
47097
10006
493
8799
28733
38129
44240
21462
23800
32256
47709
46526
37182
11001
5883
36152
33771
1102
44033
6025
32163
36232
4207
42208
34916
4342
2826
6112
31945
19591
4972
13378
12813
3939
6138
47675
9470
2616
13224
45769
10401
14100
11379
6345
15311
9310
34096
24526
20420
15603
43816
9681
2286
27840
18848
26764
36097
35668
15546
4244
43686
32561
48171
31220
2121
6278
17188
38201
31711
16353
42586
14570
42122
15526
25840
8219
16120
23807
42238
3750
15584
12432
11321
22165
5037
18181
28542
10238
515
40229
37127
49410
1238
19320
38671
16214
3156
39148
16932
7636
2242
6644
41829
31888
18828
40343
9134
45087
39290
25269
17110
48852
26166
7329
15209
37642
34067
46491
17580
13421
33480
35878
23432
23560
20813
34542
4912
41793
32461
24088
38561
9362
34966
30665
20479
15308
9452
44088
47149
8410
47262
18537
47056
15111
7554
9159
36106
14228
15027
11532
191
29189
12150
20617
32045
6855
26572
6453
19576
38619
1316
19784
38042
45589
14386
32261
30323
29255
43380
14615
2100
11680
38138
14800
25477
27448
37742
12453
39626
19230
22262
22284
38068
7792
26561
48967
15195
49282
18117
15697
40241
36210
34842
1032
19729
9638
21790
32747
28010
38524
11997
27689
30816
4673
1256
49225
45571
5182
5582
1619
34743
41451
7537
24390
22657
30260
3414
31345
33115
11559
18776
28829
13527
40880
20150
36936
23156
48938
43291
1156
21422
29702
38237
20940
3730
47207
9792
43076
30153
26073
36493
42618
16068
12441
21587
26873
37731
42862
2036
47600
6695
15455
12197
27427
48919
32076
5973
12732
37343
32532
7447
33727
27170
21876
49970
37076
10573
17251
38115
21557
10354
28081
41297
8286
18874
49759
36764
40484
33265
26333
28092
39823
28472
46598
22910
6867
29651
5860
9517
17350
27913
19799
7013
4233
39907
46407
17798
21752
12998
29796
23014
41640
37882
8622
47942
47745
26104
22483
1487
21236
19777
44603
37044
14249
43471
47815
33223
27706
2181
7042
39499
8275
802
34643
16283
35010
21689
28159
24993
26935
17859
40563
10122
11181
23881
8184
18268
22587
25409
43502
18972
31388
9281
27810
17867
23719
12410
6640
20954
24956
26952
30390
24025
6922
4931
10817
34948
33844
9977
11493
43595
45151
45003
46158
17095
4952
23424
14582
7839
37331
47323
14827
25051
48235
27111
2506
24373
16665
36475
22875
31836
18837
25225
41756
34479
37903
730
11544
23172
18651
12494
21573
39997
22553
1464
5068
48043
37705
27266
25322
32857
42272
37420
47260
20742
48784
17568
45376
18018
8756
17823
8104
1003
42060
44529
15827
17063
16750
25139
17231
8709
17022
41527
49575
40717
19120
8695
38492
22724
36435
7192
46818
39470
10711
35737
47170
44135
41019
9400
5124
23058
16713
29433
41160
8776
44355
37095
9964
21535
3519
35239
30747
37253
44062
15804
17602
40853
5465
6731
9774
36654
15967
22791
2450
15996
11480
21026
21776
47286
23580
49346
11597
34528
17808
37363
17585
36261
31649
44112
40085
2779
47881
10468
49141
20345
32338
30077
14943
15384
25724
22715
19918
24979
6801
89
12664
1787
43706
10290
48168
3249
4519
22580
24177
31550
27932
15984
46828
29885
34540
48554
26261
17447
30289
17981
33611
42721
20681
5114
31904
33960
23278
46976
2047
45142
45064
25773
37232
32505
34310
19388
43660
21930
39202
24836
10569
37206
24509
28797
38875
34940
32009
20250
28344
13797
28954
26185
39008
10550
31011
23400
40818
8126
940
46474
14985
6998
14081
41352
7361
40839
32493
16202
32192
5398
4598
1041
46853
32026
1223
9101
38825
2549
42344
29059
25452
43914
35119
5489
2324
3765
33809
7372
16532
38649
48826
26099
3083
42650
43027
46326
1078
3588
18403
35439
9702
38607
6534
2881
37229
47431
32511
34617
15243
23420
17482
29126
16984
25164
7790
27797
21523
43270
49801
44761
44974
773
33983
9864
21302
24779
41248
31139
18580
26491
42254
22831
35508
37008
49634
27952
49422
39415
5623
1955
24398
36539
37551
27819
38842
22802
14013
4613
5314
27179
2144
23687
28551
27063
8591
47640
48052
18766
22608
34278
2579
20974
8570
10694
42519
19176
36989
31794
31681
7261
30275
47156
22425
42992
3432
23029
49277
24767
4047
13846
16044
41178
15076
36014
14892
5478
22461
21723
3699
39957
33706
12179
5263
21097
15868
45458
15362
11762
30613
16
16314
37940
25618
13767
31725
8309
24405
12708
8878
788
49070
36773
14150
41941
9911
46375
27878
1899
48482
2472
2997
4444
3832
31
702
45093
38547
6713
33811
25126
446
16552
5526
18325
8025
8896
1757
36144
31624
27944
49865
33486
49058
4876
13546
43281
15943
40995
27277
24643
40941
48745
25449
7915
27668
45344
36966
25533
29044
5260
24222
44689
26125
40337
7250
19071
30863
8663
42685
27059
26978
49798
295
47402
4833
19755
29163
34794
39245
3573
11059
11242
37879
27463
33622
27492
49619
43953
45435
42788
37700
28908
532
38857
33317
24740
29267
9263
39437
28832
31812
46087
49897
12745
12017
33878
37478
2259
42550
2875
20792
16167
6876
31756
36138
19181
18001
25290
16909
21164
46901
32232
5517
30979
13755
46183
43607
943
36954
2134
46357
36605
21711
39632
23237
31450
34075
35183
1375
15600
23269
47736
27993
28205
29227
925
7393
45611
40676
2741
24308
9250
25942
17817
44373
11910
41745
39223
10247
3486
17737
41187
38595
36620
26674
19738
41285
45116
41713
39704
2108
4113
3219
27157
5214
36902
17006
22844
13868
39090
3663
10703
12839
13788
11733
49505
988
47388
9389
10265
21265
643
29017
25564
6098
21622
33610
19474
22384
32129
4418
20788
14101
35012
28638
25155
33971
26786
9572
28318
1139
48601
22353
10369
3675
40261
3850
29003
45980
2724
13009
22596
22248
29996
23984
34426
5965
38395
8083
30332
27564
2559
42498
5362
8684
364
47315
13213
8147
38382
5098
8721
10180
45797
40986
10959
24697
38369
46059
37591
20333
16370
4923
9845
28377
18445
36875
10840
44906
17125
30602
680
33184
28922
32551
6766
45479
34714
307
46224
3972
36425
16192
40613
8935
23864
43061
11014
8542
2715
45981
47246
4215
35036
30530
1801
2216
16768
35135
25666
49926
23441
41774
39200
6785
3179
34517
20264
21764
7888
15462
16927
11408
46068
34697
25255
19295
43581
11878
25013
37577
19639
48113
23369
5356
47555
26250
12568
40035
40609
29790
47190
37314
15799
43393
31771
17473
29581
14591
11290
46505
28608
8391
48568
45167
32596
23469
7984
1217
18992
34809
43451
828
9528
15040
16877
17354
22951
38514
26252
9058
1995
20566
31601
15645
2013
1961
48906
29383
36927
31928
23002
29000
38834
5869
15613
45382
11915
35991
48833
1749
15435
4546
42859
28185
27977
35787
33309
20176
48708
19169
11696
28614
17408
12221
42806
39327
26
5425
22690
21837
42710
24674
40360
38175
14193
24450
5750
12726
28049
6336
34495
41468
6045
19544
42145
5723
4644
3740
46763
22764
7547
36625
11966
35346
22445
18206
15401
23919
11179
18381
27138
27202
10145
43573
16388
19866
32485
1438
19504
7961
6745
7352
48130
17879
37322
11504
32317
25239
43192
35769
48755
48214
35126
35747
26212
31980
43935
17620
40299
24561
202
33104
35293
44222
24881
49134
38308
34003
36684
38106
19829
28895
19277
39258
40503
16597
42679
41332
20139
24254
49556
43058
40102
15214
24744
41442
7389
22988
41958
19097
43741
12829
39458
14441
3379
38903
13089
1088
38952
33056
19199
22870
16294
47768
3055
46270
42319
25353
24546
33260
10061
7506
29929
41050
48993
46282
42969
24122
39373
41143
4697
43110
27401
15267
12774
2584
71
33584
8953
2920
42226
22205
1389
29094
7757
17205
45823
7219
23781
30138
44961
13776
27230
46729
9763
13131
29073
3472
28112
7204
43035
43799
44751
45928
40809
7975
44484
11443
7076
22706
23093
26815
46773
13808
24267
16085
20295
10396
26362
41198
17965
46145
44166
12096
37385
39357
24961
44875
20041
41500
1124
35526
14209
40114
8133
13578
35723
7621
34377
25644
43140
7729
5202
19408
4468
30402
16434
29947
356
22376
2155
15169
29645
9585
11438
8344
5155
45470
2811
6312
40972
16915
38714
17148
16488
41100
19359
20438
16865
32299
4751
30411
4227
26851
14757
19033
34908
24296
5074
26473
43696
46926
19240
10846
16649
40729
32058
30149
16251
13106
6910
18950
23633
12635
25304
31595
2926
11820
6684
38884
38266
21436
43303
15885
4493
12253
40030
2569
25895
17505
46012
28518
8829
9411
7287
8225
35882
43833
4136
2337
32284
30124
43538
21300
44198
28338
19425
35087
3982
30265
47107
24556
3066
29068
38534
33913
17264
17714
5445
40464
7586
43854
1427
32586
40044
16303
32364
34148
49093
25866
18552
45194
30483
13718
14910
5378
589
3943
17757
46340
42220
19622
44497
46842
16651
567
222
27720
17841
248
20260
22945
47803
18548
27591
49706
1354
37243
20943
39589
4702
43345
39489
24819
24434
23389
45891
36799
40458
16779
7251
10375
19619
34827
40474
23818
38752
509
31188
17922
37589
98
26903
8529
30875
6121
33245
35265
26343
38036
3225
15920
34604
15502
20727
26941
1735
26560
32976
23563
25541
34859
12050
30758
33043
23128
27627
18616
6257
45858
43184
42354
10256
4307
17367
40387
31423
34464
1323
174
32735
2393
1250
21105
3428
29332
24148
25913
44802
23453
10347
19269
28707
35196
7644
31354
47623
48061
9322
26594
41507
30207
23775
46001
