3944
6847
42
1266
616
2168
7709
8496
4893
1450
3453
662
9672
4865
5208
3636
3317
4373
925
7067
1378
4831
6506
6824
515
8474
3609
7845
1185
3093
6365
219
9214
1098
6292
2992
6588
8083
1624
7290
5323
9428
7614
1216
1943
2126
8583
909
5713
343
1155
4116
5520
6014
8732
8025
2641
1796
8874
8358
9700
5451
6407
1304
1124
9712
68
5426
6708
5488
1016
4605
992
2349
5755
257
8503
7737
6862
7775
2923
7083
5654
1984
178
2941
1829
7351
8054
7669
955
9750
6873
57
9485
3674
2316
1882
4357
5462
5419
4141
1959
2269
7893
2818
3272
9366
4300
8105
1104
3172
5837
40
4518
6791
421
3883
8346
1702
2548
8823
1068
5357
1131
4384
8400
3516
6202
467
6434
6347
6144
5309
2981
6956
1574
548
2779
731
3616
5290
4312
2902
4473
8117
7922
6816
8638
2356
4547
262
9553
4095
8328
4068
9925
7226
5174
3371
2866
6493
1167
9813
2875
673
9393
2705
1904
9239
8369
1891
8674
2933
2307
6055
4217
9286
7110
4458
3816
4163
3089
9228
7967
8761
4928
7020
5230
3348
7136
7201
152
4553
8524
9301
1256
459
8870
6899
4056
763
5381
4494
1048
8682
2695
6043
6460
8975
9206
1634
8545
8439
2224
9432
240
1466
7118
8151
2900
4668
7623
5539
5503
210
3936
7371
4743
5582
8660
3666
6681
474
5823
8566
4417
6654
3547
7187
2920
2626
8894
2856
4884
6834
2540
8779
4080
4857
5334
5070
2241
3036
2424
1476
7335
1717
5894
4524
2466
6915
2060
6199
4903
5087
5317
3282
7576
2664
885
8578
5008
2457
9088
3483
9038
9511
2758
5772
4810
7446
1509
8757
2414
9123
9311
2738
6677
967
1003
7601
6415
2979
2799
4209
4138
6556
3643
1921
3652
1773
1590
6981
6524
94
7543
1438
3880
631
3765
2339
3269
3787
9662
1731
2565
9016
2201
327
3961
2448
4195
6926
6317
8425
4627
1037
5026
4776
9448
6219
2803
3246
6511
6110
4599
5878
975
3298
1729
3588
4990
6308
413
8719
8122
3353
3132
4994
7978
1367
6098
7022
8270
9353
5957
8596
4362
9453
3540
1541
4184
3167
162
7943
7599
5368
9736
304
2498
4470
7147
5577
9181
1855
7862
9292
7031
1568
8168
2324
6233
8414
4819
9195
2785
4679
4257
4843
5970
3833
609
5662
2047
3447
9862
7644
5120
8319
2486
3521
5927
1345
832
4339
6570
8807
443
5931
7361
7057
4534
9593
3235
8723
3153
1786
3206
3303
4303
7692
8291
3147
8276
9729
3060
6185
2889
3187
9778
6385
6074
9348
7080
3755
1595
7515
4159
9056
599
817
9973
8885
2024
1279
290
6789
7462
936
6269
9414
9022
6591
9102
7152
4960
5130
7554
8046
3959
1966
4688
6151
4501
392
3998
2381
9795
6111
6006
1404
8219
7413
3740
7750
1071
8150
1491
5640
7855
7172
573
5920
4694
1539
2729
7504
7402
4400
1297
3772
9529
4035
2592
4449
9873
3258
7902
2557
3706
7294
6442
985
9563
4795
2131
1745
2155
8981
142
4972
2284
1084
2371
760
7916
7242
6550
4933
9890
9324
7954
7279
18
1652
6856
1662
8694
4914
1228
9954
3073
273
1233
3064
2744
5053
5046
9964
2577
2474
2517
249
5698
2061
3903
3411
8813
7391
181
3986
9403
5886
553
3847
5526
2681
3975
7435
2844
5410
139
3218
4704
4616
2616
5072
7191
9585
657
6428
7316
6178
3384
1555
2713
6668
7782
8188
9144
1420
7766
5431
5789
3719
7475
8559
3104
8094
3423
8257
2765
4241
4231
5769
7347
6887
6618
7654
2675
2609
6326
8403
3004
535
221
481
8304
4349
6692
6033
8443
1692
1932
2273
6571
5107
6780
3860
3920
8629
5297
1522
3331
3928
6644
1920
9848
5682
9096
8843
3503
3745
5941
7493
5550
3469
6966
623
9255
8949
7385
3117
6129
568
4787
9827
5185
9758
5496
8853
1326
9265
7589
9070
5986
7671
8453
1248
110
9166
4224
9992
9050
5801
29
783
3576
9604
6769
4438
8035
6712
7991
2095
5144
8288
1425
843
2083
1870
586
1972
8489
1388
3809
6975
7715
9532
912
1358
8339
1831
2239
5741
1812
9982
6067
4003
1320
2433
9333
113
8794
8518
5980
4571
2590
1802
3473
720
6260
6540
2116
7487
2071
6935
7690
7093
2298
2952
5902
5600
195
5672
368
9769
6163
5479
6996
9573
1339
9154
8227
1751
377
5239
8938
5552
3692
1148
6272
3823
7886
6083
2370
4588
6
9626
8834
7793
8619
6627
8373
7307
5268
4768
5019
6759
4876
8648
2218
8967
5136
5272
4631
433
2006
681
1845
8670
7165
7818
6742
6375
9785
7263
9475
9940
9642
3129
8017
2103
76
7045
8919
5350
6631
9111
5244
3689
8992
794
2967
1873
3727
3022
8201
858
6807
5800
6000
9507
1685
8464
6027
7823
5729
1209
7835
7729
4758
4422
4970
729
7121
403
4712
2836
7878
5192
3861
6133
4324
2659
897
5396
1171
1996
4083
319
2179
6223
5606
9463
526
9136
9547
5375
6461
9894
5614
9803
9076
1194
4017
5643
9855
2038
3325
6287
8382
3495
2634
3436
9500
3192
3793
9614
5622
4043
802
6477
6248
1489
7322
8131
8197
7456
7932
2254
827
4403
2825
865
9277
9173
9946
2011
9904
9839
3552
4658
6490
4289
300
7428
3050
3019
9636
4122
1766
122
5253
8237
4274
335
8929
3370
4102
8703
7257
8003
8742
4484
9382
5707
1289
7801
5814
8789
8250
2503
8076
9009
3400
4176
6352
8176
1460
8960
353
8907
4944
7635
9690
2200
3229
500
1674
8532
384
5441
9250
1116
5040
82
6944
5153
1517
5167
643
947
8607
7215
6396
5868
5570
5859
6602
4263
7001
4565
2530
2146
691
6722
5850
5214
6331
4828
780
3570
2403
7233
1644
6735
9916
4737
8068
7564
5731
9707
7533
4027
7981
3408
710
4647
7758
1029
1609
2187
4730
3896
9660
505
5092
1395
1051
2398
879
6902
3628
742
3598
1611
7521
9380
