41971
58
47764
65250
1456
65464
89689
15888
47831
48847
19877
40760
57590
74476
54252
75919
21039
25974
28318
5738
62470
48295
3748
5573
24592
56907
53333
49515
57856
32340
89820
86261
5283
28205
54383
36298
23417
70817
30231
13511
30045
78541
97089
24292
19300
78992
92078
47364
34760
52216
92698
47345
41205
77955
87485
25269
85596
15171
50016
59107
87977
91880
81818
37476
52842
33506
39884
39640
41672
7798
14371
64908
97217
14499
72114
64582
60145
97858
31586
79572
68720
10117
84949
36786
82114
4099
32752
7447
17948
83030
47013
80448
44755
85703
28196
53861
19916
35129
71775
97754
13764
28772
10004
91395
10404
98542
44486
88025
25953
18598
35209
10270
34763
89158
61637
29355
44306
74405
21506
31232
9266
22617
82926
22745
25577
46644
55448
80954
94919
92859
95688
98755
364
76737
13151
29914
83793
13117
91868
86634
65671
19355
93494
92795
19434
57462
45972
90009
27179
63831
91376
300
36695
60828
30961
98163
18186
79908
19370
7117
35373
96378
65262
85306
47956
33024
84690
81293
70044
18055
31379
68909
25120
96122
76084
71683
85233
73188
84583
91352
97934
98252
84922
68644
16507
35148
64542
54352
99149
27506
87931
18943
92716
9980
75382
78724
66691
68918
33533
66767
12928
5549
78272
26658
76886
4844
40668
57248
35895
63175
96509
86481
90149
77863
10126
2472
82001
51789
33082
9198
16157
48374
9995
47718
24549
763
71857
49750
21406
3879
73859
32554
38010
64679
42627
23719
19181
15946
28113
78516
33732
97391
34934
71836
76038
62818
22053
82450
46470
90201
87330
53888
1603
2570
58509
90699
14579
70203
5655
89927
22416
47519
19086
69953
52051
68674
54978
79386
76877
60288
68281
61963
953
54874
37421
35901
14936
65882
64463
17716
51160
654
64365
1648
59580
61341
24659
93119
69877
71052
89542
68949
73316
40806
21525
4960
2445
42927
43702
61576
36768
6531
15867
68079
12531
672
47492
96091
64710
20844
782
62961
44410
86863
55665
84568
70600
8289
15809
57624
10712
50947
76417
77445
44126
78486
91105
99466
5781
32450
46235
81641
20682
91166
96723
39536
51163
90555
16102
58649
72410
59986
1468
42087
41965
76291
23926
21695
78788
89081
65183
10807
17527
20447
30878
26731
53586
92231
81318
61057
44657
83942
84314
31998
54648
13309
70731
8558
83890
84177
76276
55622
97104
44803
3183
19840
55753
56534
80143
26917
97425
12522
71515
28617
71842
79777
49543
90363
75110
76523
23444
24860
57114
11719
61139
21177
22187
7773
39203
68189
97870
49485
50934
92893
32541
53696
9931
12156
52594
60206
89805
76096
44837
47126
90641
31174
79685
23765
72855
81162
40818
4163
49048
74039
76905
14444
74500
93049
41010
37058
79932
33338
45069
16047
68546
12919
29609
13855
56946
93851
73633
45762
96058
91749
75055
33686
23102
36023
72458
31458
17847
13584
76453
43235
9858
59623
59821
65568
14820
61106
9583
43686
28122
88556
94098
82721
53776
21802
48334
4392
96787
30411
89835
97184
52585
99213
33719
77891
39753
8674
75449
93329
18616
55344
9293
99341
90653
30939
21671
1938
91980
14640
62403
39618
93287
85843
23176
42899
78971
10084
6147
20194
9968
79056
4160
38904
32972
20453
5167
90955
19617
8109
71497
87842
89951
68250
15357
70353
39411
11088
66495
18024
73023
63428
24924
9159
2030
91407
29447
38129
55521
14621
69837
57572
31434
56995
13837
67878
6620
14103
91565
96314
10053
16666
7984
86664
84470
64261
31006
85209
90873
24305
57068
56614
23398
99985
69809
20319
62641
82776
48060
45594
55112
5308
80298
58927
32139
83362
95609
50916
89484
68461
73032
8204
85853
63898
65290
99015
693
87458
748
43195
9659
44025
46341
47577
61838
87571
87598
57532
82551
18424
81885
16697
71387
75785
69642
79566
87369
65052
37266
29188
4642
43915
21320
77027
46137
99646
2097
74912
58686
22544
7193
17765
87098
22217
98783
39466
77216
59388
50577
86506
32398
37146
35230
35184
9107
46784
62989
53965
30390
98707
14008
18250
72419
7224
66883
77649
80170
5997
64835
19944
88010
48819
25815
3229
35758
23896
12211
9348
20902
59720
25718
21738
77561
50651
43049
80805
22840
80387
58094
19977
61185
71378
46128
35544
87381
38358
15735
93406
74094
64051
25849
17469
45499
922
32862
28217
57691
61664
5512
57792
46116
5765
22623
25593
83152
79764
25962
97574
47168
69901
42789
84012
81217
75376
40397
38334
9031
22910
94935
13212
79300
96335
15088
51951
3946
84382
11301
43406
5909
99711
51087
18470
42167
91141
16297
17576
70954
26801
98374
55140
53956
49540
38581
38343
53074
67341
91221
78742
97983
11689
53110
13508
23877
49839
21979
41758
64991
24100
80799
97251
72391
71091
59803
17704
58896
36808
73432
35059
37983
8906
77692
14701
59467
50144
76175
34891
5298
33457
43671
40436
83503
57493
66135
77829
91556
68928
36185
21198
1069
20942
40250
23435
66892
58417
65391
8158
13730
70554
4023
68104
3458
1478
84574
85602
36194
6275
88312
15452
6159
22892
40467
31428
36414
11042
98810
80231
62476
931
84211
10071
40491
69916
35553
79011
71219
45743
62046
63575
47471
60969
83072
4493
400
12009
89692
37635
45328
34223
81949
94529
42582
31824
41565
96879
76511
53370
68058
60624
5808
53312
56504
75190
88205
30359
45008
73581
83198
10029
82743
74219
37671
2942
82383
41895
49106
82496
30478
52387
8182
74048
31077
89417
36829
45191
34455
6977
94172
13755
75120
28934
51206
44526
65363
6870
1117
19629
37620
81199
53473
90638
78064
86347
97828
60422
85700
62613
37867
84702
4688
78437
60511
59351
54838
76722
56305
21055
48676
53092
69358
7950
22635
1673
43833
79090
39441
56067
74997
76200
55402
48993
85721
39783
84617
79792
3028
63630
71140
89991
31302
97709
25657
45249
46738
86573
17127
92292
73548
62839
86738
16819
39960
24289
78339
40140
97687
1829
92209
22339
69529
96418
30338
26368
70234
16739
70997
92682
26944
18134
36799
31601
62351
72031
44950
48215
62806
93357
34089
44111
81565
71647
37693
61036
28480
58021
90906
26297
72248
65278
81769
30848
82065
74424
73713
36484
51935
87214
7724
3437
85734
57056
44556
48160
3220
47608
14219
79673
43644
52106
31409
12018
66932
5082
52607
62137
23743
88785
66334
44706
39383
27439
12598
87287
69169
65644
64841
6415
99094
14124
4059
36564
59998
93204
33979
87693
56794
33701
75489
7148
67426
39560
72825
75840
13004
48972
90445
92646
31910
49323
23066
79108
63477
49906
40079
86371
85111
1496
73011
36918
85978
38089
68998
9211
55713
75049
94416
48017
72178
34610
23185
80256
37690
29410
30692
41999
79188
54627
16251
70643
30469
63028
3803
52854
60447
56205
15021
45167
50330
51914
34366
60099
9476
94080
54712
41541
88694
67798
37562
70170
89097
88321
84882
75727
21930
96201
77460
43293
1487
56272
64502
89969
9330
75263
21570
51816
99039
57123
92740
78891
23630
83298
62235
82807
5329
65864
7532
39985
38367
1661
49509
3663
65421
5481
65299
27842
18293
50541
79465
56257
63468
94248
99122
79529
43210
17481
8628
52762
55469
89466
2491
80945
98874
98334
89765
24933
52979
1008
67228
67286
32023
9824
10151
8722
62146
17109
49994
20054
49622
24766
107
20548
23496
60856
43113
64444
92777
16840
19040
99518
65549
88938
72641
54999
72309
82853
46955
67994
57383
85770
44370
492
11695
63370
30582
78003
91257
26868
18085
27793
66123
46177
78632
98920
83069
27942
14780
99601
29990
71723
35459
64521
5356
82331
52326
91483
20878
59238
13105
48896
86615
76410
27146
69346
69721
47208
50342
69849
67518
27170
76502
34806
17515
16990
64386
68863
13047
64817
35010
62525
71912
6049
70844
38868
27192
73066
73923
94611
35270
62095
14267
72654
64255
4743
40677
882
45679
52271
14597
25635
93741
49982
56962
86805
61280
46760
10837
65403
86255
45182
28501
74576
69315
87308
49878
50907
17692
74299
49317
54099
55454
38602
74552
19471
49598
44986
10248
83951
33045
89173
18525
63389
3327
93540
53278
85038
525
83918
24842
38639
45688
54761
60270
25394
95560
6965
1520
98093
17994
28412
39875
68091
4969
67209
61377
28727
51291
6339
85508
91218
29157
45969
66108
94401
16941
144
72428
16807
69275
97178
81135
5527
15796
47889
73221
51468
46729
42771
20255
63282
33927
19065
93213
95563
17902
21848
69755
78983
45917
50852
22
66980
53522
89197
73566
64396
55765
53119
7544
72147
42692
44016
33155
40448
82282
52128
47114
26850
8753
31296
24326
70429
93668
78525
92597
97333
33634
49137
51630
80478
84907
24918
39078
57633
58295
44105
2927
60981
18644
78818
64460
18360
46216
35318
61097
73346
66608
50458
97019
70331
34995
93757
69034
82407
92981
54245
48359
60746
58179
60495
24537
4950
39588
77509
79804
50089
81693
87589
33552
57392
40741
62375
90842
13251
92923
83085
65452
88666
25330
27720
66291
50986
32743
18763
85914
40094
89408
23044
75998
9784
17731
54221
49054
45725
79929
51505
23740
67579
40119
3257
42823
73459
74714
17975
69236
97001
13071
73935
92582
97535
56196
41037
65973
62217
72761
13947
9983
99000
42911
1285
36847
55988
13392
72434
54798
19422
69855
97303
93717
63321
52424
21210
66361
83613
59260
47321
96485
42136
80576
52048
48282
64493
40528
70218
95884
27979
77936
11756
14432
67859
14509
87162
47214
95081
96048
23462
8246
28946
63303
55979
85398
95981
46979
91822
61295
30662
69828
18689
98563
52945
37623
638
28953
36399
53437
84543
93519
62784
7190
45044
52738
88593
8176
90403
3571
86231
16620
5723
63416
45560
51395
81113
6138
97071
50602
87909
1581
75904
80512
13224
37735
68766
39255
84986
20179
93873
95667
89570
22300
42008
30863
65833
69950
7065
57490
51566
72883
29502
54331
76594
27125
50861
21781
28293
63965
2210
69022
21955
59073
41950
14664
69770
57334
38102
8808
41727
87873
24625
9070
60843
72559
39200
75284
84934
83735
72269
57865
97043
92939
10996
51459
60566
48536
68415
18512
5753
81174
44208
35013
29474
75687
7587
72297
37238
89667
95936
90128
7560
88184
98688
6675
24332
16184
47104
62027
62909
67194
51859
379
12073
46082
96229
76685
47464
34180
20371
42249
97922
34205
54523
21827
37842
77961
17267
97849
78147
68528
61310
67896
13205
74799
23774
69797
40314
41068
74372
4313
86814
26114
94819
77482
67414
21125
27698
40162
50303
95017
32276
65815
25242
6925
17176
6803
67951
70939
23151
71607
95072
37461
99433
9000
39673
55317
67969
53556
69266
25373
35386
56244
33295
56012
7807
78330
1880
37345
28177
67270
4200
79874
51679
74653
2674
80243
20008
61161
72709
9650
39106
28846
75879
62348
41279
76346
44977
99363
60004
42768
42151
25745
5451
8536
18537
95182
92334
28550
60074
58512
95728
53013
88376
68589
95154
85499
39457
47291
30622
62208
66404
75867
66810
64570
79252
69486
71482
70777
36872
57142
59159
59128
7718
66782
74067
51868
66233
48386
47950
3702
45536
25538
20731
24408
10975
12348
13456
79172
70749
92280
1560
14173
18781
36152
64823
63373
83317
18854
49723
23911
22968
13749
17533
82438
93458
89621
24158
69391
83399
77262
72345
25770
8613
21656
12745
90824
83753
29877
83814
84369
31742
162
18546
72971
66721
3446
40659
36725
17420
83848
24564
81385
20621
7856
39948
14203
53214
73462
87891
55588
53190
96961
20322
43015
76246
83698
56641
51667
75763
73758
25504
13294
30179
60788
41901
65683
11564
21024
5008
4978
45087
86530
67869
66837
59681
61774
55900
2213
82831
15464
44639
74283
21085
90622
51096
3992
67688
83411
43882
45112
60163
96714
11399
41733
27549
1789
66584
38517
87198
7438
18723
6293
1990
34678
6653
44144
87067
80048
34284
59293
53379
77109
35926
87723
91028
12735
89039
88901
84003
17890
68064
42820
57752
54944
69977
57358
90882
73966
11780
55268
82755
97831
98615
40595
21335
11216
56940
88657
91852
22129
56986
89582
87659
33417
10322
76069
64402
67814
26905
67972
60798
71119
99805
24122
4252
19211
30271
1639
10471
86036
72181
6635
98389
66431
96421
74506
30753
66254
41715
35404
46222
31806
89823
39063
10575
36014
26267
85648
77576
82212
77204
39820
62711
10553
66654
1948
27805
77439
29694
71161
96909
84598
30594
3840
85132
84037
71424
69608
6086
17377
77591
55692
76975
38523
51270
50092
4703
50882
42600
45759
44065
47626
26029
11255
85898
62995
39896
776
44916
91272
71030
41953
67173
56116
21769
86588
80637
78611
57380
13895
83219
56638
69291
81525
60477
69434
42753
91065
35071
95823
45145
10987
51417
986
1426
2222
94809
78159
50058
90046
38926
46848
26145
28812
99860
97382
79407
39780
98630
74195
25095
87790
58939
1542
54380
57593
1774
40726
87809
6055
20655
70679
60737
83307
89188
76795
65915
65790
10639
78171
12836
16544
73868
71891
91810
68162
46558
91700
57230
81928
21470
79477
72959
47751
34385
61332
10334
52646
71192
88819
37000
92371
28016
62186
19895
24579
54056
12287
46201
94742
11652
67454
88709
40781
96576
90061
91996
32660
64426
99283
18918
51017
79334
77729
40534
70160
57779
21235
34498
86124
72233
28266
61124
97114
42435
25644
31351
59702
53812
37272
29706
53397
67151
76844
27863
11725
29395
46503
1178
20075
49570
72278
21540
46158
31418
19343
11313
34049
63489
34687
84284
70661
60550
69468
12134
10209
84775
63657
42478
40024
54090
15561
51124
79505
61564
48874
31168
67588
10523
68851
51352
24686
12250
66648
54462
54657
31916
46448
74436
94211
18152
63096
31485
78556
58350
33646
80668
20041
13086
48609
46619
68729
97068
95057
47922
11274
18039
64420
90760
51407
77369
45060
47416
47654
4261
74726
45896
81351
93055
97510
19455
51584
57547
93900
88282
46323
44095
98728
50116
22684
56955
51691
64435
16553
83283
3483
70023
7105
81400
64942
55912
74698
97352
53531
76398
3714
38459
20810
53998
43726
92170
72129
94449
93775
88303
3144
85563
40842
60273
73108
98407
92975
62278
70456
26764
28998
68378
3684
17649
25443
75019
91343
45411
29499
22095
8497
10389
10444
76050
58774
81064
85361
36060
11899
94486
84717
45102
5240
56360
22556
63706
75889
17936
98932
23032
21900
39869
8014
90110
95063
34617
94883
24704
11130
50898
4334
66202
42908
89280
80414
87122
64118
79432
31638
19394
93241
40622
70292
82975
38443
91480
5027
92310
20347
94755
50528
50174
92661
94840
88855
33890
65149
9186
3516
2253
66688
24030
52350
59440
32670
67533
57850
36008
44050
24271
39927
83103
48700
19800
93021
49662
62284
75513
9174
57715
65555
56452
95545
75235
52524
15192
29413
59430
90726
64594
94373
36966
5149
87470
5613
28675
58619
26630
33393
77741
9720
91901
41428
59751
12644
91892
98316
22654
99817
17606
22953
16883
77176
1929
13645
89917
223
81772
60227
24061
79444
32609
33359
41163
28357
21048
43866
11741
21552
34580
69816
86963
39249
55640
21451
24906
9354
16456
31290
48774
40903
50071
1377
85779
49961
43439
74030
31217
34653
11265
78956
29551
28046
97873
93982
34333
40864
47645
70786
20109
10688
73005
91459
47172
14930
29746
38712
8008
9534
32709
61912
82169
35645
68955
28385
290
99189
26301
11954
73835
5668
96625
96998
87818
83991
85026
29020
26429
68491
69480
91761
78821
17026
53058
75678
49250
9394
23118
25754
89869
35730
25889
43494
739
49936
36176
36066
30256
7090
25474
92347
69559
3785
3660
30674
52878
77057
80530
46912
63160
67255
41684
33606
52195
52836
12067
98655
70115
37952
39591
96695
3962
94730
31592
80964
25364
68799
29084
75815
4777
11637
19269
15339
7471
28272
78599
50416
95231
39499
64304
50925
54075
24231
57813
45389
6318
85624
69639
42502
55393
53669
1075
31385
67777
5561
58832
58579
61066
31324
50681
93268
80106
60676
6424
44428
42832
46692
5048
67386
76493
23270
39338
81788
77973
25107
53940
61356
17185
37922
36893
36252
83686
51871
24787
96805
88886
96982
43451
70435
16446
29868
45173
64170
29978
7874
67121
3867
20240
31083
49289
623
4291
54120
47446
12125
78589
64222
2588
62223
48279
82175
56788
58765
60306
43036
27668
40705
42057
76813
23087
59919
63974
32184
58799
54508
82862
74933
46570
97733
95289
38190
74616
4474
43928
49180
80506
41511
54828
92045
10816
36774
46357
27836
62760
98429
64014
60639
48197
30533
66617
4737
14289
93128
86564
66968
75602
54203
92750
68360
29120
20035
67676
93635
8265
78699
15961
20081
43363
66541
68082
49802
96927
84168
71445
81037
71354
25162
52399
13358
77518
24607
45844
52543
29026
66596
13422
77298
73743
66825
50431
30726
87476
25690
48453
61811
21854
56153
15592
83442
91926
28763
86210
95496
16269
64621
16120
97153
75553
41605
45441
17673
40711
90717
1844
77738
44263
32911
39765
21686
72907
50028
29535
10767
51182
44172
9754
15696
669
25528
58436
46772
42020
61210
81757
57004
56867
21631
21940
7374
2976
38285
74534
28132
47199
90052
77240
85474
93189
3196
54844
7264
66861
65131
92411
34485
15955
60151
84519
23481
64887
79987
24109
51368
57087
28367
46424
54914
16391
96271
38263
54136
29435
76932
8979
22303
87180
50797
16791
3504
73591
69669
21363
19690
94904
79169
9870
17060
73386
92359
56672
53568
10132
34852
46363
98139
3940
27897
74814
25989
48591
28092
50693
50757
27396
72803
44867
15922
14350
18226
82187
12815
27442
18818
70636
12229
21253
1307
64142
43549
34415
30826
56705
71280
71296
82740
99201
37833
95701
68741
55921
86753
33301
78058
36039
98954
14832
6681
24665
50287
76664
43396
80643
12568
67768
53299
80655
73487
49378
23722
49082
14515
83664
59891
90094
43104
42414
22980
81458
24387
40650
6281
67450
55799
87043
18836
53681
88102
29053
53919
71659
23755
84522
81055
26972
13657
30027
20438
32728
68223
66944
14368
39014
26410
24424
14414
55481
22495
29657
71348
94382
30250
67319
64533
38743
21244
7685
50062
28061
83518
59098
31540
95511
53577
53022
35413
33112
31873
55359
27402
92872
96680
44748
59314
77555
95627
94581
32926
47968
55518
96079
71045
91263
61463
33802
52115
61146
75419
64695
27344
3019
67701
818
63105
12000
46079
87421
24991
486
40403
11667
7496
23810
46290
46314
27024
78351
9244
93308
79590
34031
55417
93784
76319
59037
53608
65320
29795
15607
93628
11945
23053
71976
87189
79398
13605
5976
89307
20575
83469
12198
90781
7963
6098
59885
76166
12903
11103
89609
81629
76026
23078
69065
34787
14469
76001
20832
49769
67551
65799
48423
24436
59446
27726
65601
55790
7657
25193
31559
50843
94199
26575
14551
88044
65720
28867
13328
35288
36313
84137
39472
72507
39908
5436
45945
12586
29377
79645
17960
65894
1758
56815
4279
32010
68738
99576
77778
22239
70350
41056
70618
81656
34162
11139
52656
32969
60776
71064
9226
87232
27045
82151
55076
85987
971
12513
19507
76124
92908
66315
2454
8893
34815
60102
82612
13910
42042
53550
40378
35517
74207
62934
1050
86158
14152
13880
96702
52750
69455
53769
30350
46949
6107
51926
11298
21116
86884
24051
63752
60935
60898
15317
52573
98978
56092
33234
94007
72135
95218
87119
77326
10877
70444
18268
29563
18653
70698
40302
76761
19306
45429
27216
87085
9116
63932
61744
51987
68830
89725
60389
77228
74598
47876
23902
43586
32700
49262
49885
33756
3724
69864
58561
66028
86838
15659
49155
19532
54175
87870
99048
3293
3528
34958
81125
60651
99790
13190
12269
8744
63913
37418
69401
68784
50361
18271
26709
86518
36817
91419
77082
60056
58545
43256
38395
85788
53327
47092
50040
18305
42667
50614
28156
31650
20270
73157
5646
51273
72532
81025
80628
8280
90809
62153
95176
93372
41700
13822
58603
53449
13889
23704
89380
67692
39625
32465
90268
37555
16605
61237
66526
64560
55256
42106
16016
7056
97141
82715
77674
19199
45832
51899
7004
9836
11347
27750
69965
37540
82679
95786
16877
43027
55707
46439
37510
84412
3635
55378
54294
97999
86872
62552
43818
19071
36310
38218
66276
98124
75809
34101
21497
18171
65171
77848
13923
96973
79413
28052
64969
43177
11539
34626
40961
5555
33057
10233
52253
4401
86915
94425
37394
39570
85227
47263
6199
64078
13718
19312
29630
66166
8735
14875
29163
2955
38425
4090
92463
74115
55991
11118
50266
59507
87021
77884
37388
81839
25342
83576
33829
84726
47507
97269
34693
72367
98072
78800
18888
34379
82944
95261
4908
24219
7419
26749
34986
79813
67096
21225
22373
43894
71256
45029
92252
9955
16520
995
13495
35581
68448
88837
71628
38596
16
53730
53824
94397
90162
6354
24964
49341
11524
7462
15070
81717
36170
10044
25126
89295
24711
23401
91181
10297
93552
48090
43186
63566
82316
95636
49680
23868
47010
71088
76487
2918
19141
63749
60599
96540
3736
74354
46805
38050
16205
77878
79883
46671
318
20221
64380
15122
16169
93796
25187
64133
66211
76304
23951
16523
17078
43961
99943
32419
52808
30918
50583
64124
52335
78534
38880
8127
3046
1249
9287
12772
76111
99842
1969
10093
40143
37964
59284
37455
67136
63779
31971
57471
27421
73871
82663
99372
59192
82267
58335
85618
24228
93082
80909
84403
72562
20676
21161
67740
40699
81803
5103
9696
89246
27186
63813
11921
69257
31507
11905
52207
57511
95432
20585
52231
78449
96146
76136
92756
73365
9601
15525
57966
66016
68751
37787
92634
69712
66095
53260
14994
83332
13788
44562
56666
46097
82984
86329
98154
84653
36908
62006
39698
1914
16660
56482
70130
23932
46015
6247
75940
72388
59400
19562
72712
10517
43946
37247
24198
41187
66483
30039
1816
36454
67756
867
58524
50467
22226
32569
82593
3101
32178
54578
17862
83390
75275
29062
3156
37827
45908
12967
18821
96006
41224
44645
71888
53010
70194
75205
76569
46799
35810
88544
2616
27500
72727
54542
92176
6260
13361
1954
82621
22913
40256
10212
84186
64036
98102
95118
96213
97126
89942
25901
58716
42460
79633
60959
6379
93958
56122
43693
27103
49387
96381
21793
48093
6452
34977
42450
79307
25626
61869
39975
59977
324
47147
27451
1133
55591
27768
13678
93485
7667
21009
9763
38498
15836
51236
74366
60398
84803
66193
24698
80759
49061
91095
4999
50821
78037
45957
58371
71229
70313
97944
76856
2784
18104
278
91935
98310
55427
78071
77665
30494
69077
16007
44211
7340
58140
78641
85468
41874
51334
78382
38028
25605
83722
15848
6714
66712
23295
90513
71189
19953
84437
59217
94303
61268
45218
89899
19693
54563
56043
95356
51597
11481
31110
87534
92212
56543
20536
57682
79725
605
1435
22013
99952
14451
80332
74125
53739
34266
41218
43573
29889
91660
83625
38199
72159
41398
15073
28339
263
8039
1102
27860
46494
64100
12699
70105
41800
78315
56922
23011
88437
49860
30320
53232
96616
8191
82654
20691
57291
21265
70829
66428
38697
57044
78132
91709
64335
91327
9546
75461
40299
72053
5970
42795
88199
44376
16312
98502
26398
6189
82819
65705
63041
68406
42121
1883
78846
32285
41611
11448
59278
93180
31714
54395
23838
36448
45289
17292
80539
99296
44040
84968
39646
7673
69086
30509
32844
45276
61927
63352
15265
99683
14325
44892
52286
33313
72663
41437
63495
58039
95307
38489
86097
42609
32633
61179
97794
16843
10257
44349
98176
43290
42225
97324
30942
55097
84293
73987
54212
18494
2137
97678
40281
93616
5793
6180
90308
43934
29422
33613
35941
51890
43595
31342
90238
40976
28519
30546
28684
77045
88956
40207
25867
11408
78708
15149
1529
36493
2048
77405
74277
48768
55741
12455
43525
20792
42847
81339
89448
21872
21888
77387
52009
52891
5887
81019
34632
94718
54233
92115
38169
4526
85456
15476
61228
3779
351
51557
33283
28891
29224
17115
5814
88520
93689
89017
98795
2070
2268
58079
40732
30860
38071
30097
65165
24012
2796
62546
10737
13736
27601
70701
77524
74805
54325
62064
34864
73688
99750
1316
85248
37363
75849
72376
81705
64917
29578
90922
17237
36463
2875
4172
93400
12446
34598
60703
63456
98868
41120
66984
52961
14567
59528
66382
70084
2396
82529
81666
41587
85166
43412
90549
68815
1627
76615
25422
12308
83677
80561
75391
56073
4892
95255
13865
22931
13386
55549
93918
86213
69562
40339
20496
55817
90186
65632
20707
38035
6501
85416
8765
69327
13132
24317
16199
69199
7099
65967
97028
23166
31788
98475
43317
63215
79734
48649
82828
32251
80607
51749
51481
28574
11600
4383
5872
92450
7367
85483
15500
83490
39023
42496
6077
90088
25589
95838
58823
43073
34256
20463
57908
81342
83835
87409
25733
26313
36347
9528
27002
98813
27070
18757
83243
1868
9122
34348
27884
54746
72461
63117
77424
32773
55509
99668
38312
96750
76783
8890
93476
75477
37043
577
96760
92368
33628
8045
82364
10492
59485
14069
4935
97715
87446
71393
23285
42975
20514
96256
1224
61496
44547
85560
19401
92423
71534
37894
62058
66849
33347
26618
35578
15244
95331
2463
19224
29688
33033
12095
77689
12351
67368
97132
65760
96604
12400
34507
26255
27137
95102
32459
35495
70188
74964
40238
81998
35785
19675
98575
73441
76215
49601
42862
35441
44004
84427
86301
95716
14844
12311
75507
4108
90394
39835
78681
22861
37131
65693
77543
21103
59067
34907
1218
81681
66703
60352
54737
26795
45527
97410
74686
48514
46720
15003
97498
60697
6003
41849
2372
16565
36860
86924
55195
91041
71039
50770
23240
94327
34003
66993
41041
67908
37003
99738
431
12473
17142
99970
42118
4352
12275
36387
45340
58445
12870
61905
65909
65848
85062
74222
3064
1740
1905
20759
98438
74622
95344
8341
85883
74946
60019
97373
9498
44846
7505
80011
32572
38572
77607
14359
63959
63315
70810
24674
60465
41495
25156
6406
54044
43387
66010
55246
79050
94565
52817
98087
13523
2314
45652
91526
4783
91315
84238
61582
20777
14054
26340
65107
6763
37409
81156
6888
16730
17002
62269
91663
48908
58622
6263
83823
59177
9665
29303
199
96018
68882
64249
75626
85300
41089
31186
54593
67402
28443
8820
22507
2836
60340
52662
50297
91449
35798
95170
59546
58310
92573
550
6437
88065
48783
17914
22883
77820
59818
90900
20337
25873
29822
49820
81150
31205
84842
32786
89643
94956
61994
89203
84321
15571
3418
95612
57251
90378
40220
28422
11976
28470
49235
64753
10849
10489
55152
12894
91587
68454
22593
53049
38755
82703
67048
92038
94016
67637
24491
23224
45347
35737
13468
37330
15442
83851
79072
98520
36658
49790
1359
44233
79221
56693
91175
94498
73203
25171
25464
44626
11146
37174
39506
69733
81983
42637
99869
66398
75718
82374
97767
71317
17435
28455
53751
68848
52726
45310
6934
58808
59495
48737
15909
86603
31479
66462
89972
88160
42304
27771
7239
20823
46622
3751
16022
54935
44495
67106
41373
51572
50217
37027
25834
49146
49274
62082
63910
48179
44620
56144
23130
70920
83939
15745
1038
27384
73621
11204
19120
43790
9092
77417
17331
51511
87565
90195
63166
81540
46637
26041
8542
45890
68979
3318
99878
48069
55878
45777
16239
40009
57273
45783
75498
48414
25516
63209
17548
60837
52033
77912
82239
46769
38205
68216
79355
42374
14136
10508
22880
19758
11231
34137
9638
49424
56299
56189
3888
27524
91123
72812
5939
67325
70392
97526
59534
18848
86432
10602
88575
84244
93995
5848
24943
49439
73197
62870
2961
29511
36887
95005
54108
80195
32126
15687
26532
85331
71525
57871
28003
30066
45353
66797
38788
61875
22266
61652
84836
76929
73679
58228
80362
19132
15781
23209
52692
19236
57197
35111
58964
77289
16092
97608
74662
56601
88428
57801
72794
82016
44187
2366
1142
12769
20362
45646
77002
67786
70627
55063
95646
1294
99180
19962
47385
82349
47825
65879
85517
90311
89902
17667
91675
25995
8780
66871
68519
76105
98057
42569
35303
33652
90076
97464
94367
61524
5362
72623
41025
34
72101
22425
80436
40458
68268
5411
15510
92533
7407
81605
68598
85389
23578
15720
20939
69660
61847
32587
4923
93909
22007
63447
79267
9385
42289
37443
3162
68009
14191
58353
69510
4535
42182
51026
84275
80134
14585
16868
53855
7383
54065
40012
42936
72443
77930
13379
99485
69245
9467
89075
53089
91535
58390
43448
74903
41626
14472
7303
99552
76252
46525
24527
75162
85105
58103
83964
45670
33075
32148
88456
74390
30643
7355
90912
77015
27317
48929
5192
13971
49036
86826
52356
90482
90540
89252
12989
58674
75245
26249
53162
48868
1566
28287
63349
76337
89731
5118
44480
94764
42707
36640
71668
59476
66282
92560
77622
91309
25773
53507
23337
79319
91282
36701
62601
30637
64179
22287
33164
855
76658
66953
91111
62394
97635
70963
15873
62922
60361
11475
55027
68381
39240
93564
910
50593
55124
36335
93928
63434
40122
54865
1652
95774
29319
35334
52091
69550
10019
31891
73261
97614
43662
21708
33228
42511
65510
57929
92084
18412
13935
71174
16053
36222
4514
95279
22532
4673
56025
75696
14887
94285
72950
71232
73508
92887
85819
94065
60648
2594
28821
46393
71287
45719
64487
86365
77155
12613
1450
20893
55735
28705
33136
55832
81891
90763
23310
8796
79859
98499
21149
803
22410
35593
32886
67911
19782
38761
26636
73353
4068
43601
60950
26279
98395
62873
71103
7834
75428
25358
53711
16675
45298
87336
2411
15098
3769
38065
6400
54023
59845
48542
6348
41266
26499
5869
45563
14142
92
21949
22101
64930
71769
4371
98551
20664
75065
39057
87760
46821
84559
85322
14869
59369
90455
61390
90857
76801
21720
71876
27988
35694
98746
92069
30512
77274
68482
13547
65943
37104
28605
57401
26966
20026
77982
80277
84055
84342
97489
73795
48438
58152
2860
15934
75211
70246
90662
74866
32627
70603
97431
67142
67295
33677
47059
80207
78226
89771
94315
45139
3367
34430
61191
56348
77701
49698
63508
72281
75028
85956
29004
22321
36539
38822
89515
79966
18396
12656
51172
31061
77097
17423
64774
65827
30011
48328
98298
40998
57551
1029
70139
35770
97446
22449
76270
57099
84485
5634
56440
60215
58841
33097
80451
60730
98008
41462
14292
94983
52417
97413
40638
88443
62568
47864
39374
43876
52183
27289
40568
34449
98273
47989
41385
74253
55683
58942
12180
37977
11225
21906
14744
7529
24747
68421
586
29258
88297
32801
10743
63593
31882
35911
78928
2015
18284
90705
59562
34534
81415
89316
22034
64271
44166
80350
90616
62699
86765
5054
74344
27540
54496
57648
41315
53177
14484
10422
50510
62501
42463
83262
75541
93430
51438
4825
25080
85141
97364
34916
56394
93647
40546
32078
47547
56916
91623
25553
66050
45579
68342
31193
74762
74839
95032
41782
67090
10914
2634
93580
34400
95374
55381
18992
88627
74244
56052
78000
70792
79865
8429
80848
47400
51108
76554
62735
35862
21915
50977
46247
86088
38260
5127
3675
37281
66157
77796
43351
53040
31611
42853
8655
41523
35526
20423
68314
54538
2039
62040
68116
43372
41254
1993
62537
99430
42713
90253
8597
97660
2729
70856
70899
5097
6699
17774
60044
58213
7026
55942
3422
33002
32856
41654
16132
13773
52710
86319
306
28919
19712
6757
97623
22794
11701
5829
91507
3592
31580
28074
27634
40683
57425
38434
54261
20151
83143
47913
13532
14728
82203
27100
24088
13431
98264
29361
9009
71946
79621
37992
89170
2527
39484
52225
58667
20212
42405
18558
83988
794
38791
73285
46854
7163
28040
69129
57316
40571
50806
79700
47437
50739
26554
51066
10102
41703
8439
15412
83274
33796
17032
65485
54426
95743
80719
48938
74976
54349
45099
32300
2405
72870
95841
84913
86280
96033
25922
19257
69532
12558
17927
2128
87626
58451
91611
72983
90345
27329
58585
21305
68534
56177
31275
86118
14783
27295
3821
38468
44452
17164
13315
74463
56449
98469
49460
73881
27271
60251
17322
37201
51542
48182
96067
82026
5704
48667
92652
86774
83359
69382
3852
20987
63761
84797
55304
97803
7569
77942
20646
174
96369
99076
8967
24262
11506
96592
42145
70032
1096
27817
75589
76355
73337
5137
96811
31736
83124
46750
43473
86728
47031
93726
46930
36472
34717
40326
94895
49775
81073
11545
85358
58915
69208
37766
47483
81223
2164
26221
94105
66535
82297
63529
86786
42872
40854
78901
43985
51429
15287
64744
10676
21061
57941
27790
59083
50168
14240
5011
8143
75596
8710
83594
65577
87705
27619
38559
69120
47593
56232
92606
43241
22165
50666
52616
30369
87632
66053
64213
39271
72077
211
21647
33323
37223
19605
22828
90137
72471
71698
5695
36139
15040
15043
99936
94651
94980
26325
86539
85825
16486
77768
67667
26090
68366
33179
62244
7175
81482
49589
31931
76478
2308
32099
13813
50446
33271
48719
81083
96839
26923
83033
52985
62708
702
97294
6305
99833
10550
75663
78098
92133
12101
46885
90439
61448
2820
63233
48621
10615
58957
92786
31254
53138
24555
64063
35932
28248
11844
9922
2540
44437
15534
11185
89798
20139
46375
38614
22733
85901
96467
33814
62443
27472
36072
52829
88712
31153
92246
4670
93381
76709
50486
66074
33207
58146
10438
20203
96445
11008
68635
6833
68128
79194
43329
62385
10416
81913
95868
84260
7938
5185
84455
15589
13413
4795
1343
35666
80304
68839
50730
7697
33899
58872
16434
60199
31705
75528
18796
65500
60907
84195
77039
96161
47355
95041
36716
77784
14795
24454
66758
62665
7297
19843
62369
40061
37906
30436
99476
29853
4651
31669
18937
28882
48618
35859
87052
82520
35962
90604
10669
82053
47815
8634
52912
72922
47318
56556
4990
12327
96857
99897
16929
96183
18339
15159
86454
77637
30988
24729
60346
32422
96460
23142
19275
18967
21726
45319
8466
3919
4810
89475
30408
26075
29075
86844
35953
26594
75089
15378
46110
22315
12165
57013
15366
95243
26935
16279
6489
6849
79978
41453
33216
52909
53794
71818
72675
57306
8927
76716
29752
16065
54789
52439
28235
757
12461
8136
75651
4441
43558
5408
43519
30457
61368
41071
87342
16150
17454
28626
65046
38678
22153
35160
84119
57367
36219
98844
63581
4542
17655
14649
20112
25223
1340
59839
81611
98441
58396
20554
5335
4001
39683
28989
83100
90220
9687
63999
79133
7993
27674
22587
50138
81244
43335
71619
41178
33368
90598
2515
72992
86002
75315
17249
94233
19202
47184
87717
49299
50641
93253
11286
56852
97721
75040
25666
8829
1279
35483
17283
91916
58289
52475
82575
18674
66471
83017
84629
46454
60297
16462
49555
11463
19806
9519
38801
59324
33988
74701
88266
950
37577
88678
87201
87964
2112
15214
10969
63410
2360
99384
57453
91153
17206
18601
90998
51774
54816
81733
66446
36930
36149
54688
29596
76999
10169
75077
712
96085
24775
17475
59458
19935
7041
95948
38685
22565
96689
14802
53290
19559
28409
92475
26957
43830
3034
42942
34845
428
68140
20612
31116
55018
93943
65012
7276
8982
7602
72547
29239
52778
6733
4911
79007
54490
61457
17878
92191
8222
33866
26200
2802
57761
29896
89130
58539
64322
88355
38981
21296
27057
63193
84107
82505
70862
68873
69150
84766
40473
59961
72742
76832
25034
74640
5430
54810
90461
84061
47809
37528
31687
45255
91733
22248
91794
71637
72220
52176
79029
98359
78110
90946
10364
58210
37378
80896
39142
12299
9232
55884
67496
95878
2076
78187
42209
9052
9574
98948
4859
27207
26093
60865
46280
48948
79831
19330
59742
98533
46473
12668
57178
20359
81824
72779
15989
61731
42646
89045
39722
87821
16630
1413
58640
94571
1703
52564
60926
54957
3095
33429
97818
63001
20402
11735
47223
94925
75577
87665
11023
79618
81559
86600
12678
42270
80875
80976
40552
10697
24347
6232
50672
48203
9708
62656
11017
4563
67063
94230
59672
10315
71921
15757
77491
86799
54667
93293
63273
65622
62101
90931
13059
83112
13578
42359
67594
11390
18732
30488
52634
94059
39112
67212
88056
87928
59943
25431
94785
21839
87613
91382
41855
35822
91712
64512
50239
9736
44056
80088
5259
86625
98832
59665
29096
95673
80546
336
87037
22382
36979
5689
727
40180
3382
27707
40360
6229
67392
21546
98237
44413
46048
3476
53657
68897
96738
83167
18866
62311
90970
90229
79273
74109
49756
63074
68335
32377
68567
74650
48264
28736
2668
89353
34791
38624
9418
54435
26490
51902
22776
94642
56266
53904
80030
93448
56040
32361
70368
9311
97345
35871
95322
78757
596
8573
78962
35138
39289
10
58408
39176
53949
53403
59372
27360
27247
34568
57282
3586
28223
54169
78293
78193
82306
82273
7975
87418
28852
67038
18366
14090
86170
2939
96518
83494
4456
5469
93415
4038
32792
56846
68656
98420
56385
72025
38471
75733
1578
32203
2714
93436
96290
20527
17399
14905
41367
85447
76438
93595
87610
39393
99277
36353
55179
36274
27582
96262
38404
45209
22754
7862
58490
23475
60618
95395
37217
6983
11814
1532
13669
46598
51850
48105
12858
51072
17594
44355
24448
33149
73371
49900
76606
8091
11866
88230
49006
97956
47773
32837
54004
9012
92502
67078
84958
260
58170
15110
89002
36588
84098
45868
15387
95579
65857
41153
83765
98597
33445
69309
91034
24042
69428
11573
51618
88114
97547
21186
67475
48148
58887
98642
2274
49119
8051
20884
14188
56339
80073
73087
89713
5076
9507
80851
16428
45072
74238
35196
39850
90867
50205
34745
48343
59003
88648
40885
70374
73658
15632
11789
51258
63294
73298
8313
72333
24509
81934
19285
65360
62577
81449
86713
97648
55057
46869
60883
45997
51642
28922
74921
34888
23847
44938
47275
64658
99323
99192
99305
49717
48224
91608
17969
59653
94825
33472
89264
52784
29838
4422
50101
12729
87748
61030
31968
64899
84873
50635
80353
48029
64640
48743
79560
38059
4487
64042
10776
18586
36509
14753
78480
42328
32596
69584
17801
72312
10172
49927
3611
82129
36515
83640
18232
7926
30707
53925
51539
2900
23682
14966
53470
4767
96830
83475
35038
32523
2909
82770
81632
19883
81952
84302
37314
55274
3815
46161
16648
36680
86991
31693
30158
7575
12845
43717
89615
49643
20148
38645
97773
97519
52537
6022
80396
88343
6553
90778
78913
43952
40796
63138
28782
90290
14313
46415
87946
48801
21076
22641
55561
32880
84745
89594
69336
18897
41810
8024
43430
93607
88895
45234
91239
87397
75611
87253
5893
89390
79993
70173
81363
20853
8570
65061
1206
41300
6598
68256
43058
34839
83454
5265
87076
35236
16639
99921
81504
99265
38111
93104
26343
28904
11091
5860
17017
93812
88126
10660
99070
30567
11512
54984
71570
51716
22608
88929
63242
76648
98215
37659
81373
8390
62424
21415
33130
51325
47028
94205
97962
55771
2576
84531
75828
2240
535
49973
56312
33661
74515
60999
54587
78119
80158
84672
46058
25800
77250
26859
41242
47852
29661
13013
65958
47403
21399
6382
96140
40610
70572
69571
46940
3922
88083
8082
64664
88178
89344
65220
48960
54963
64359
37702
8918
85590
23615
95362
88096
20020
24073
93979
64231
72880
69709
23362
26877
96406
55433
56598
94504
13913
36112
74302
3647
92615
89438
59556
70221
12687
11860
34778
32386
68238
35346
14917
10798
93549
9275
21589
11982
86939
83606
18909
8857
25239
76423
75306
52686
34156
90680
54017
7850
6647
29288
54703
80741
81046
76941
79123
87018
44993
64728
90494
42319
53986
76679
95386
29490
75144
62897
70533
14896
59513
26282
94858
7511
96155
70530
53129
57566
48115
38883
16037
11329
76288
42884
96912
66419
85404
93158
95411
66037
23459
74268
90387
35535
23523
8664
53650
18509
67719
27240
99003
53141
68149
17554
54361
1798
76990
27466
7282
8933
55286
13166
85996
34067
81003
82355
81852
99332
79593
72620
51249
153
22074
24811
57038
16407
39521
54700
17383
70887
88746
29270
96665
79459
62259
37333
96949
32679
39158
89527
38279
92454
54609
16074
18921
74952
17722
85880
54856
89054
28657
36530
87983
53840
76575
61643
62302
47739
59595
80924
94462
89222
85575
71735
13993
64878
54886
14765
21772
65528
68433
10856
15271
36951
57151
93824
47532
75855
72358
17200
70282
39365
63678
96399
30216
38239
32816
29999
39039
86136
12189
75437
96192
28718
41837
85193
64206
3986
2552
78342
72757
75925
50556
27112
52070
18638
16898
47251
65305
60248
41092
2762
59852
43461
56162
47934
50223
70408
38837
78739
36933
84226
22767
93348
73136
61692
61509
69172
98527
73172
26789
4346
83790
33103
52799
85840
29767
23594
43146
879
70054
10755
36426
26505
9260
89026
95521
43760
82328
32105
61597
2189
86075
85651
92383
93195
92524
92029
11155
37757
39121
38413
76230
38291
15433
16953
70411
19599
31769
2701
1975
72202
15323
30442
30735
95951
23343
51829
37729
62726
78232
49302
13288
9376
85373
85633
70942
85074
4578
94278
17631
99729
80268
88794
70929
76917
73423
83976
80591
42560
88581
52292
49018
79282
16492
92627
4874
52933
45017
8692
43305
19373
1694
5716
97272
16910
68049
45398
96348
74787
41559
67301
32114
41132
91776
9073
83436
85676
14170
20096
55671
47452
94153
90690
29200
49476
54191
58701
94135
82474
19867
75983
30890
63941
18873
78837
85743
79377
24399
46833
35840
33841
34012
18439
2628
40879
43732
83344
19156
18046
25611
16855
4606
16218
61048
93168
6165
29123
63083
10727
38859
98200
46512
53592
85544
92966
47794
385
32895
59021
13959
97892
70548
25055
56574
10895
71128
74445
95298
96250
77393
71436
42292
5622
17096
31128
96433
55033
42673
38321
82074
87143
88532
10642
18577
12256
92319
40589
58594
99534
82874
52625
4117
58124
49918
70505
1764
30088
84501
33564
3129
67011
77808
58991
57166
21576
60752
37586
48441
99314
99509
36759
91785
97480
25062
38147
26178
23881
9137
26011
5600
87272
53303
17783
62766
6119
55536
27564
60111
64802
81104
70487
37647
80002
23374
96473
28107
55103
46030
40040
33185
88419
82136
7428
39002
66559
94593
46549
16770
78214
22205
15558
78605
52863
21750
8112
58317
19028
83057
15232
12058
34238
14655
8610
21274
23557
11060
69935
21595
47333
58741
51948
38996
23322
56211
46589
83188
19019
21219
12491
40226
1505
25824
46995
30765
7767
31461
84784
15140
55005
86908
56107
88880
57609
26169
18479
11033
48481
46607
35328
29468
80552
96772
22849
68668
18744
90247
67374
4465
44953
4419
95652
31513
72004
90275
59601
48469
51148
416
90293
14252
31727
4206
94636
73826
7132
2158
9568
22950
29209
64316
58118
93735
34470
62778
11362
13144
96561
22117
13706
64737
95148
88868
40049
30576
99058
69019
40342
28797
68027
50956
53486
30924
15641
73578
4215
90430
31495
76966
81095
15256
17408
93235
68277
37497
45939
18378
6528
56659
45990
47529
51230
30295
88138
19993
31836
92408
51731
35254
67524
69700
62830
10868
47690
43857
33692
78660
14423
32648
63559
24732
80732
98896
42338
47666
73246
22513
6061
35212
54722
42093
72898
59879
36286
18403
24210
8075
79719
40772
99701
84147
97239
26383
60572
43088
35975
23539
34357
93586
86335
35273
98328
25388
97452
77851
63144
70273
98856
48523
33957
45475
12711
37876
52408
81275
9089
98731
10782
45151
69379
12378
76325
53202
22666
20167
90412
66578
40955
39744
53498
37949
61316
25312
22049
85755
4618
46036
45469
98038
63828
406
70469
85044
26819
57737
14740
94602
53843
20414
30210
79746
59241
63874
34214
34824
30747
83902
94025
16980
32932
37095
99457
62687
38813
2771
39579
99027
57029
74332
38968
53425
59055
56565
93064
88990
86673
28303
12610
13025
51310
67280
40430
94034
79651
33860
54035
13636
42731
93964
5677
56730
31019
96323
51447
66324
55216
36405
55826
79215
32309
76365
24839
13688
31049
63981
91001
45627
57975
57892
51374
71464
69593
7618
65931
27018
5250
88401
52369
29773
6605
37803
28962
42219
7917
29389
27335
84086
42026
66773
84635
40366
83521
24582
3565
86860
48688
44156
92676
76185
61725
61326
34733
59644
28486
837
78873
72016
15424
75196
56498
50251
40101
66813
9949
22709
77311
34147
86185
33256
20069
23502
97556
15918
75532
16352
60126
14020
28559
5948
99158
27375
70493
35779
41449
98365
40821
11768
70588
64689
6794
56379
34293
47724
64783
67249
559
22150
26352
96952
82538
99164
91541
85285
9403
22458
80686
21613
29590
63849
53895
41648
68808
42368
86411
93763
85178
61612
57679
46906
87107
53617
38386
81266
54157
55338
37189
25083
99527
78672
14982
44767
9672
92487
29047
47428
17258
50876
49405
51194
91950
53675
37198
35816
61472
17896
89499
74009
59131
45694
33521
69684
99222
52717
44245
17798
36246
65
72251
61960
50779
37772
79236
34128
66117
76078
91013
59784
11609
57834
35883
61551
88773
5921
45371
10184
45585
58466
78422
41813
7789
88166
49463
10944
48728
18384
99994
32325
58063
28321
34516
63865
91953
7822
12113
12369
98719
18326
41822
11933
79914
42539
32734
63782
81867
13346
21473
88724
73908
31757
45548
39402
59910
88489
18808
78122
57996
13486
22480
53348
63013
55326
34403
92093
90839
55143
63541
75260
19642
88013
71598
96351
7453
94535
15409
42399
29645
35370
15769
67185
88273
71988
71509
48704
61942
27262
65027
51349
83256
9208
21329
6122
27366
32013
66062
81873
71018
41144
63334
73615
86493
4438
34055
9449
22022
22529
97788
60318
61802
61860
8512
11069
12403
92811
81678
86027
40918
56888
29139
94669
48508
90989
45264
95463
31550
1365
26005
46293
84479
93842
94300
26667
55860
39933
97202
71961
2869
99613
88978
58857
56742
66456
94733
74854
20395
92228
56830
8442
83552
65442
75773
32499
92997
19636
53193
71201
47745
92728
81202
30112
81583
86747
33490
41019
74164
75757
85685
65238
49793
73044
77582
65073
77378
60489
95450
98694
38221
72199
33436
51047
90506
80497
93522
49228
59772
65085
82590
16712
83585
14536
84760
21995
75327
57746
81962
2753
33069
7349
48078
49204
67615
3400
60816
7319
92808
84696
11805
1682
4126
21448
52552
35395
26883
46876
56327
2482
53635
96937
28190
83658
69623
6879
62912
4282
54447
43973
86197
1746
29804
7322
75178
66086
34473
18079
77463
87839
43796
96848
10465
86426
35465
9791
49170
70078
22489
7483
1182
61432
80869
76743
23609
44773
59940
87732
27073
26700
15348
86655
95591
5066
33991
81321
11558
62516
39795
32352
80481
53455
18488
26471
42350
13193
78882
28345
42576
34946
69190
69620
23566
4627
21433
12146
20636
39823
76056
9427
80781
94849
71827
80826
44733
52170
30619
82419
89133
82032
68705
22068
86551
78049
43097
57657
48554
42481
48404
68580
98603
39136
5314
85157
5539
98884
32612
44690
37296
75565
94181
44794
3351
65339
37259
56403
48829
19336
26435
75455
44275
28150
49259
94944
56363
15210
88382
45405
63730
6623
99671
34583
16709
31778
12882
68686
85947
61939
11371
44852
86069
72065
85093
65583
59018
41984
15296
13987
71958
52488
7636
71308
94700
11615
25339
29346
71241
52085
40381
37595
64200
2747
81748
70008
25916
77183
78019
17228
29783
92014
67988
8716
14603
80326
20597
2323
47898
31675
89875
84900
53245
4133
3498
35651
8527
1124
6730
76548
74897
52268
73557
58869
57615
342
17985
88828
60877
91648
44928
66343
30771
19736
89933
30289
72733
3376
49704
51496
86445
19571
52759
11197
74058
74485
23026
2433
71543
49943
35846
18216
95762
48121
5747
91727
13404
25547
33402
3132
60553
88080
76233
7242
10828
86976
41404
96650
9366
58243
20188
91575
35169
44520
26188
13471
45810
63694
79538
8332
83542
35093
85276
7599
16349
60413
3336
36689
10627
23200
95099
25278
52512
49418
73258
86057
89756
16224
73642
67469
13172
30076
19584
19446
92261
41355
82798
71933
10953
87522
76777
70871
65766
45511
17621
48368
65598
73813
88563
18018
82145
71869
82914
75300
73118
50187
54679
95459
92920
15305
58695
27558
81183
48044
79096
52149
44327
18253
79249
7953
78864
83042
57432
74827
89847
74845
85712
39856
59797
72577
99546
71787
85663
83649
20997
82938
79114
10373
5152
90574
23313
65738
75968
83429
17450
67649
98041
36615
39322
51993
67334
37122
88254
38941
45633
78251
20951
27906
94678
78162
99762
27576
26835
75748
82569
18454
69495
61396
17341
38379
96885
38541
66739
83866
41193
50474
63688
26206
66919
44968
20783
86179
15629
62195
27952
10889
68985
56806
41599
4184
63260
87766
87299
23658
11170
33875
75406
72638
66507
64289
40183
2607
6702
39094
71750
33902
74311
33494
18693
73704
37031
6901
95475
38245
47153
47980
65803
63221
57914
22199
73807
4041
61829
74775
2109
84043
35300
61429
29935
64765
93888
18955
90024
9919
32471
22175
81794
80774
44385
39734
92182
95124
30604
77759
94706
94452
44285
92847
23423
3058
6586
29032
69285
44193
23581
25251
60087
6818
12501
43509
7813
126
24982
85795
34705
95899
58790
8475
10587
56873
77347
80582
55478
17277
48319
42957
5915
21097
90357
24412
28974
66929
77338
3409
46256
10593
67566
10224
36207
96891
94993
77305
72849
53879
32261
73130
23783
72089
1401
78806
86243
91968
48301
11878
1597
57825
65091
78769
23969
62497
80051
13810
97287
46961
34186
12793
67487
83323
45704
27756
28589
31022
84202
73536
99418
84644
33787
29819
6785
90116
77656
72092
39313
28565
60325
16083
47248
43909
17087
56421
88523
67927
87992
80466
97977
21372
75959
13617
58738
27417
98581
50196
43613
9726
42808
81901
43635
83240
23386
40894
30820
5442
45606
98923
62125
47132
29612
70759
36103
2982
82999
24253
65613
57728
37800
92832
67240
25709
75797
18192
23542
23249
7621
65033
27628
27228
99909
74756
43265
47584
17304
59116
3071
77198
6470
98639
1264
38709
51755
86396
44715
43653
56131
68299
46149
38013
60761
3537
29294
76587
86225
24872
13263
2686
30558
52302
42066
95508
6321
80311
70325
59699
30121
19385
83536
62943
8460
91462
30713
26523
24177
4834
53354
53788
2146
15516
43226
38563
85087
38505
23948
55604
12821
41669
60532
68622
88993
89240
63807
30521
74152
38724
48472
12977
45826
87851
93339
62595
33545
20307
29523
64716
14942
96869
58237
70270
19761
50336
47785
46705
66242
71760
96769
32944
31058
61686
92145
96583
19486
16334
39704
73392
8948
10935
83201
3602
9556
27930
6208
53623
79142
64188
1325
30903
3901
68326
70652
68201
19465
10148
99085
35993
50004
25208
84855
32236
82844
82090
80939
19098
99140
28531
9815
2179
26212
46064
45734
25007
98990
70304
39185
31446
13068
92511
2656
90012
21601
22812
64649
27872
85315
46488
94254
14280
57264
42981
94339
26996
79328
66178
13962
3559
14310
6574
47846
44315
41471
33246
23676
82108
89707
55573
46534
6662
91367
93656
17508
25025
56894
77909
78290
5839
81440
40088
27991
26606
97584
24979
32032
71702
60239
87644
96552
16913
83133
33722
84812
4227
28809
83741
30103
95859
94629
91053
53415
14386
21982
54480
96308
9876
50718
92151
27302
16749
50153
54752
29905
88804
94263
71674
90177
37885
48395
24866
56751
66520
11353
46573
7743
97596
65928
6943
22788
83371
92869
26139
40833
71998
49524
1853
27970
94861
47617
76465
34241
34076
54554
73499
80729
6855
16532
94355
92432
69782
52494
33915
55613
87006
35987
44669
69895
73142
69419
71802
16370
449
65256
25150
76377
81974
96106
61115
59202
37113
58979
88239
88212
12635
13340
38846
6449
98667
5176
11963
93705
66633
21665
43482
24140
36863
65348
51285
88944
19828
28647
32770
39267
22809
78510
65119
66187
82547
36609
3541
24164
8066
81476
74567
30170
28693
57502
46818
20282
93509
16935
32346
16593
56284
59269
8960
33463
21622
52674
61792
26990
49100
14679
63620
38898
11826
88471
5393
60584
84333
79429
35636
73475
60666
1389
89142
82395
84446
93094
44883
66224
59345
74079
36365
75641
24646
92493
89329
50565
35679
6955
55500
98029
52503
99115
31925
43061
67542
26233
38309
57981
464
26450
2195
57346
63639
79960
45487
64798
52027
72516
57181
77134
61625
48881
4020
239
69001
74
57325
76822
58045
33515
78373
81281
99360
96238
9488
68613
66309
93033
69672
58188
49021
19162
98673
690
86951
19819
14039
12046
6211
11628
76447
73661
41108
38660
56009
22370
69156
42542
7731
12339
86686
34330
74888
480
39670
26716
74460
42194
61414
41861
81580
90336
63648
50742
74738
95759
45795
29954
85184
47281
12031
94779
62955
84870
6824
64026
52997
10907
72962
51703
37711
78467
39295
70838
94043
87684
9021
45362
22986
2006
52018
77121
29273
46683
91834
95405
46308
7032
2643
47995
92960
78409
61548
49732
25934
8790
14698
24244
65329
56833
58365
96299
88611
99570
57703
51767
82230
28751
13697
8365
48169
36735
35425
71579
67353
54520
41919
51139
32822
89679
36088
66147
63718
28635
12998
20911
95429
90522
46988
44260
6479
28592
73072
42231
67658
53068
29636
98203
57209
23819
80765
60523
3202
99442
95963
78772
95026
83707
26053
99402
53263
99778
13450
30781
39603
99656
47083
65513
49128
87501
16581
19248
9598
21811
74393
27683
81424
55726
75355
63926
85264
20246
79789
19053
73060
42035
7251
28742
61020
26465
44135
37742
32401
70563
80701
29249
82605
47376
49830
61890
62415
37061
58652
29966
24112
69520
63532
23829
90040
3006
86988
34275
48038
21515
23099
55655
61213
49955
85810
91990
32313
21354
70389
80680
4752
60715
75010
87955
88770
16828
916
6913
76145
11912
40619
66855
64863
69135
23279
13273
15723
81467
93143
41327
32047
86289
24006
50425
84974
34873
42078
80097
48240
2430
18702
63517
18717
3464
47675
35605
96491
78397
75223
50358
35178
37360
73328
45618
3287
97315
87436
9049
15400
34198
81598
28394
16248
44785
5472
54618
68696
53513
51725
5344
54303
8509
94120
97056
41486
29722
89658
828
3241
83893
41340
90586
16306
50818
20481
9842
78571
2842
2390
79844
44391
79941
64936
5509
18775
67826
56589
75971
67746
41233
89
568
50272
99259
37433
19001
75705
3306
88367
44300
9897
62336
70682
71589
4142
29337
57416
17063
4590
56736
79490
79706
9150
96549
44816
54416
74326
83805
87137
61533
20817
54410
98829
71402
52155
86649
22440
60434
57132
79514
59412
20923
617
32059
30002
29712
32090
22342
17319
31034
14823
49219
33594
33777
51636
22995
80063
79758
66904
9745
42179
87378
50535
65223
25724
68775
64341
64002
67029
91340
36551
26124
31244
56775
64951
16385
75943
15821
18128
92942
88758
49659
29453
13627
94791
10355
95798
3089
78364
67887
17157
69059
87311
48859
77143
44874
36124
66266
53388
93680
4365
86942
56226
51120
51008
35563
2692
36628
83771
36591
18003
11243
87674
7203
31952
49
60407
47062
24518
85343
67801
73401
14542
97568
22858
91883
86475
68305
8408
71552
60190
51972
39435
39213
44446
62177
61243
31138
33194
2338
36240
77079
76694
46894
72596
36670
24799
69217
85001
8585
79157
47233
56476
52463
24805
77259
97748
11792
62623
59189
75098
28879
14951
12702
49613
69370
84610
10309
86463
17759
64081
17688
76389
68393
94480
6772
41309
54142
29548
55805
59638
96528
72608
16330
70716
32166
43995
1255
33967
25678
24488
82953
77839
12412
55182
84128
2341
67606
82047
93003
65998
68503
44693
80835
2250
80118
95200
67008
59168
38932
30372
67844
20978
36576
11585
84025
32996
42963
88685
82645
50785
25947
67164
20566
57786
85422
21381
21283
95136
32535
54777
19742
31363
16126
86893
80185
47699
20279
56629
68174
90159
26780
95539
15998
82459
27652
96637
49357
62327
27158
33573
75364
58722
63126
67438
46656
56684
55170
8356
11432
9168
38157
88334
88608
62674
73414
52927
50995
35041
71323
43009
5387
73511
77164
5610
3345
57233
43540
43564
14408
37516
60972
13236
35715
84269
74680
60373
99756
4633
68964
1838
27732
58326
52454
32218
90738
39426
70978
73731
33371
26380
76862
28431
7074
4722
7215
49079
73240
59049
65656
97696
37549
89539
79349
26459
87772
6366
65156
59867
64579
4560
56522
24894
4889
25046
72046
45432
24039
41883
91294
14686
37937
61985
88498
19047
39805
78263
90815
75135
32248
78306
66355
34440
20749
15015
26417
80375
68937
79896
9336
65418
80884
17365
81849
34723
44828
89289
89783
87919
40488
38736
15662
1197
18973
61289
53980
37076
33387
49448
98249
48002
62113
12931
55866
55292
50312
24759
23984
58191
1395
8326
91520
42255
49363
87882
22461
85862
17746
12754
83872
73914
15854
28165
86020
42618
43155
65436
52137
52887
73166
38920
92057
22727
98774
26066
10456
67118
82425
82490
48249
49637
83405
14335
50403
58088
60505
62845
1240
92704
85251
21137
78498
68476
62482
4322
25452
62977
94547
17493
8234
96024
92548
13566
99491
37012
29850
50840
23212
69748
55045
99393
82682
65989
36542
65741
89063
2506
81727
90473
51526
50049
97230
14072
7398
25699
846
91681
49335
24640
56763
34528
9620
31989
63038
12623
82694
27515
20475
55369
4508
42652
38099
10532
79499
67051
1618
19776
44501
202
28089
23859
19520
34025
30198
36835
84821
30060
78855
71338
21421
87354
34647
40055
15680
85019
10929
47553
10199
39518
78562
81409
18204
45127
93699
1896
62635
64155
55845
3235
56418
55909
28663
72587
64292
38669
39301
35630
5497
88508
86707
33838
67933
77720
60682
43168
32984
80994
95810
30430
23694
16285
3797
96171
57889
38971
62793
49497
87159
66565
89887
73996
3278
31150
49189
23002
48911
73896
19721
4245
94086
69043
88245
13096
98969
89216
56467
18628
12421
87549
47043
50629
73691
71158
94434
48752
36268
25287
82886
47080
53806
86698
33011
99631
75156
15186
74418
86106
30658
43122
69925
14393
48575
25495
95923
8875
93073
71799
25892
36942
20966
92005
17042
27253
8304
27936
97037
71476
43277
641
11832
59733
13123
79368
7709
65775
60026
72916
36326
64475
56513
89560
87266
14524
98111
22922
45853
71720
31095
93314
45820
59226
12946
31623
31336
6742
37305
11072
18564
69230
60178
96113
78934
30399
30893
63068
2735
58555
20383
9809
84357
32221
8170
90323
39548
45032
48981
50123
69996
22260
39969
41126
84376
41926
16477
65662
93223
89988
56717
30149
3895
38956
29740
7752
58256
69990
24476
65726
59617
58985
40192
17853
41532
55201
99799
73530
71412
36750
99244
62455
38779
13599
97889
24616
68039
57108
72782
50391
51471
70017
32514
62293
64856
51606
73276
54184
48496
50379
92103
46668
91425
85126
78022
43000
88141
7889
72327
97913
91434
44593
79203
18342
29175
80408
73606
72529
24827
18985
10032
98487
40763
10395
8219
55961
58811
22715
20862
74546
35749
3116
2884
57215
46186
94349
58268
34092
36091
62168
32197
17582
15772
25211
98063
48969
76157
38135
83713
37858
11493
62885
91755
93808
3846
15549
18067
58429
1157
98182
79606
61603
44587
46003
61258
35062
9772
51801
80692
60804
26105
51316
30954
17811
70762
25803
81235
85431
71460
58280
48792
84491
14249
24186
72831
34302
8256
48569
68158
17829
30326
25855
53159
75345
19855
31397
84397
94520
72681
39090
31318
97168
55936
19666
12381
25306
5777
16572
34546
25416
57444
39719
36982
15116
11426
4303
20295
79825
72486
5228
2295
10282
36048
4715
98908
51215
1011
91843
73722
15055
4078
40949
52448
21869
12809
25016
57953
44678
6040
85926
12082
11460
248
22272
86384
16373
19416
70145
84739
44230
35618
4865
28373
74082
14118
48832
47904
77067
97199
65540
80222
91196
32154
42688
82099
58472
51963
67948
90745
61072
37168
45453
14045
2823
59925
31229
97666
63266
44086
6998
40265
16993
43848
74744
76630
4596
30134
34553
23670
43134
61481
1081
10349
61707
95997
32953
22678
6495
37812
65375
32490
15818
40000
98020
94559
99976
96796
68558
27594
84153
11420
32682
2289
89112
17612
82197
965
73945
70096
45224
61680
42280
41779
63791
30185
60062
8393
14716
19709
52375
48133
54639
85056
23993
82462
75126
11646
32068
36377
29145
80423
81498
38175
26893
20765
35688
99912
82251
3953
78205
78663
26542
89426
41636
42386
14023
95908
64103
13038
88636
16681
63740
28260
16175
33268
85538
80616
12433
47706
84073
35026
87244
33933
15980
8295
63392
78946
61753
12482
86402
95490
94690
91245
88913
44080
18116
82895
17356
88733
15900
88843
98285
54316
43766
66630
89393
32508
4691
34968
61518
89860
88965
14615
2085
17136
70478
92392
71909
19544
39225
57526
68607
61719
80176
5988
12958
91074
95817
30802
31791
31562
61005
8378
25132
77613
68192
87516
78089
51032
18448
30304
74173
40156
71143
91089
22358
10709
22138
43772
14979
21482
66376
91819
12781
43622
94169
44608
51688
8490
78418
76639
82639
41578
46390
60135
23255
81254
79548
41932
58497
26728
46335
21348
9302
57663
32712
34116
91208
17569
94968
76203
60917
60453
69886
83561
40983
98145
99628
18162
9452
35102
42521
65387
1169
30793
52320
40516
1728
26587
24372
64618
27912
7126
82786
31870
92566
61893
41343
62073
70984
12580
2543
83002
5277
80121
70252
25406
29215
56083
26752
50385
28025
63883
62012
55558
55954
26511
93870
83921
19129
26032
87558
6565
72495
89509
12543
19526
34925
86146
53742
49845
74143
82908
59141
24369
37610
2997
91639
74872
48658
58002
19105
61084
59952
2060
73774
116
70517
69449
14094
29944
93839
12876
93366
71268
73954
39652
20508
30832
99598
25782
52244
75895
54130
54905
12232
5033
16782
9623
62439
80918
27646
32435
14228
190
49198
80985
58756
38535
50516
71366
35084
43213
60602
53708
99109
31949
8835
23514
895
88392
66669
25489
13556
52952
27082
23359
92768
8649
35502
41413
8683
42722
41742
22400
98343
89457
21018
58017
50248
95734
89744
31263
76539
58906
49576
44901
37919
44465
89637
91498
33942
25293
11332
97098
37662
73310
64606
63184
39045
92325
13849
33750
79038
95978
30997
63669
61979
68018
44724
47562
61402
61158
3180
54456
45926
73765
59339
63608
7016
35242
67722
95319
40275
81513
64972
55082
92124
8414
19925
39347
74524
1804
5954
95920
35352
93937
94874
77118
84998
39353
16419
58060
97901
65201
53223
67832
24146
30265
70902
89579
3971
94141
29926
47303
1059
60035
70725
41501
34318
42423
3623
10062
33585
12027
49399
65125
20606
47635
59766
26566
51056
4819
37153
73093
9882
10273
7902
9440
44333
73783
95228
12201
80219
54923
88465
73850
22086
52076
69101
39917
507
40412
27823
23646
95582
51383
44578
74140
59308
73215
49686
80033
3266
31815
87800
29673
63053
43802
5375
59409
72696
86356
19172
54273
5216
37488
26160
97248
59586
99582
87494
29105
26645
93470
24463
48636
36649
66678
71079
54899
76896
24958
19657
83179
8841
26685
98227
85526
30979
49869
28522
69092
23633
74985
11884
35709
11179
40937
44535
77353
31653
3696
65192
6547
61786
10569
6513
80283
90980
89338
41285
22699
50968
74186
93137
51832
519
46409
79068
82245
23136
35434
98456
91593
15708
77475
82963
85215
80811
42750
98768
86048
64982
95691
13797
48258
71009
27036
34668
69779
20130
35474
31852
43342
63855
51795
7157
54282
75635
20713
9907
72938
88032
36435
19986
23792
8866
27485
16752
74582
56980
92289
37089
135
21970
28498
28837
74012
7648
73972
76752
15482
59723
31525
61762
81308
57078
41767
17838
17219
55237
75339
15223
92826
85932
78629
87229
19904
11677
89365
6019
18662
6894
4236
18317
85962
93015
33768
70063
20725
29328
18146
26673
76020
45878
45508
65473
55228
43747
24357
458
91132
99692
67505
89106
5201
65006
21760
99231
76960
51655
72223
93274
39167
67627
19492
7892
62583
86292
86548
81550
13245
16773
79664
18094
94126
21155
78711
96653
74610
95203
83228
48584
90568
30222
66749
77537
50498
62855
55646
16962
5585
15616
50705
32905
90793
22577
15162
46262
24881
23978
1713
14856
72168
78241
25565
31846
99823
78455
40510
46195
40928
84662
26825
62748
57932
99888
30689
