20397
14740
7372
49936
43552
25710
34437
35012
943
31406
36570
12449
42609
8010
31345
16172
31841
45458
34531
17164
25831
36748
48400
39783
32976
37279
39983
8251
29659
45763
4580
37381
44307
33283
34824
6615
41564
22057
40647
14347
40477
40412
21038
16652
5976
18564
36945
44880
12287
20101
40555
513
22667
27154
44765
41950
45627
38035
8089
8321
44013
35546
23079
9218
24181
25335
10192
36345
3679
25399
30747
3159
38889
22776
28112
22045
42629
2117
49749
34108
7634
7119
23847
27018
35734
45014
15552
19813
1375
22756
38109
45441
12667
20150
14727
21401
30718
38068
15168
46250
11344
29596
43587
42313
8199
46882
29213
39893
1398
11522
46428
23296
40679
41317
15790
33991
17194
41155
12594
1198
2965
40897
34498
45252
22080
38022
4801
24007
42698
27894
12934
17640
3899
29416
18705
22136
16483
38930
21892
46781
1742
20128
23723
35967
7280
12835
31807
10633
13962
18424
35103
49639
23024
44736
448
6399
37430
18262
17246
31083
26520
41860
43691
37786
18271
28319
46566
12949
26572
43940
2462
14034
35846
21985
20340
45463
13027
46068
21169
3930
14246
34137
17037
30333
10288
18395
2674
41498
22678
43276
42746
24489
26806
19047
1348
14858
5649
26581
47028
21483
9166
32671
19822
32781
38074
27057
8384
5982
4253
13848
13997
25263
35796
7805
46160
47316
32081
27417
24531
12797
47245
6969
31138
45955
22521
5808
478
29982
33317
42678
46818
41796
47437
45485
21343
14011
9534
24630
32624
48972
3417
31148
45148
25405
1337
48015
35804
10233
34774
9043
43415
41204
2813
4987
6667
44376
25934
3437
10718
25532
28026
34014
37815
49575
4439
15485
42226
46990
8872
26326
44803
11393
16933
45301
17486
27285
49172
13624
3057
42028
11384
45272
40467
21116
35030
37002
41034
831
25557
4632
27300
1436
47162
39641
31749
15285
1546
31164
5112
35853
37896
17891
37761
18870
17534
28167
3615
48560
44842
44121
35085
10848
28792
40694
28460
7711
28423
7570
21254
26893
44678
37883
41610
41616
10776
13157
6980
5997
42359
33393
33837
38323
47081
22109
10091
31040
16218
33483
37682
8930
13161
13019
1354
20940
38459
41915
13929
39939
36466
32364
35769
34653
38523
16918
11991
10187
17768
6270
28779
6949
31124
20212
30108
7975
9594
417
11876
37800
17872
12894
20810
46995
7001
21236
40966
33902
5425
44722
25651
30131
18725
40372
7555
1403
33356
22954
44928
40275
44715
12072
36600
2335
4818
20353
13663
12403
9932
21811
40619
42322
23459
14454
33828
36892
4380
16182
30033
39510
36585
8065
12816
44088
29394
14025
29769
24779
34575
31026
8182
20133
187
48804
23176
6545
23217
28602
4030
4630
42257
25826
16613
2259
48818
41108
15967
18300
9255
31461
300
41811
16880
25762
43960
42998
45521
32474
32747
39412
49285
48110
37185
25680
30909
14487
6745
3597
9334
26757
25043
40116
5314
32848
42754
24843
153
13474
18825
2637
19164
34061
39116
16393
16680
16126
1894
12171
43912
40046
15342
10065
3977
43239
21706
44784
19193
6385
37604
10944
28782
20171
10878
20365
43348
6286
38190
6173
8576
15011
31708
17820
43223
13724
43320
12558
11788
25170
31092
12310
35158
1751
17624
34839
28310
18677
41865
44584
29126
43767
30941
43384
7386
16736
43573
46512
17992
45749
11637
14229
37504
4088
31420
34249
48021
34722
31171
25374
7519
45601
16456
7648
20636
3489
19924
9314
49047
9131
7027
5919
25425
11606
14261
11834
10090
44620
21477
19553
4397
42612
34858
7042
9917
19446
8477
47493
17505
46265
18665
25206
10027
40246
26473
19346
14461
47736
47580
7418
49675
32959
1842
17280
44823
45290
5614
31435
32689
20481
24315
10578
35314
5034
5570
25440
24717
5285
38219
10984
16527
37739
7528
32049
29349
32262
41895
24460
17643
14650
21377
701
10973
20162
43351
34197
17406
14568
15603
11278
23877
24286
22187
14872
2160
32335
29003
47600
30437
47757
28156
25309
37534
8629
28528
30112
3580
49469
35065
17063
4007
27756
26946
18004
25992
42405
34789
25181
24412
1120
15923
7308
39039
11422
10857
29856
37934
8982
26429
10412
40192
8565
46593
28174
27825
34186
7671
19439
39927
21930
44091
5550
32447
7653
20185
25631
8791
11287
18477
6557
27305
43284
36152
33748
41530
3942
22005
39199
36629
32819
14690
46079
28045
46796
42478
21579
49807
35048
47159
49477
25084
30045
6417
18747
36792
499
47338
46978
9835
28852
46378
31319
48508
25417
30913
1958
11374
33443
29052
43474
19236
15114
14890
3505
48325
39979
48691
20653
35051
2247
40751
8433
8301
12122
49144
37804
45563
23342
27471
5495
36077
29169
5025
8123
43622
17376
36495
39611
28988
49235
451
48926
13605
16193
21528
28658
38627
37365
12026
11562
29227
23093
26343
40253
17943
30398
3834
16922
41346
32454
24659
43821
42443
12475
23612
38051
2186
10109
12583
19767
49398
14788
24959
27695
3457
37227
38859
41802
34441
36721
20459
30271
23693
32065
44422
9740
37162
18146
10317
48333
16430
1575
21657
8954
7146
49186
30553
30306
9223
30648
16416
48545
18645
36751
13501
28289
31258
9726
16068
15372
30219
19150
11675
1920
15400
34301
8152
208
39448
34264
10917
26543
22251
29044
25887
10448
9641
23101
33103
14272
38703
21790
10337
45092
41765
17551
11890
37131
35898
40484
3830
18207
29670
48086
19954
29935
33461
16791
27144
13859
47039
9870
23496
41964
36437
46142
34760
4210
34256
13688
3190
16808
27466
43859
7065
27254
10534
25797
25058
40902
44629
15613
1105
3476
32294
25626
18552
9174
39631
19648
12354
10204
42277
36644
43187
45414
25786
1493
37958
42708
40403
23374
35633
22338
45759
9812
2239
35746
16446
7938
30594
6255
18288
30454
28237
1963
24781
33375
41874
8350
8162
10486
41385
34031
26784
12699
8692
45714
26021
36834
46633
2477
31891
34369
2701
1645
28827
29630
40368
37859
45513
49822
20437
25815
29267
27965
1069
10077
15365
21027
14748
8881
41356
32494
41120
934
43981
33678
24166
699
21918
46401
11730
14824
37075
14361
9450
41169
9127
41645
40430
48346
38811
46493
19838
34476
38755
15626
36651
46937
3014
30169
46692
48836
25213
8771
11710
42032
8719
35474
429
17933
9247
36027
31910
5416
44433
5536
46418
14573
22390
16750
41243
41085
32467
39347
25017
25895
19983
44545
7753
2933
1529
12676
5385
5591
37865
19491
20690
31005
1078
34562
37742
38085
20072
12040
36390
48230
45946
904
27318
30733
26397
7229
16550
21065
47847
9897
15275
44837
2526
10132
19976
36353
49219
37233
13418
26375
10019
3763
35337
34240
13250
15835
40236
40990
28487
44393
39588
15957
3890
5260
31795
6810
3229
18592
26594
11486
37346
29545
39567
34
23668
44071
15899
38605
33027
19291
18538
10613
19935
135
1659
38266
22205
26166
41366
8460
46615
32357
20728
39182
15990
24926
5820
11495
39863
48005
33819
36864
38392
26455
45496
21419
4538
17414
32399
30680
18895
41781
25449
47712
45369
31308
45031
24119
12763
13114
41555
3422
26131
47204
17237
29819
31716
9026
39167
16388
32587
46731
49448
6432
17479
4465
29203
34690
43743
21175
6728
26673
44034
16073
23946
20252
9237
36306
15096
49488
10480
4018
33365
18685
21053
4412
5474
5747
49624
6191
3071
30990
16955
13840
45833
46042
39440
4387
17463
29679
15270
40122
15291
7689
24473
3684
25289
19503
27714
31185
9482
14388
37481
8172
41016
42528
16582
34284
35486
22249
5958
2501
5871
33735
2689
26046
29061
2591
3785
1328
30886
23974
29480
30401
46433
2314
46714
753
40603
42965
28188
34766
49523
19524
4609
33094
31876
14119
36820
18512
45356
286
42061
24878
40186
35950
14539
46607
7328
48111
745
18050
28646
23340
10004
21340
47640
18056
37778
42144
41536
3808
21364
23430
10218
29496
2985
47529
37444
39126
18601
5199
9574
11245
14940
43424
17174
9603
42429
35166
43635
2216
17447
44985
29180
41680
37418
40015
19216
28418
3367
5350
33640
26885
45295
23153
32776
21944
32425
9964
30365
37085
17328
30005
4595
15999
14219
42484
22616
5485
7956
9681
14965
29139
37330
13236
1243
13558
2068
21761
47217
21615
8022
30779
44277
13105
383
31507
23781
19339
9638
41890
5584
48464
47020
19178
44631
42298
36472
39672
20472
19013
37929
44315
38683
49355
14110
18155
38016
26653
8449
21837
13567
5159
15522
24277
13129
22284
43545
535
38599
2453
4879
24686
5924
13445
9287
10048
45858
15496
46911
28834
10395
36165
42956
41073
49694
48540
14136
29897
28638
18351
44411
46624
24608
12319
12047
40728
29369
32230
32308
36051
12096
36088
41933
36612
13361
19692
43979
11170
4459
22790
12291
24703
10743
27613
26703
18091
47941
24067
40535
31913
10114
31264
23868
4850
37194
34603
35883
25608
19388
27805
49856
14547
2179
18528
18197
24819
28060
40774
13819
7102
27082
9417
26149
27515
32073
27373
34743
47257
37560
12975
33182
1926
26417
29314
10923
11956
45965
33571
23993
1569
21605
41268
41222
16044
17394
10053
3605
42786
5394
2057
14661
16317
2860
46550
5800
32540
38952
34296
27625
36336
13068
45434
22152
11059
40639
27524
6836
38491
17928
23305
31946
20426
35250
28689
36451
31734
27593
43264
12780
45933
36127
11068
94
481
40719
34208
31380
34557
11713
36524
40265
36232
10407
26720
326
28920
28541
14055
47687
49561
39048
33509
16965
13575
43847
23049
6688
30794
34939
13500
14045
19842
27979
48246
14620
25355
14438
5756
13782
45701
1166
38410
29278
30507
1365
48884
14504
2756
28727
15432
26092
12909
27678
28408
14849
42168
42545
19111
43444
32187
36362
20701
27854
48617
16477
27010
14371
36503
19201
18375
28246
36706
893
3269
45379
44167
28972
36779
16367
14281
49009
47919
45080
42212
49103
16160
29027
45107
788
40529
11084
24679
49299
41509
7078
2285
7604
43798
17656
20060
29247
8429
7860
2022
6984
10296
11152
36913
18914
5298
34995
46325
2846
14063
26085
16341
918
11210
29564
47292
10248
32001
11406
21593
23639
11261
16282
20223
36687
24643
37394
22837
34464
23243
10961
41279
25040
27930
3200
18711
32969
4754
12397
30417
30356
23285
2363
6598
38117
29999
12687
15563
31286
21904
6853
42208
8686
37206
6040
46581
28139
15975
3739
15226
45667
16941
33776
6237
24556
13645
35790
11449
2201
19706
26777
26734
11225
44190
42399
12208
17260
26728
5553
15505
28861
36675
37128
23702
44556
26127
33606
38903
2088
21154
7923
30069
27889
15868
15943
12952
18841
26484
25474
9031
5095
12516
20961
19471
881
3257
24054
46393
28461
13530
8611
31000
38176
5216
15008
15214
10840
35192
43737
11007
49843
2102
15464
5126
16007
4249
6145
44410
4778
23804
39548
4137
24770
15061
31243
27190
21494
1726
37359
16883
42937
14231
46775
467
38613
7596
22452
1215
32235
8745
21071
1859
16971
43134
43375
10549
19367
9955
35553
5167
44501
41550
39879
19961
9829
39287
32111
13532
30158
7177
20794
44820
10801
34842
33301
18485
30491
42368
36371
20504
29509
13762
15749
4909
49024
39399
3466
10370
46221
34903
22901
43528
12523
33684
48438
6460
39580
1540
8046
7343
40088
5514
23482
46572
23536
45163
47489
7709
43992
3721
35581
31550
19947
47988
42736
24982
39856
10358
46123
44065
18403
14318
24546
10656
39730
34130
35831
23543
13173
44515
47667
20560
31058
43612
22179
49303
21262
23739
40218
17
37999
45531
28150
47745
8317
10816
37963
31756
12160
48169
49331
35134
25545
35868
39376
4079
21671
46663
38643
48522
40871
18021
45673
47234
33292
31870
3939
23501
21280
21081
858
16857
41927
23263
25748
42838
46927
40821
48943
5338
42193
38122
17595
37269
25223
31649
42884
18500
36110
22146
10709
15697
11628
47381
25809
39489
8466
25753
13428
20246
49900
6691
14422
12545
19741
28739
4723
2929
10180
16779
21697
12970
30019
29073
10952
16628
38695
11829
22732
551
23366
12981
46033
3960
16506
11368
36260
25579
46657
4566
47410
5274
39174
39968
30179
43207
25976
3248
27984
44028
25506
16141
34629
38949
9429
7618
36553
39429
15592
11480
17086
5301
21222
37833
33458
40835
28890
44205
26569
14199
49659
15844
31498
33869
14869
26467
20197
26812
38738
30230
43790
1737
3281
33693
8590
20492
41736
27735
38552
17310
6659
12565
21999
47968
25091
16605
35653
18329
39098
30619
38880
7692
19274
9066
26960
33936
3624
39534
9786
36635
4162
45980
21967
15702
7201
38920
7993
22803
43114
48990
24854
11667
29871
11031
1598
36542
34716
46552
27652
46903
39354
22793
7578
5008
39403
6424
3107
35235
19658
731
2566
11451
28895
26359
29560
31476
2781
20469
13302
8092
30385
38897
35129
47645
37320
3408
8239
5086
36147
24407
16434
48259
19916
32805
32705
664
14325
10326
42779
18458
13314
43218
43166
6705
27868
47828
21793
39306
29143
11693
32639
41178
32696
16140
19152
24079
20414
12241
49077
18183
27036
43711
19591
4935
36394
47053
39002
9977
27636
25867
10694
2955
20238
48649
21645
47110
6798
46110
1384
127
3811
29601
42264
7493
32641
44965
48198
46964
31222
39596
47614
49401
15712
44347
28908
19727
34546
40928
6246
20948
27761
46673
32573
15102
10390
18857
115
29531
45841
38869
2537
8333
47895
33002
20829
16555
33471
26255
12252
3042
28357
24213
26601
39815
39080
24437
18221
41721
23060
31624
30526
8248
20304
49665
34896
11777
867
25388
43494
13701
17916
9403
4171
8677
17429
32837
32862
7409
191
32990
47660
37171
30240
34142
21976
8848
48705
20011
844
5938
11968
44687
22352
22712
35360
15876
3211
34354
27216
49795
29424
20885
13144
38363
40864
36042
12229
33324
69
34702
45896
13099
8733
17547
31077
45571
21003
43462
38479
42310
37099
38761
6714
31449
8552
21804
18775
24508
20092
25464
38382
2048
43961
768
11760
26821
19486
22945
8216
39902
7784
5631
22448
13799
32259
43519
17122
39058
15209
23594
17730
5230
17003
23569
21195
17882
36806
5660
40056
29822
8802
39603
29580
12656
34876
9701
18541
43706
34119
27234
16271
45504
39621
32566
23275
29288
33770
8037
42763
4
36907
13439
47936
4195
33410
31118
2163
49642
19665
36719
38534
41298
31156
30855
37699
31426
36789
27382
48240
39252
35389
9713
20090
37453
7088
5131
28562
30372
49598
16724
35422
32558
17135
8281
7192
36136
23630
37244
9693
40581
17563
49520
24390
34220
36443
4528
22727
48472
24807
36925
35727
46953
3180
42800
38828
21142
28083
43055
23449
33259
45064
28298
20572
49056
23987
16466
35825
9090
30092
6478
48758
13741
49947
31356
42003
10308
33089
29783
40976
21668
2300
28214
30251
41703
13691
31612
9855
42435
33202
43899
5903
43667
5237
12133
22500
17861
35615
26066
11542
45730
12992
1713
39104
2413
2724
33060
3780
14808
4766
22228
11214
32058
14420
26552
11045
48060
7447
30956
43046
20286
23227
7424
48305
2652
34159
6151
18218
40139
20786
22165
32412
39319
33594
8639
39383
46175
30962
35215
13947
42511
22898
1800
22632
19874
16097
47445
16765
23475
20047
32195
2511
45022
42099
9462
18439
40172
35189
46854
4062
47764
6446
34797
13183
7293
21308
4612
1279
48151
48778
2607
49453
32528
41637
46528
49039
19378
10270
303
10470
23812
1301
2692
12729
13900
13399
1639
34633
30204
15050
40935
42107
27846
21102
29195
22277
41007
31200
22237
14206
3164
44358
46752
29867
33440
23821
46085
46862
23964
11652
47820
47953
27669
27433
7876
40746
45693
30448
2422
5898
6342
6327
18956
8542
30483
48201
17980
29734
40304
2799
37107
38091
27944
8538
21218
40595
48841
16811
33530
2576
13511
49972
23139
44535
15825
13045
12365
24695
24334
45058
10158
44893
22770
38297
2805
315
6016
26623
29485
1609
30311
4973
49425
14591
3278
829
3339
49061
10906
27047
2482
17293
1027
45589
35038
15937
1835
28702
26388
17457
15636
4659
25487
1623
45597
32921
25570
45231
3652
48186
19565
26850
38984
40886
49207
42977
6469
17519
32662
31456
6505
22199
13268
5962
33645
6751
46274
37462
12270
16596
33033
28011
16356
21564
47178
35204
40627
41213
14515
37943
48589
19248
20868
20598
46473
2129
42713
30872
28208
27880
12580
29528
30423
14916
22115
22915
45792
48920
28063
14623
657
1159
24358
3966
18447
13732
9261
16233
15157
24444
9350
22924
26987
2828
47925
37972
10785
48285
18923
45684
39202
34429
24376
49907
16834
47556
9987
36609
6862
25589
28034
18871
47327
49154
43725
27265
17736
23757
42591
34343
13874
27140
8141
13285
37644
41189
19225
38506
45870
6365
11892
32876
15769
14951
35004
24892
3150
4401
24033
43570
18613
27091
9200
16535
2230
7543
38668
7505
976
7338
6829
2875
39916
8593
31830
7763
38590
49994
40023
13007
42458
1056
43810
38672
20540
4148
22545
15477
23018
17577
730
6952
39518
16338
26207
45995
21850
3692
9479
40105
23470
25176
39763
11240
15302
406
17611
13192
1290
49419
36661
26970
23063
40944
15908
34734
46871
20929
24132
42179
31106
27955
23385
24595
7464
27370
3100
21590
47997
41379
13718
3386
32912
19257
39466
1238
43332
26006
2558
19861
40038
49350
44445
36318
7055
18038
17783
47904
22489
3037
33718
49782
1815
19138
49618
27704
19007
46056
12468
29583
49317
34508
48940
43903
32320
36039
40323
20519
44600
7845
14332
12183
31330
43310
33922
1206
11507
24329
47277
20583
40491
13920
12212
24740
33500
41408
12919
44994
44240
1688
18305
42646
32940
45737
34617
47773
26120
19414
33230
18752
1037
1890
33614
11118
9878
29160
14441
18165
6562
18383
17684
8782
45614
41689
3800
21857
7941
774
10563
44472
39280
38469
8651
2134
41630
6626
22869
26229
2768
47709
12102
8993
20444
21557
29838
37406
40690
27442
20061
42463
246
14948
48037
36243
45989
37757
7261
32157
42379
43458
25454
161
23237
11644
40804
26339
22519
8971
1128
48385
29018
6203
9154
26281
38837
22565
12169
21041
27999
7100
37055
40859
1093
31275
31633
21329
14708
32724
6878
14354
30051
15548
4703
48096
27604
7486
16828
41126
239
47629
11109
6490
46358
25666
39711
29725
7137
1183
18079
9185
11979
820
30980
48127
7439
32731
6994
7581
16102
6060
25527
23719
31336
21203
18792
31513
30729
38285
17370
18340
13656
4896
13546
4667
3353
260
5767
13971
39296
42557
2974
27558
46302
29754
39225
45550
15819
36197
9626
21885
37676
26839
15336
44494
40503
51
17072
3090
32383
13675
351
17000
28124
9078
1258
5730
28803
22815
7213
28946
21436
25074
22846
21508
49877
43534
45774
2718
46293
24239
21938
11815
28393
8919
19358
33333
26508
40381
36017
43160
42688
31070
15920
5204
25123
14812
47150
17104
36097
45818
32328
34951
31690
21384
32280
35364
31782
6530
47135
39451
10141
10895
31934
17836
30898
13337
1133
11304
10590
33857
24158
13823
31019
47114
7012
8364
28333
19858
5686
507
32209
31487
25104
41326
23554
9363
4824
8939
20835
36770
11435
9432
8071
605
18883
15535
15447
84
7288
43928
32993
32898
47225
18639
8945
6188
564
29105
5176
28074
28223
17435
13753
32403
5668
33585
38787
13035
37722
41907
41234
26644
34887
29639
47185
30562
46019
19126
35872
6782
29793
16262
49248
4346
14971
40813
10221
21738
41759
44907
44858
1825
28536
28006
43488
35514
8968
20382
3391
37706
26040
14126
5242
29960
38360
7236
13884
9612
7129
12195
41138
30832
35277
4267
47872
42130
39338
22403
8210
49585
12011
12412
2346
2500
34980
8509
41420
43012
29807
42048
34090
1461
10734
4967
42412
44890
41717
43752
20876
11919
30192
29690
18693
27546
15648
22022
10886
24909
2901
4549
1006
19999
45650
23769
37331
10753
43033
25008
33912
47675
28373
21456
10161
33721
35268
42911
47283
5674
5015
30582
4581
689
32029
8643
4712
37305
11925
24965
41834
6304
48356
33872
26215
12731
9205
30604
22301
24631
23920
2096
44750
44649
26316
13253
32824
43241
35470
14792
14397
44153
34055
7622
12639
48955
1084
27498
2381
45212
9118
34694
2623
31554
15322
13353
36887
4999
37572
13988
22370
17023
5691
48571
6928
41477
5109
2031
38967
46341
29096
11577
368
49253
4307
22031
35407
33790
24978
25258
29972
48374
2663
22979
25649
29386
9527
35532
27202
33970
12427
33414
37015
41846
9810
42246
44466
11258
11768
12114
15078
25147
38543
21100
30469
23748
14766
3864
30932
25518
24798
30652
44800
34398
42113
15145
41028
16260
32888
8727
24527
39144
43175
24129
13634
47347
36211
43673
6298
49758
2279
49961
38773
18464
24834
43435
47266
20029
31572
8602
8864
31652
47542
44256
31231
33516
9850
39658
6048
9458
33159
17054
35717
26056
21442
8667
21772
41460
2613
18104
22440
30245
21288
37909
32482
873
29650
28959
32511
18088
2643
41463
7480
45395
47870
20606
40151
336
27906
32126
30475
36849
34079
33146
42586
5710
43836
9391
33196
37119
34382
24302
27938
35979
27071
34964
31888
3649
36008
36182
43593
23517
46256
26105
3003
22471
3541
799
20032
19539
24244
7990
27811
29917
46317
17701
7457
19402
7165
22706
38938
3231
38727
41050
18320
46770
35563
46210
28274
27642
5143
33982
23958
17986
3635
30297
4513
27781
12143
36821
22968
16897
42342
35294
39800
16694
26305
5370
13590
39522
36736
28692
12742
28621
44938
9670
34176
39243
36298
47471
37592
17711
23937
29717
48063
17841
521
48516
38636
4227
30086
17530
1613
23581
23687
8051
48826
35222
47425
1705
48748
15200
23908
34414
9679
11620
25069
43865
40314
42186
47834
39557
5439
47608
5353
19631
42339
27540
6128
49373
13773
5738
14010
6893
1673
7734
44335
17266
3759
38416
49387
38563
14760
19518
43361
39016
21747
11854
36580
16643
49988
4101
22881
17852
25847
35622
24300
46024
44120
18572
2198
18233
39025
22329
43065
8490
6913
33899
4477
216
33266
13379
34325
41425
28875
48621
20348
15354
44263
3348
16031
28
31818
38743
45043
21470
23417
12328
37668
33658
39747
21874
28498
20919
19610
8838
30573
12333
43200
41596
46532
38578
261
18361
5184
39753
28742
29322
10650
25292
16024
29084
24201
27573
3711
48639
26195
31392
15128
631
10688
42808
44282
17095
3852
11535
26914
26697
42653
48317
676
48900
38654
6649
33080
26500
28846
21721
15519
20565
19054
40654
27063
40333
44227
44654
11141
5622
33802
49192
45180
5410
142
965
37021
48671
28472
3589
26156
38151
45922
40438
27776
46648
40162
19076
45473
29239
48455
22130
16782
46287
42817
16410
45653
1446
10126
10528
5056
32714
4188
32758
3516
26861
28753
23575
22461
22556
37638
20820
33704
11849
23197
10439
41051
29436
22316
45221
6316
3115
48493
7187
23926
48565
45318
802
30820
17016
5715
29944
4337
6029
38712
20994
44574
24395
33565
30829
23833
42637
22262
4644
8413
39837
29902
31951
1297
9659
14493
11902
8294
6229
11355
44242
2141
40955
1171
35759
10723
75
1413
32100
37493
22683
6841
44759
48220
40342
20203
38443
7255
46384
26687
30691
47071
32432
341
4928
6533
43253
14078
42928
17602
28519
39666
47007
14528
22217
26267
47730
40230
35074
17954
21712
31385
17345
46140
6589
45122
6354
42823
33169
42014
956
21830
49502
39710
37031
20951
41285
19896
18783
43122
12082
22931
30324
41483
22419
10598
24100
6576
32132
41070
24721
6815
7839
3449
14988
43873
11333
42383
17582
44329
35097
32165
42579
4351
36321
4911
30810
33124
9386
38973
4943
18505
4490
41573
40062
7729
21953
19181
41399
4685
44777
12055
44697
41437
9777
26406
44562
19286
6170
36405
46169
8359
36858
14922
24421
14608
4851
28560
44103
3998
30028
4839
40841
15252
27422
28934
35936
11135
43006
33043
32795
24750
431
7883
25921
22400
36226
49012
15410
48603
46468
2771
37372
23644
4119
1261
19089
14293
2437
15796
37519
26876
25235
2379
4746
4123
28350
40998
25362
23259
34333
46114
30689
3747
27834
49834
26279
6777
5456
4290
12708
9992
6112
43403
24090
22626
15314
3850
44979
44457
41309
42510
15040
41256
38193
48174
17667
545
6632
8516
11130
35116
22602
20008
27129
7248
26800
13205
42667
36208
37069
35399
22590
31588
46450
9545
34522
27396
34914
1777
23653
16564
11171
34005
21866
30074
31536
41694
20629
4361
5868
44709
18839
37616
34678
46215
42566
16164
15685
21634
8230
13381
23351
42536
8523
45197
27688
35981
36290
37655
17315
32349
4555
19790
43505
18660
18630
44951
12803
29447
13071
179
8902
38993
16500
40790
30188
47049
47881
24566
40543
43610
31983
21137
46364
40661
2997
26369
5462
14477
13616
10677
46703
13598
39362
5843
26761
31362
38010
9946
42856
20322
8500
49222
26745
23774
33753
27120
43085
11867
37047
27173
44141
29970
38791
43689
29184
21184
48420
12238
14673
39780
10251
33179
16210
31046
10993
37562
48656
20313
11182
45156
18949
3524
49688
35502
9276
7662
33019
48446
19025
39684
17359
44481
3533
46807
20273
30286
28679
30550
38141
14899
37621
40360
38042
31598
48594
2265
20841
40291
35998
49556
24343
15085
32215
29451
47805
26233
22539
23165
41146
43293
26853
17746
46460
25313
28600
19683
46897
22083
48292
22020
31603
45640
19393
28508
10622
18125
574
29923
23000
1551
10427
33243
4506
4784
16689
35419
33111
37150
6337
25026
16631
32770
35697
24611
41514
28588
23891
5942
38341
10552
37522
3553
6095
19329
45902
35909
20261
33274
12496
25593
45557
23206
40575
13060
12436
11939
30636
23006
9765
12644
2747
48279
27508
20691
17219
22507
40076
3872
15455
32148
25736
19611
35347
2305
48269
48688
37581
35285
21515
47373
20766
594
23606
106
44008
28711
37822
9321
19774
17757
32854
38518
1011
17800
36997
10341
32541
5829
6083
7363
19306
12755
2353
49271
41590
33552
4673
18975
42728
34519
26615
43096
32657
5376
16578
19909
9791
35930
35328
11419
646
9147
19886
37850
36983
8379
24045
48665
15171
30846
26189
18018
26529
34229
7775
13907
1935
36420
19751
4426
15587
44669
11463
29744
37920
39693
21016
38170
43813
22571
11945
19065
3704
24465
15430
12613
14258
40455
20112
13280
34816
30520
23435
12859
35259
23392
26291
11805
14585
34372
49437
43
32105
34406
30925
45118
49370
4232
715
28663
35373
24943
19425
9301
41195
5326
26250
26075
27193
22349
9017
15726
13138
12063
21393
21360
27222
16861
44384
33132
26012
20643
14902
11095
40702
16511
44918
3327
47539
1879
45810
2405
39480
15804
7355
30344
14174
34050
4447
3022
12627
28922
41997
49726
24024
20296
4212
29354
6215
8014
36974
1505
26667
43075
39882
29380
20891
18178
47567
25722
25953
8892
45879
16222
3902
6514
10668
34803
13808
5507
31855
43023
18131
18245
28435
25249
47974
23082
38431
6136
23037
48859
8397
43888
10509
46831
25322
36698
16752
37293
8111
40447
24889
17112
4093
21760
44047
19736
44220
42139
34665
40764
20406
22094
46097
23189
25152
44178
24146
27103
1870
3919
5790
35578
29291
5529
15383
24224
46183
2894
41669
3306
31724
14097
35451
28580
7898
29775
20614
37432
19263
6067
37154
22857
9551
11298
27915
25278
35665
40287
35679
43322
19105
42873
17206
26935
49323
1474
5851
33544
7970
8762
25113
19100
23325
23887
15023
19584
9096
27404
42060
3562
30143
29706
38260
5779
7151
34166
41660
44195
31562
9380
25879
17962
47587
33843
40737
48734
41958
37253
3988
10033
38303
21430
11020
13462
11796
1049
22425
45246
17499
49701
2076
33382
46726
8103
2010
36969
42843
26639
10517
17771
12822
22378
12342
30710
15774
3371
49883
8819
33423
22660
28611
19571
48876
39954
24999
18342
26906
39231
24587
24494
31214
12789
42908
48076
46946
24576
24935
17188
15183
29032
8825
27355
47457
48150
22295
38314
28367
38425
13401
17809
36065
38810
2541
21311
13935
45134
20546
19452
22742
33234
44053
32508
1786
40391
48729
42981
28812
41822
39133
48867
30666
26980
7320
26450
6275
24260
10451
11512
17222
2916
46486
5080
1990
25780
20745
25968
9491
36483
37874
25904
15131
46845
18903
24915
20975
17043
45887
48998
12008
14161
3319
28251
6606
2833
48798
31768
19680
20665
20717
48713
28097
394
17679
34647
13321
19622
42496
46822
19793
13459
31673
15673
42081
21244
4279
12717
34597
9511
30752
35772
7912
30761
9755
25684
38372
39325
12485
6106
24662
35599
11747
37986
47504
32947
9888
2013
16082
15886
48909
33887
26922
33793
5608
9925
11559
31527
15574
25950
625
25133
9105
35912
5884
10862
46749
49953
36956
37285
36179
14998
15232
33216
38250
23795
20859
13868
11075
33341
617
1221
39081
27335
7393
585
49537
15656
6765
42072
25615
12375
41094
49550
379
41744
14147
49921
18812
20380
27797
8136
9507
29467
18807
18985
32035
49608
47860
34583
1661
30788
27744
22594
5840
34946
38335
29332
17157
15735
14557
32175
39943
38843
32909
14638
36422
46195
17145
1520
15420
46337
33069
8857
43946
48409
20759
1481
28321
16111
33948
6496
23401
10495
47362
15857
20905
27250
20772
27564
40915
15246
13952
6073
47466
27588
45348
25695
21296
1943
45917
36120
3209
29618
35497
31968
39153
39499
274
46236
36939
26993
47199
48131
37475
995
2588
45203
32613
41976
31995
11593
28963
18737
40149
47519
18415
23119
1909
24015
17286
28762
43104
23528
24514
36536
16846
49735
14306
14693
27323
24366
24175
5042
35709
40564
25913
11985
1424
49082
30539
9292
48789
27723
14711
44294
21621
12276
8402
34313
10824
49868
8758
25496
9743
40000
47100
31923
30625
18931
47310
32372
28261
33663
19545
10770
44133
20159
25713
36873
48366
36518
17693
12864
16295
46006
8268
1972
222
15661
48429
9568
16372
1458
983
37211
49914
19715
16704
47696
2883
40517
36263
49137
19315
33625
45402
25200
26531
35450
10796
22696
8707
45386
41987
25858
27451
6003
4316
10935
10378
6409
6910
921
4868
38485
22822
38202
16243
3492
7032
15055
20989
25989
35178
12874
29410
49099
14835
39213
18061
49494
48044
30868
5575
20524
33538
40001
27485
4500
29882
45426
22069
12922
37542
1807
49711
47358
35610
11588
42861
34865
39821
43657
12508
46502
12458
48769
2863
43400
2323
4793
49270
35955
16990
19040
2736
13299
13485
28443
42231
46682
41335
19802
49128
40799
38236
47400
5262
24106
20672
29694
24193
38222
42894
39063
3298
44945
47420
45084
17385
42286
5068
29514
32018
20740
23855
11023
45337
39731
7799
48481
30127
34488
18590
7905
28382
45009
14660
45189
19462
35149
40099
29120
23124
31203
14777
4323
13212
42157
35811
4955
1581
32595
45823
42949
4882
34984
3664
8272
16054
10273
29850
43644
22641
9005
24825
3126
2398
13347
45263
16715
38280
4299
22872
14081
12845
35644
24752
25344
21550
9055
4047
49164
14188
49115
40201
35308
29256
14159
31778
3069
10601
22989
39841
47800
32282
6675
12882
18113
45783
16015
4734
12603
27279
26435
27021
4155
7869
5449
41773
47790
18969
27344
30263
4055
24868
29310
26174
16326
18256
7828
18769
28992
12388
31666
36275
24270
49773
1146
32609
32245
34456
31293
33959
35683
35528
44605
27161
7741
7532
11738
1993
1696
14406
6379
39809
34026
6881
21538
17902
2442
33980
7813
2945
16666
31839
1766
44523
38137
1319
48969
21122
17826
11689
3133
9356
11312
6739
47066
34099
39264
34272
31693
49816
16309
12540
13088
11330
44361
18996
9583
4036
31974
35439
43779
49761
44864
45327
23678
28106
16906
9902
34925
23150
23313
37714
13222
47129
43146
28194
17338
4691
6937
11196
21689
41446
15760
