1933
3858
4679
563
972
3750
1336
4535
3409
4837
3510
4800
2965
2976
90
2817
3383
3394
4957
3082
801
2258
4227
930
4942
318
133
816
2008
2404
4578
1823
4111
1715
3375
3844
1997
3642
3548
2348
3767
3450
2880
749
1366
1236
787
4177
1793
1349
693
456
4780
2473
393
2152
2280
2300
3670
4287
3183
3956
4250
3030
2682
3318
2441
69
414
2537
671
101
586
4106
3236
4262
1040
2236
3257
1272
1760
889
1662
2546
4741
2763
4930
2057
298
2694
3703
4939
4374
3091
2168
2607
3562
541
2338
3109
146
661
2712
2849
404
536
4331
2040
821
2126
2638
3208
1519
17
1249
3821
467
431
2889
3180
1695
602
4488
2988
343
4076
4896
640
3018
2500
3473
3068
2949
871
4827
3457
4084
2921
1633
190
1864
3032
2899
1775
3470
3287
3683
2937
1983
3213
794
4815
50
3345
2091
1918
4990
2174
1181
3640
156
735
2105
3531
4275
4968
1146
4159
4032
4520
4699
205
1855
4881
2413
4583
4185
4785
4977
1649
2918
3913
2992
4020
2665
895
931
2049
1290
4458
195
2958
777
4610
1446
2677
4522
4504
4127
690
4733
1750
4592
4849
2311
1430
4406
1011
1594
515
1563
1120
4390
1658
4254
2150
3243
323
2399
1106
559
1845
2459
4491
2425
2076
3625
2369
1263
3274
4426
4309
1310
1125
3598
2465
4203
2520
1400
1728
4624
1410
3162
4877
340
4023
860
1927
3075
1451
3415
1082
3896
1061
3513
529
1590
1892
3582
596
2322
4690
2082
3295
1220
169
2756
3981
2209
2580
3054
3697
1202
3805
2503
3800
128
1789
425
4063
3221
769
4866
2710
4007
3580
2188
1803
2014
2
4191
3301
4319
3620
2611
3263
1294
2215
4234
3437
99
3523
1837
2192
2490
720
3929
172
1740
4395
3997
245
3004
1099
4478
4997
1439
4445
3782
1156
3971
3423
2068
3876
1690
3329
1903
2658
834
4360
628
1229
2555
913
2786
1043
1021
450
3559
1885
1969
1571
3610
266
869
1481
2593
970
1708
2903
2389
1811
3931
302
754
233
2244
505
220
3365
4347
1180
4416
658
3154
3727
3676
500
4470
2730
3111
273
484
2804
3734
3043
2860
386
3840
3759
1498
1200
2865
2826
4297
1463
2561
1679
1524
4756
1055
2282
2355
3135
78
1504
614
1958
958
2024
4851
643
226
4436
2267
4364
3485
3904
4712
3195
3949
57
4132
4570
1948
4765
3653
4618
1165
4727
4706
360
1387
1074
2742
2731
4327
4556
982
367
251
1326
4644
4095
2776
3150
1479
846
2437
4917
2305
4910
1355
2373
2646
4053
3811
2796
3778
2136
3129
576
4162
4809
4653
3333
1139
1543
4041
4217
4663
1612
4543
477
1552
3886
901
22
1007
1413
286
1879
1605
1376
3711
1628
3496
728
2589
380
1980
2839
1312
994
32
4147
2528
1762
1533
4637
3865
2114
1257
709
3969
112
945
2630
2226
3359
