42060
95273
38419
26169
84757
73313
75174
35489
1337
79984
15815
41968
65653
28934
63779
52125
57618
32038
78599
51862
76005
73493
16144
98237
25675
60645
38590
2036
32322
92234
72245
66800
87912
34601
41352
99924
79880
46583
55997
61445
7267
43613
82227
66157
36875
41733
72541
4661
2598
72120
84836
99009
1047
6714
67981
58506
86573
85639
42096
51365
18839
86976
51682
57792
66062
29572
19745
20154
17026
49460
81006
55814
5027
40549
22349
48322
96851
187
8600
82529
49912
70249
21818
39277
90680
14335
92145
15278
17536
21735
48426
83832
81138
78800
66636
61969
45481
98273
44324
99677
82737
47300
79136
56806
4987
64664
79560
83320
86033
7932
86048
68467
76337
21079
30582
74540
64264
63263
12876
20823
86747
89371
21271
33350
42478
22904
76502
26133
10764
11924
26444
29435
29188
8582
69938
30753
33152
62958
37870
44120
10505
71729
9589
73337
74280
72385
92798
84809
6782
23554
45044
55536
78022
62104
64954
11954
91752
77616
31308
25208
62131
94861
18076
78495
74173
4917
63593
31147
35553
21915
81818
1468
74570
36130
51780
25071
28211
68845
68369
94141
27939
90799
66620
24424
9806
83481
4386
71702
62247
15424
24555
11829
94053
1124
11036
60907
3473
56223
35694
96952
25644
17746
10160
66944
23960
32490
33167
7361
41001
66691
74003
56284
74677
40140
85248
95194
37806
67786
28956
68427
2118
31592
40931
1420
59079
4792
53315
75535
81257
69755
68863
82944
40803
13944
63303
32065
55689
3827
37555
82178
19877
18216
60523
56739
43366
73627
14524
40488
35520
24970
3049
69303
99692
79230
4041
62720
67170
22867
67133
94745
97230
84159
39191
79712
32084
30857
83811
76288
97327
31327
10386
62793
88535
57309
78367
86902
34586
56376
92338
42923
78409
72272
53541
79700
65693
41205
82276
42246
85230
818
30744
29975
57984
68677
86963
27442
30686
64820
27073
7639
30118
21644
65644
41553
49235
92573
95579
40946
31290
62128
70408
35453
11655
19562
81959
99445
93857
37339
74759
64902
19227
36042
34067
81046
7529
4096
1523
52308
7441
59589
80518
45511
37467
40000
29566
22266
51313
18653
75409
12174
80744
88587
92466
59134
4392
97217
89737
78824
22715
74335
69364
85346
31998
64823
28226
61722
12122
92185
56409
5930
14533
16001
83439
54624
3519
70594
74738
56312
49241
48456
93894
47034
13151
6510
96375
31739
16395
23337
70304
24418
31888
85529
89942
50178
90610
31247
97498
62336
42804
29142
78858
77698
64683
20752
48908
83100
51249
4502
12040
16382
85904
89414
13492
74894
27421
96698
47110
54682
37296
35209
73429
61466
43525
46100
80344
36997
82975
64963
6073
31028
32724
83646
55781
35938
42063
25049
98505
81354
61783
67698
55961
80329
68226
86127
43842
17850
60172
72727
68812
72413
56690
56650
34284
11176
74125
85419
58100
49408
10264
55265
14808
13901
62882
88828
7328
67850
73118
42072
95133
63556
3354
15113
37320
95466
5085
99015
74015
53199
29395
30597
74485
39753
84943
81031
83878
93760
83606
81321
59214
44001
89478
35282
74259
36811
41123
11008
26652
32496
20667
97004
21567
8780
49527
14814
22327
41776
51178
88611
22684
1423
12134
19846
85334
48530
53342
85550
9488
44492
63508
50913
55692
89356
47443
36710
6003
53791
32258
87632
20682
6769
94507
38184
1871
30518
23871
40632
45737
76731
57468
6153
1233
1139
70334
32914
53977
56513
25303
18985
40
33787
57471
73066
43216
66480
91977
90317
38721
9476
60584
33313
38492
98313
6394
28647
45023
28678
82825
44629
17682
79532
31748
69376
962
40915
62592
85978
61472
15363
10566
10331
36908
83600
2100
7337
50010
75107
5640
51001
90714
34195
95920
44138
19571
22220
9821
63254
95603
46540
21982
44239
81681
56882
18250
30567
99683
95096
7349
4761
71091
63151
63572
33246
82959
37012
58277
16230
11081
68583
75333
51069
84681
5042
19364
83140
22706
7963
449
47895
71796
28476
41987
94718
75055
13505
67853
91779
59034
88556
10969
46302
76099
98804
85950
34058
85071
24094
46607
63010
3925
34986
57871
58533
46027
72861
9916
93168
93375
56299
86591
59379
37491
1362
2192
11216
33133
19764
60102
80655
56598
20197
92365
30033
52610
69169
26130
46015
27710
5506
89765
75223
80668
99335
26948
77390
23819
48441
61307
77106
72718
88263
90305
20719
22162
82883
26221
7740
14478
32715
35642
84955
19709
46436
86136
18851
80829
17808
78306
11976
27161
98005
91291
78882
9021
4068
19916
47275
56846
54130
31525
99949
70002
23191
73102
37800
89808
77268
89078
67173
54578
5179
39802
58262
41144
87781
4218
22617
92521
16651
21390
89783
44745
25568
17597
73139
73432
24311
8515
64277
65186
83051
18232
69236
22132
69123
90955
47535
30069
20127
3534
42908
54960
5314
1719
24567
99329
60013
45249
20435
53910
71265
69019
91001
3855
24735
46244
91910
86381
72373
64728
11020
28980
73893
84913
38166
98716
68381
18671
260
77216
73902
72992
42789
78644
46055
36808
81836
56165
71088
64094
67228
75007
59244
56418
47434
80237
53876
76856
37400
22065
46479
56128
74143
32370
46039
922
54603
70566
45722
38941
89695
36789
75721
33454
41114
12232
56568
80524
97663
49488
23496
45411
736
62903
67896
651
42527
96445
46186
62018
70679
46650
50455
15012
73041
54932
58082
1935
61188
8796
46470
72181
88190
82749
55234
67484
97040
93180
49128
1853
70981
64631
81714
82996
31659
47831
3791
99592
39829
30103
94639
40021
1700
28797
44266
58130
34104
8323
64750
51719
91535
11478
58805
69336
8277
45636
23697
58643
14451
18641
38666
35679
73792
61414
21506
35792
68982
12113
92045
61933
60282
80021
9989
1911
82554
15668
8350
52817
6110
73404
78238
28888
75586
43754
49268
9183
85743
80076
96280
86353
41227
27833
2137
19516
6876
33463
16172
82612
78122
74601
68723
87977
18464
32923
9815
54206
38154
57966
64582
89277
37073
90177
6946
81659
72651
33735
59989
90183
20792
80033
68946
77836
95658
42286
6672
43863
12311
42136
84040
3599
40894
95719
17179
50956
65329
24146
437
75812
33948
65687
25242
12665
10859
8667
66745
2024
25608
42713
49473
40073
30308
39441
24634
24991
25013
64975
45081
94559
57355
43433
87345
22562
45884
49512
77097
58313
93934
391
30506
58634
68018
61042
60972
16294
29242
69059
28992
14902
98478
58542
91831
63962
25458
29465
50254
41904
5735
90030
83365
52750
67972
7642
1709
22995
70508
78385
60398
71573
6647
6888
5948
10947
34882
59894
3522
39261
14344
45676
21537
15598
24875
3464
56012
60712
29117
19053
91865
58335
60212
32703
84907
57096
90616
80365
68436
97458
85145
84495
89206
46830
39719
6327
48835
65711
45224
23911
69538
37543
18998
67765
43396
96753
7786
75797
96171
36731
71628
46952
81672
43259
96225
74186
37140
15619
83558
3373
21836
36374
21976
10489
60123
62443
11545
56943
69745
53064
77759
38425
75690
93299
30091
73560
86448
53379
79303
40873
29694
17991
12793
27381
2393
23704
62684
61170
96921
13575
89325
42698
17414
8628
79285
13270
86875
49094
51053
71637
83475
16022
97742
13859
33597
64411
12626
13764
51725
51935
44333
32142
91416
42322
62949
52482
25370
70756
85563
52497
272
99845
56577
17631
97892
45313
53049
86027
49924
25559
79239
78751
41654
89295
25382
65967
89988
53592
86799
72107
40427
75568
61323
46113
9440
90662
99811
78907
77027
61347
67609
35355
29889
90589
24405
31168
94596
59253
50193
75699
93619
38321
13459
96399
64289
35236
24347
54151
29859
41709
36277
71161
33930
23774
28528
15198
31055
69895
2085
85505
66907
62830
99354
32856
5240
13114
34553
59156
99714
20426
26160
12833
27915
75864
46921
55591
14402
82499
97687
84449
4859
18494
52167
79896
3006
87192
6839
83005
44062
57609
80674
17200
9525
42386
76944
35889
35004
50535
84189
12003
84372
23404
17151
15644
94190
46775
43451
82840
48258
35770
95847
55524
46415
25251
388
91550
63782
23987
6052
91913
91645
10105
86088
42441
33722
56159
18131
40012
14005
34018
15339
95298
89661
35822
63654
72608
93244
15754
45597
20002
94611
19397
2768
33213
32590
16532
41019
4261
87772
17472
37821
47983
55192
16511
83625
50495
86646
78992
61121
7193
25095
59607
71650
98102
53034
75486
47379
44141
15311
84849
83213
70426
8490
5301
1545
43747
1432
94196
12342
36918
71216
59018
29136
51377
37412
19425
7850
24686
21354
59311
3098
24109
77939
93912
79377
55066
67780
55835
60502
47779
8829
26923
9275
81171
72053
39423
88126
27018
92975
84266
81727
8896
18100
20246
68830
75156
98517
55658
89823
58799
22782
12195
67579
77378
29667
49164
47266
91437
76200
70734
8228
32575
51072
4224
61234
63013
95456
66175
55680
14768
6992
14951
7834
16938
62262
50724
35019
14109
87903
62394
14127
94785
10825
41919
1172
45258
59128
94132
64322
63047
84253
82706
8503
95524
7602
2872
19755
19379
44654
21515
7428
26523
9775
75281
32053
54792
67328
79197
69916
44504
60782
57270
35599
8024
48740
76822
5893
36683
66446
32401
53913
25931
28635
85376
51694
86417
1288
89341
7807
12711
42618
92417
54310
95249
61084
42103
23676
69431
5118
19983
37281
66651
83936
18390
98618
4575
79596
84458
92325
40317
94016
52540
30167
51496
33405
74366
68329
55201
80436
20777
80854
80161
14942
15940
18744
77448
96430
14899
1154
63633
23749
16910
18409
16425
69291
42637
30643
82087
12586
66831
17695
89924
19327
54493
78962
5451
44465
87333
98166
87922
80173
84049
84964
31254
74546
12607
51130
17164
27860
17783
59730
65149
15180
68561
44047
22574
86432
3312
56965
44217
4569
6940
16807
34238
60953
3101
81800
64228
1011
77991
42048
68537
72095
45307
25126
83951
76706
57157
75718
84614
895
64185
93534
30997
42600
84198
35026
91169
40369
59354
27280
20368
39087
91675
49619
52833
89533
57923
14701
72425
41178
13889
37708
53824
52466
36405
32438
88447
39628
55951
77140
55002
91425
44294
11326
26728
28248
98243
11728
94062
44758
20820
94459
59235
84339
71180
12830
65500
72236
14966
76435
37635
77460
85196
861
46979
82859
14753
9006
13425
17673
65244
13590
63328
60349
60026
50440
75873
64570
88392
42460
67862
86200
25431
41373
93558
84180
18766
1536
72800
76615
33384
45286
52363
84583
32224
43970
17502
88529
23398
56537
29831
59430
64127
92750
11850
21799
66550
22519
91895
98032
8451
25815
72538
51902
57313
54285
42643
33069
65348
97611
32795
57673
33832
32810
64008
4520
75135
53397
98639
21805
28724
69495
40271
65598
75824
39026
60306
36216
22004
57459
21869
87964
96415
46708
31351
33515
41437
90598
84241
6827
97822
37986
97547
27021
27372
70295
28681
84797
94468
65912
96622
80060
20969
20807
14890
18018
4020
55308
37183
43470
41477
29020
99976
16984
89133
40690
5576
79563
14716
45231
57889
70081
14991
89838
29792
76899
24195
31638
65751
73719
10712
97306
69150
91111
65635
12201
38016
86240
47910
43821
63486
81849
46003
91855
1227
96723
19632
94901
48966
46915
23368
80896
4242
26639
91465
22977
34406
80411
67417
14551
91178
59266
36725
51218
77231
68320
99415
10135
59861
89963
3687
44666
8152
80381
30475
65333
98853
53504
65467
27158
23313
19248
44025
84638
9900
66968
24677
32337
14420
60755
70701
63892
55622
95377
94690
730
41532
79813
20551
68650
52231
51410
53476
50367
94697
73847
98563
92170
95350
22022
45911
72223
52674
68213
43851
21409
11603
51621
53104
62363
41083
92612
3415
39420
82374
82010
3406
10862
25864
61881
81431
78013
58457
48893
5286
33994
61179
68766
41425
98658
95588
99473
86246
86631
90268
99881
54731
53324
83088
4407
58964
36951
36365
12958
43894
72034
33521
48215
46082
58414
58249
34321
71113
40491
18845
97110
63904
77060
5253
76621
67881
8436
2503
46869
62732
32273
30228
92765
57563
91041
1679
2530
53779
68659
87009
70047
96473
71195
10834
46698
58524
38209
51786
81000
95484
26334
40333
4303
571
69632
71619
39875
57328
53690
22297
41974
91196
66892
20276
52445
42664
12186
2369
27723
37534
79731
501
59339
79682
97168
63669
81443
27463
11167
66205
60883
42936
12156
35111
13559
37729
26279
8646
21848
54426
54777
27588
57181
73618
76652
16047
62275
92817
29981
72672
10318
65418
79068
76212
3202
90873
23099
82053
64219
12870
15241
95331
60495
50022
72440
44056
26996
91599
87143
93546
61976
43543
39017
79859
82120
31202
39069
50470
27692
74921
69727
87595
17719
54230
31089
9943
95618
916
63282
4880
96564
20472
56699
59672
59299
54255
79435
49085
28537
66919
9974
35712
91578
22159
93653
7566
96979
66684
96711
66007
81644
51792
77244
82035
7767
9614
91401
37714
11789
3385
18348
73084
26465
73060
32218
85874
96238
12058
65900
4160
87629
99668
54676
30863
84861
6598
41492
61484
83353
19126
51572
43659
78171
55164
94071
83268
1200
31037
20060
79047
88904
33570
1590
88846
30988
9202
61591
90561
53568
39731
75278
46564
66034
45374
55387
1380
47953
98844
76401
57242
83121
28772
42487
36457
27875
47654
14176
63147
42234
62089
75852
32026
92249
60737
77881
98423
6348
75126
92139
50882
95621
72876
74454
60450
65876
89960
76722
31916
92319
65925
32358
66166
30796
92606
28510
41501
36283
13135
61615
41108
91666
31440
96900
31342
3946
81916
39905
18223
70817
32902
79767
11628
63398
98700
33143
5015
25086
23978
1499
41803
62693
58753
30820
23490
77
12903
77475
32184
18458
44385
26719
35721
88691
95865
8079
24271
87748
44477
41382
71607
33106
52063
58890
46592
22941
75492
23185
63614
43113
98301
89756
72004
2652
56101
59321
9708
80372
37143
68271
50528
82258
25742
46848
5109
92789
80610
11185
47452
74354
77512
87647
72663
83927
96256
93635
24140
70344
16971
86692
84211
74112
98591
67951
84278
39582
51020
76597
94352
85138
48145
419
27494
21293
84696
455
3705
52906
72330
13434
37525
8045
72922
93271
4426
52952
89991
67914
16572
17396
42264
32471
76938
48581
83332
92563
69736
14988
63721
24372
98630
74469
25632
57007
44587
53708
93042
32654
24241
73368
8390
18964
1801
67545
90333
41343
45194
68021
31296
91471
75162
38797
68253
63935
57517
11585
5146
53260
48844
13367
2836
24720
19980
6095
18162
62488
62674
88349
5414
3544
16413
40357
77894
96125
22083
32663
94297
3055
24473
81159
6244
21674
51459
57554
48502
65
65864
75910
66752
51352
15961
47526
84818
34031
15452
3861
9122
26359
96576
21583
26893
97660
92203
37208
18781
66773
15772
51270
90549
7493
82587
33741
95786
76954
40085
55155
73472
47242
31894
33634
90571
95542
16523
6202
48386
30884
78061
37049
54984
77179
50501
57047
38364
10920
27106
66938
54114
3779
77598
68516
89090
70789
38825
70603
84940
82016
38334
73545
86066
34623
58872
81623
83707
626
59397
47727
15021
28284
84531
99903
34791
9549
3711
81940
40091
86707
84723
56754
47941
32413
11496
6968
46000
21476
38279
63602
94169
31641
35349
14869
37354
37900
38172
33262
20093
55741
10773
38483
53232
70972
91984
51465
36088
25571
85434
96250
16559
75431
49442
8008
32596
11698
74772
98609
28553
202
81821
23002
98673
61667
89728
43238
53183
11274
25110
25419
6775
16245
64475
28110
47519
2442
15946
46354
70795
79801
48719
75391
81379
28049
59061
72556
63813
51996
32734
70386
1609
31220
55097
47645
20597
2042
75385
66712
14502
62809
21921
45328
84348
55140
82480
21497
70771
45075
76221
36542
37833
28498
50315
17893
69202
79529
34641
65003
80793
79114
81421
29709
28138
32615
59171
45295
68931
80848
71653
9290
74885
46341
82139
17554
52961
61585
21790
41080
1081
67048
3336
10419
35810
86271
5344
7926
94574
92981
17829
55500
38608
52616
15476
92887
30433
52454
78251
61252
96818
85694
90882
34220
54401
12568
24061
44227
66739
48340
56119
67759
99732
37671
68702
51764
99036
18265
83985
23270
59708
69703
81116
58585
80646
32245
30485
7468
34314
56782
79706
17771
86808
87705
67008
15082
66959
10874
25794
8921
53086
55127
48615
2079
10163
19687
74479
3641
85309
12485
16919
93281
46521
35853
82566
2253
37699
98340
66214
87995
3168
61838
53766
30912
83823
11506
83783
88389
93451
71326
26731
50751
88657
90098
55088
89792
29197
45011
88764
77430
21134
2466
46488
24360
89005
66044
21467
37211
3260
60605
43775
87415
99097
95954
38871
65305
18619
99637
67246
64548
66886
61689
26084
73740
16471
85987
56632
53937
43812
50266
88376
94541
85792
19083
39234
98322
64423
24155
22272
68162
78425
98816
63166
7056
24665
62031
2015
25461
84852
81266
46750
35651
83149
5396
69822
97580
57288
94471
48224
98453
99140
81452
90015
40534
85514
35526
56952
49320
39148
8292
16752
36472
53022
78220
9665
12098
75193
91657
98212
83405
17298
62043
52558
64731
53171
35169
67493
85965
73441
45206
47800
36792
7160
5790
82432
45612
41834
52799
26859
14209
9742
61823
97400
20997
5390
80945
72336
47852
10663
88883
132
96332
11832
52192
89820
92951
9083
13373
4694
68601
52884
97584
17048
70267
93476
97672
79786
50858
24772
50397
83280
97983
29233
32041
99424
80723
31543
13340
55051
72648
29517
66416
73768
25831
12479
78464
89402
19895
18534
62159
4960
92930
66556
78721
15308
19660
14228
7798
44828
7084
97925
48792
46576
22367
88248
21198
2588
51636
73014
8741
1026
7517
94584
85666
52204
93329
43714
83024
30079
13599
53785
16599
28861
69922
88819
73304
31159
91352
37507
34617
79465
20694
26807
59650
69782
41852
8616
38263
72938
7389
83524
23240
82126
73813
8701
41321
80185
57663
80283
85920
26825
94401
31806
70615
33292
18174
60230
39921
3727
92310
70688
788
71952
52518
43250
74405
33075
13813
81122
28400
35505
53275
75043
97791
70871
48920
35737
23890
29209
7166
70197
38038
37003
75062
95975
94282
63434
22629
16584
22745
16495
19584
44187
58176
34592
54828
81757
79795
73972
2295
7560
2662
89899
44886
76838
99183
748
45704
28013
15448
51139
86509
54511
72855
40384
87104
55030
9400
60657
81312
6568
87662
68268
21332
27814
10325
10010
60084
40168
25950
87806
18049
25763
40049
36594
23624
93735
29276
72611
55176
23520
79337
57810
10511
45813
2863
48765
58783
12528
39249
7148
886
51484
99708
18604
30335
62501
96103
58469
71445
13486
30842
43409
20542
40299
98487
83515
36002
46943
59964
20261
80866
57428
82654
28483
32880
54801
44684
70847
56232
34900
93699
27112
24708
71131
10611
56388
15409
1148
82770
67673
49756
70221
94120
71488
61820
41630
69092
17060
36924
71549
78513
62766
33433
23417
55613
22248
88639
77823
85581
29868
66105
45133
84205
76539
40568
74747
95325
8530
24769
7697
18372
98572
89020
71351
72843
44349
20206
91157
24610
1627
55216
74656
23322
63541
12678
20496
87558
46497
99439
81595
94306
84971
75840
56971
75367
15821
14499
87391
24781
5887
48319
17038
13019
98099
35471
60514
78946
77863
72504
54447
97071
20502
8759
26679
99805
24912
90693
96360
57148
96796
34934
43628
61878
15528
72281
62986
92286
97150
63212
96265
33805
89597
75443
5689
87253
86475
42173
9687
56064
92640
63688
51609
91996
38999
1648
28254
78187
68979
35328
88605
16282
87272
12580
96836
57435
87140
30451
52393
33429
92273
32300
8729
16889
29941
42151
58188
1078
77610
21180
12699
10892
63874
27961
53888
40253
21167
45279
67640
77152
86762
89719
44071
98362
92292
48957
47321
91706
91260
43326
14911
93213
38981
3977
33301
70377
65214
71036
90110
11200
40980
48075
84504
9363
70170
56824
96869
46790
69422
90079
83844
32197
44248
48630
93992
80964
26282
6025
14731
94123
8835
63108
99607
53464
5485
47678
59284
61023
42762
96781
6705
1954
53534
26264
91694
168
7190
83103
59687
53812
94944
36310
79096
95636
28382
48285
79676
9754
37165
85395
19169
36197
21021
45896
22040
24830
64945
26536
39109
57941
35199
75556
76322
5719
97291
29416
83964
3235
39594
69220
87223
11802
98557
59537
62406
13651
24982
51581
72577
9507
42090
34879
95438
10294
91526
1441
26386
12702
5478
75263
61747
24384
42368
4456
74817
14924
58942
29923
84562
59052
27189
36646
45212
64618
42985
18284
28769
66828
58109
75846
10657
24268
90766
74976
51206
94095
26218
93668
65513
47764
2146
63028
96702
99833
4682
75239
61194
70252
84293
91724
82065
18412
71967
75120
14438
65583
89777
38761
13636
36768
34391
22791
88785
58063
94883
50034
79014
71836
3989
42588
95887
43799
74000
92405
67746
27353
74576
7114
89283
70765
90372
70835
42038
3113
794
43500
71769
88062
38569
27268
15293
64777
97855
37388
2439
6482
96314
48438
80973
45426
76987
24283
56211
99119
97724
1767
99378
5051
69346
87501
83664
16825
77799
47864
97022
12806
52775
89612
2771
60569
55903
79645
5652
80555
51929
35050
87455
94431
22471
16791
72477
93824
31409
50892
50141
25873
49015
54651
29081
96192
10190
57496
86881
95176
25217
87461
42197
8576
55149
84714
64029
46235
89435
8787
13993
24903
36097
4889
22437
43339
31473
60828
95728
53989
62626
61866
97519
18485
26771
53055
13184
90418
12995
74503
17270
93018
99247
48005
43204
39432
89399
23343
18760
67069
56839
90229
15912
33393
38895
17334
91388
80924
43766
10795
16239
19953
23926
80585
72464
65778
85886
39356
80881
70560
48542
54148
26835
65799
17884
9629
27637
28464
50550
31507
5292
54337
684
25788
39914
84928
85016
99265
18638
86615
34717
68635
14634
57758
61924
68094
85718
98014
16013
74140
80134
6754
99985
45777
66404
46683
80872
98685
97736
52253
56305
39475
5369
51841
32636
25596
57490
73377
62073
49723
67191
83652
14979
38642
31626
65226
26429
77073
11600
31006
88733
84076
34504
56397
20762
38852
97056
88578
46802
9327
56058
95704
27085
67365
495
15037
83252
26703
88959
41797
31455
556
48520
1120
94816
62568
25330
81141
76478
62223
26975
74344
40815
13624
27942
64209
36179
40656
6897
56073
19263
11490
14200
28003
34229
82370
58341
70496
89582
39640
31397
67078
40040
51389
29230
18726
18686
52634
46125
39185
79090
67624
43357
78434
77546
43689
57114
14747
38837
90204
71393
86738
3495
90043
14298
75736
68751
53751
17283
50779
83942
11536
73261
29383
62818
63080
49784
50223
26816
38450
3879
82908
93955
41825
75510
84324
53010
37305
3025
47159
95069
19343
75654
73282
99729
90366
41407
93509
53492
25199
12372
9495
31717
4123
90729
37439
28718
10987
94843
4355
83350
1474
51288
13147
61408
87531
29215
16431
59003
70966
4465
18509
68506
76349
80835
65607
25715
51087
45566
58283
42920
17496
39988
71436
31116
5469
3959
74598
47349
86155
82532
3635
94028
44532
79889
29715
1639
29169
88898
42148
57639
71680
71988
55399
2317
69681
35123
29746
77683
29270
56727
52427
99827
34342
67563
25278
93210
6601
54014
15748
1594
11249
81498
60477
31470
13413
27750
96915
37342
77906
3846
33664
90033
79261
20704
8561
1688
89307
25116
58658
4444
65210
6299
64652
84528
69449
11121
6434
36741
18024
18207
14612
45575
13971
79172
59659
78141
28177
55723
17377
64301
71973
13389
68149
7062
65439
98963
1093
77942
53113
29630
92716
61435
23667
54816
11292
99402
31574
7044
30250
65049
37595
41514
97098
2753
74726
55445
94050
9314
80811
19727
69074
93793
38218
88596
18299
41312
67527
18033
66993
78006
58140
71860
8365
29731
63187
26047
82325
28583
96634
65702
77225
2060
17444
82233
63205
19800
89643
99534
11866
65409
33494
92078
30875
5723
81397
29493
74939
26148
88230
76453
32746
39258
81479
73603
54548
51829
53458
76688
47004
92936
3788
17429
82309
48060
9937
61649
98395
50049
56852
75028
71689
74875
47495
57892
24045
2683
79484
53077
54389
93885
24088
87934
29252
19382
42573
33622
4554
63624
77625
6745
55579
30970
36115
78812
85291
37647
43940
48276
99527
78937
70527
11097
25586
48551
50620
19407
12897
64240
17014
88218
86362
61496
21860
74994
16950
62351
36329
58323
52277
62876
77860
70075
99451
90650
36841
15629
47068
39722
19440
30958
45008
66504
43668
76038
70890
30323
26487
3696
53669
13129
40906
61112
51233
64368
17383
2308
1899
31199
35590
76462
37583
26645
53208
59488
38544
90253
59626
87589
89188
28565
8423
38126
64603
41681
81098
91761
95026
27765
86838
33011
88544
97156
23569
84897
23011
49393
12931
58378
51444
44947
22556
22239
7230
21949
60965
12644
77537
42823
44315
63740
69327
78766
37778
32380
59223
43198
1038
4755
23572
30539
64866
17817
4548
79035
70856
99772
51896
73661
99796
14695
64451
58732
41745
41608
28452
38932
49894
61628
8252
94938
84415
64036
85816
55643
96827
90839
45698
51642
43943
16697
19806
64466
64173
27045
5198
20228
86716
32505
49958
11411
15836
57789
19779
35410
40323
24000
69086
21418
21482
13682
90949
23148
97089
25516
84601
19105
20524
96528
45359
58149
4181
79072
63862
69565
21100
6308
98786
15928
40952
6131
53132
34449
51230
28925
73389
25486
38074
67664
4892
80985
82679
16785
5066
46296
25980
44437
87211
13212
20038
68720
72168
35575
99857
37363
290
99280
32883
7752
56662
80716
31366
68119
93113
96012
29355
89441
38453
36011
2680
95313
77524
84360
30900
18064
60334
6525
99509
79166
64805
36503
33887
69062
52668
93100
21933
10889
76026
59549
93595
2378
55893
11078
11313
63370
86728
83539
21964
17231
12983
54838
70621
63245
23389
5036
95514
2921
22654
48633
32093
52720
10755
99177
4288
38068
88425
28760
8689
73127
46714
80442
4328
24216
82422
39399
71055
50562
60291
16617
17365
50928
46384
34247
47928
65522
87797
76609
50840
13874
31376
85312
96155
92252
55
5845
30500
2326
43903
7615
19147
86268
23127
29099
40058
94251
60611
8063
76066
88297
21064
45984
98957
25300
68290
95044
80787
68552
25525
81189
81580
9119
53217
98209
17853
96872
5326
84391
58310
48804
89554
29535
78507
7984
90912
76444
21741
87955
48234
58191
82789
61374
47028
36756
16483
13730
35911
41028
20417
18863
9049
31235
16272
23783
17277
92969
41724
32822
50513
81638
5155
88871
46073
20920
48182
87497
26178
60578
56601
59095
43415
7001
26200
27625
8909
50736
34565
47464
40003
70438
84427
88239
27958
29596
49607
52289
74518
6357
52976
22803
55076
38221
83222
11933
43607
65253
19910
38251
21155
81894
13810
35840
66593
19318
25239
12272
26432
91880
74823
61994
33417
9717
44593
14026
60706
95258
53126
32422
6373
12818
67154
34278
27906
74311
90983
2970
73093
87482
16361
17951
14664
71570
12464
91605
71067
29172
60145
82187
28745
28315
19495
30442
51169
5973
3147
58838
4175
9559
98710
35706
89386
77277
98151
14356
54896
26346
59043
85553
85868
77283
96079
60117
58051
90156
77979
26508
1722
93314
62635
92600
77555
81510
18805
82316
34818
6128
73276
32950
32895
9672
10788
64057
24848
61451
83118
5332
70411
8106
52103
83683
22761
90088
56876
87983
70130
37668
71717
74219
48401
72135
11512
82715
79252
88852
98743
483
10547
55939
78702
26514
86670
42206
16260
53855
99570
43317
63752
44419
39341
5271
41272
59470
5961
59195
20163
51670
72260
40110
66980
46045
123
25229
74961
99466
79621
87684
31559
7709
88663
59363
47193
94230
49469
16334
3089
75474
21775
85056
15351
2710
69489
77170
74109
66810
26551
60434
53406
45035
5500
14832
46192
29963
53711
81876
33860
76044
42252
6611
68293
51508
20609
4584
8143
58744
55256
20026
72837
38468
20344
90558
3556
8188
73179
12912
28345
57172
27457
12552
82206
61316
27756
60154
72266
38538
57828
18912
96616
49042
95359
10538
44867
99128
20301
30402
93784
55713
83417
77356
93488
81110
17582
53412
88862
52414
16858
13834
35138
35062
99158
11915
58204
57218
66819
93351
45334
97349
58771
40433
6461
19733
36225
96674
98996
50742
40214
98124
83042
91364
74222
24927
49109
12415
19202
63193
35499
57389
7392
97535
21708
89054
5127
92109
8127
90351
47620
62150
45441
44938
60621
32520
81733
79181
29954
26606
71869
4844
77503
91587
88996
97333
80201
62092
33649
9415
38923
44779
81748
64646
79325
61332
68155
67429
16965
49994
65311
34299
58048
58423
51813
82932
59879
62558
85499
56678
22309
40394
78660
12299
84668
44703
15485
1734
71378
26029
49067
18256
26755
69269
72043
64118
6458
69837
13358
39683
55774
94425
65842
11673
20945
48496
89917
65827
14264
46460
49335
54416
15387
23963
46106
38971
599
27433
64679
73569
63373
46210
77186
99253
14329
87128
29047
28608
91285
78733
49369
95109
65177
70215
9064
36637
60276
54249
90217
54197
5774
66434
1841
58014
9922
19416
8173
647
59620
71903
85370
54911
93030
27317
18888
19022
11228
55362
47584
3803
57902
21216
97632
67649
75040
36149
61808
44309
84656
71555
22730
9000
843
15680
23090
26093
48356
68592
3287
94623
97773
4941
3916
62214
79477
79105
67270
95820
50992
7407
60032
72492
13282
36692
83765
76719
87082
63083
39542
69590
32770
38477
19941
76807
61658
53650
47541
96494
79389
26545
39646
16059
24592
54581
41160
98267
39405
80536
49677
12385
40867
35450
87266
81617
19928
91947
33509
10462
91498
15564
70725
28025
95505
91132
48472
40445
61020
73969
24723
50156
15494
43726
61399
25174
44712
37742
1816
45475
29786
28269
38657
80292
39533
12546
66092
29056
91620
38920
56714
29062
65287
91810
60462
61506
38392
30042
12446
345
93339
52823
87098
61521
83237
93610
10199
24332
9958
7206
16895
98029
92008
60209
57087
56321
11899
82398
96457
8359
22934
20463
940
53577
76743
88047
71348
58033
11857
76902
87824
43085
44620
93866
53513
97507
78278
86500
83307
95771
66871
15131
71473
33756
78196
70951
85160
99054
91321
56775
97602
35145
65168
86939
30420
67438
58689
17908
90900
33005
90757
86915
70572
39304
31489
49631
76188
95933
92771
92508
30259
5091
69410
779
11390
82346
96024
52659
78602
62995
62452
73465
9034
27887
26111
9443
47056
50477
88178
2994
9308
87070
12757
51536
41675
38819
81946
20902
22736
31446
31492
27988
69889
51182
22913
78531
39847
52475
61518
33588
49833
63642
72522
27991
65079
85459
50675
20459
46756
69602
66578
71125
93848
26401
60688
19825
37082
86304
8335
31049
95261
86545
24866
11429
47703
7679
25284
37980
98359
36628
60267
32551
63236
50089
10645
86204
16724
89652
43284
96747
4627
77585
85401
41611
12739
82724
99235
96885
44520
55112
11023
71814
97956
61710
90732
52350
42887
30802
81403
11066
40842
91813
52118
65998
97876
74787
32239
89106
90247
71872
22446
48087
568
81965
24051
92020
93818
15546
43342
84406
92197
1005
80631
79902
86689
74161
93909
34351
50815
44977
58713
31968
48270
83323
73292
89127
62574
50699
84095
54105
53553
358
83851
15723
75327
90854
30192
21369
62922
19196
77417
92844
69999
2936
49775
19883
91309
23615
58893
7959
63886
49964
90448
41938
11368
61774
30216
3245
23282
72977
34708
18580
5216
39777
38099
70057
7316
41266
62204
23902
34363
19336
32685
85853
2729
4929
28156
62616
95215
76075
29752
62067
45905
11615
17466
30738
3330
77656
95423
81070
20579
79441
74912
11716
30021
12284
86344
4374
98072
31586
78400
69114
90781
3562
41056
47074
80497
83570
55976
71521
68525
13273
52176
31824
34003
65094
15876
64017
86252
2811
10355
1883
58979
79511
70398
33704
51328
47507
61768
5201
79215
21189
61896
17118
3071
50937
75425
9226
95414
57105
40708
45545
39365
10737
85239
60077
97886
86481
68625
7471
84083
11042
61249
15229
37577
25669
47367
30924
75889
15632
21393
77466
5356
27829
89155
48469
47419
44907
69559
88715
20173
15848
55420
28116
97709
58591
11371
14676
36161
97831
9467
40592
58677
4529
41898
4239
48789
14240
76999
49033
56193
71338
15183
2955
27546
14365
19043
72083
5527
66462
86332
9079
29371
71518
11988
70667
99891
49305
81162
21225
16349
55982
14316
71149
68491
3608
91785
87601
80686
2543
30784
68110
67087
75913
36881
17566
45554
49854
26984
48301
90455
94675
18003
71808
5646
34513
35334
52152
14423
88022
40247
51752
910
87729
79777
71256
75092
13221
60773
59571
28830
68454
24491
6513
34668
2732
34308
97120
98527
69715
20102
45163
3812
76642
12974
59717
8118
318
53638
56656
70456
30774
92423
90134
40998
92481
34092
1575
32209
66144
95118
68055
3895
47251
16761
12778
2717
86405
83805
98182
41996
64298
30616
34479
73835
86371
50870
65052
56083
69108
85932
76142
31873
10624
67304
11152
78742
25156
68546
86057
12787
49427
16309
53388
34534
36332
96946
67716
86078
82862
91736
42185
48664
81342
11701
86216
59821
34748
23063
61066
17084
78895
85761
88364
23176
32981
42991
29847
40143
73075
78974
33936
66288
2942
33689
93122
93686
33915
13312
63224
19523
65369
11142
74021
33115
6214
3931
44550
70105
90964
19678
4029
32111
69278
52576
49412
95234
1456
26252
47333
46409
58356
53745
39573
873
25544
7483
28162
6012
90806
80127
89689
67109
20841
51334
24012
68039
85026
26313
11396
51148
87021
22876
6626
65952
20933
40680
43375
35969
86756
6861
66361
40122
60001
74720
34845
42750
5909
15149
91221
2894
63035
71500
35218
71454
83494
11133
19813
45456
50065
24946
57660
30155
93366
50577
53840
8973
30011
13968
48420
48563
4331
22483
60459
92099
31983
20011
7453
60383
95032
43128
95597
39283
15793
54719
31699
1832
95670
96204
88917
58854
22638
91272
67997
74372
92496
42795
3663
39499
70173
51801
17939
65000
43110
19474
24802
51658
6855
3840
65534
36829
95087
9134
77775
63846
33353
83039
23206
64560
19962
47016
50306
27228
89905
7096
3962
78052
30277
96595
33478
50873
31125
64371
94916
10691
71387
93976
48487
65574
56440
38382
82355
71930
25684
83072
17542
36051
69983
64530
53092
36661
90275
89368
80192
6907
89701
20987
32609
97861
38358
85737
36075
10401
66297
7236
74704
18815
94791
31751
32178
69761
2277
58664
56934
64539
59275
53998
947
29502
38733
2622
4075
17579
75959
20887
49000
62870
36713
86521
2805
99958
91214
98060
68140
52860
30549
98118
73536
20389
37620
48710
97999
7972
2500
87430
68079
46503
97193
13938
45835
57038
62851
5564
14170
50190
4819
79343
39679
40262
86780
74796
90391
56022
92734
80738
99543
55555
21552
86603
36420
93766
82547
13056
74497
47992
77649
73932
37116
49381
95496
94773
26786
29801
99042
44455
51096
45643
14655
5597
19288
44678
94721
64933
40308
56003
90165
8915
76276
17212
79993
9211
30396
43152
91712
8631
53605
2240
29429
2338
50205
30719
971
22669
53156
75416
42740
95746
11338
63825
47220
59833
25400
39060
91926
34913
95405
23530
32969
25953
40619
75702
99207
2796
2555
59385
93650
39176
1322
712
30423
47687
8851
30179
92054
26038
95310
57700
77875
64393
82798
31186
75141
26072
24463
27051
22049
90626
40403
27485
49143
52143
16868
20676
35630
95566
96848
54618
84162
8417
63498
4038
22190
43702
53303
86326
90497
3434
48700
42008
44254
7779
30640
85468
33375
93717
3757
76105
45154
12369
49747
96589
89866
67359
89423
30057
26297
52762
3013
67801
40885
61738
3370
60816
75928
88035
96409
93985
49643
42542
19135
68744
93586
6116
35999
67707
59479
94526
61759
52216
33875
28357
58252
52842
8393
53281
89066
58555
58298
40580
66022
12259
62323
12433
74415
2631
29313
48099
37513
81534
73594
31980
27570
99366
72355
65421
52030
96659
47559
47486
68781
16663
89506
48069
80710
39463
85044
27662
4648
7895
58930
60166
21128
66706
4090
86994
1258
29642
37446
40510
23588
58439
77045
13242
4535
55582
9653
1166
62177
59553
77320
99622
21052
6171
91626
43586
61356
15210
43564
75992
15412
57856
62256
57197
96055
89469
56037
76572
90909
12726
74094
80005
60315
14054
90998
68873
23725
80427
67402
3660
83881
90973
42215
53241
4657
67032
34980
52314
56452
87235
513
14786
39618
65192
33610
83979
30726
78522
76233
54319
2460
33960
40769
46375
14075
24814
49079
61142
68070
41340
88331
53437
3623
69623
17798
36261
81019
41181
45655
97806
10727
72596
37424
54593
65122
74808
39152
81025
1996
87473
87388
77744
40464
29780
7581
27063
51279
57331
98734
78919
10572
31513
39335
54096
41523
97416
29581
80954
22425
96140
71790
83579
94172
99747
18732
64496
77714
77790
59104
75220
56812
41880
88120
583
26304
38614
81855
1502
59000
61039
15101
30240
88703
3763
21607
73725
43299
49296
71991
47138
66562
44098
22596
79148
68897
17969
65156
65543
45719
89628
69184
52869
16160
57850
18192
81910
14283
95398
55109
45859
93415
26911
77369
84824
602
32444
67112
87409
60239
65732
51877
11875
4783
17109
36204
5613
26908
72919
82593
93226
5707
80091
51157
28208
93192
77961
4618
97388
5826
72748
44199
37040
35425
50849
20539
84736
92759
63132
8808
42862
6727
669
44571
93528
42438
41947
98923
79911
14579
42707
77253
82200
58939
60428
51941
99393
77347
47754
93137
36133
34733
21998
78132
44205
46512
52060
65665
45963
62314
46335
81550
88413
25889
7947
22223
18104
24793
90149
70746
6266
40714
40372
48163
7172
24952
11356
41446
49845
56620
10706
93152
43989
10019
20652
72754
53269
85843
27234
31138
10813
54850
59665
29307
74323
62916
10029
14484
20585
10526
43680
46985
79868
47916
97626
2985
43787
30124
33985
46906
56266
38437
30558
71827
525
68210
75629
72773
3132
2915
49439
12516
19175
6162
18796
26664
16092
6418
8289
16126
64704
65943
54059
96543
71427
428
21692
68485
26563
30341
55283
4105
23450
46882
84766
16269
79007
73578
43693
39487
4603
63535
45493
17069
58564
16108
83759
96488
58918
22858
50113
28440
33768
93970
92994
26328
95017
3064
62726
71540
96302
12531
72944
16849
3449
9882
86295
74863
94010
11631
22498
97364
1188
1261
9244
9256
45868
67615
19117
26063
57450
58841
81211
300
15436
90281
92066
77405
3425
34440
87113
71406
71949
90702
12946
58381
89115
66587
76798
20960
69910
11310
76383
73209
99222
32697
2067
28666
62891
8948
46659
41037
52036
66117
68003
12424
16630
99292
25757
6086
93461
93705
66855
25342
6739
45362
36579
22846
80115
51023
65040
57062
82639
54722
61051
22352
38755
56485
21766
62647
15220
8167
22373
96149
31534
67838
28846
15375
76014
14252
85117
27417
28058
23505
90061
34760
85840
47162
37739
95054
144
9348
93561
49881
12024
10743
76493
5439
85471
43805
38297
35160
43573
6534
94105
34495
39945
51301
49173
23310
24582
98462
49576
61536
67902
21259
20643
61579
23453
63923
63126
43531
72788
54072
19156
76130
47391
39670
41282
89267
67292
16373
1963
91398
96097
83674
92905
13694
39881
44874
65360
97358
87613
13041
35538
7
65482
8866
97266
68250
57911
54169
44529
53000
88105
53724
36603
620
40738
88944
91556
4490
92551
12064
39036
45057
63315
1304
10065
92215
82383
12327
91095
69962
14600
82270
72822
84137
95362
59791
26877
48948
82047
54700
29453
40629
92179
58216
32465
37876
40607
54999
27204
85895
5542
31104
7877
69953
60535
51114
94346
85828
70896
4676
91266
2176
5866
45261
78959
24643
18189
82456
90329
28336
67554
9455
55732
92
33680
91343
27149
92893
44843
54569
68885
71735
46995
2002
63093
99213
78266
22104
78452
36292
85358
92447
53867
94361
30210
13443
15851
97428
85608
50983
29899
3391
2128
57132
7255
64847
3998
25852
1203
82920
36969
20734
46671
20185
19013
46161
83451
7416
91022
41489
60636
70441
98441
7822
22019
9855
29526
89231
1102
17350
71503
45148
11255
7547
13511
56992
19645
4368
13709
84476
57255
63709
97907
39838
25995
28187
51557
88273
27796
79639
37052
35361
73887
78040
11991
760
54902
40748
72770
86582
48374
6959
72208
24515
56135
13199
83637
18622
63917
46265
72294
58408
85926
56553
17402
11558
99576
59733
44895
49137
57840
99103
10041
21720
82602
66398
81568
68375
9794
70279
33252
21302
12104
10959
54001
47281
57163
62937
68802
20624
52924
80466
77915
83396
91053
80399
25821
50409
65860
86847
73789
51426
93436
96348
59418
22812
83469
75940
49204
1941
67020
78611
67124
33286
39765
75547
82670
88099
9147
23166
19999
13309
35190
64435
33057
63999
21659
25962
74308
45099
62760
64765
24207
64573
21262
37244
89225
38147
55631
83750
38782
65101
39563
49119
42533
40668
96512
58024
77842
33484
53150
49659
62479
91312
39856
48362
90296
29282
3031
96470
76209
84992
82963
67374
87162
86536
37323
13913
55011
79651
21320
62967
93729
49228
78248
70316
33533
29651
43506
24897
49909
97242
88801
27247
11750
3507
48938
15653
42978
92389
60932
90687
46854
25535
88517
63678
73527
33326
88251
84577
44959
96644
88724
95987
77710
83997
5555
1783
55826
48771
76163
38102
1554
13755
27524
56748
31870
97138
56766
54465
3223
99994
10038
6339
48298
60950
31428
8936
93146
80225
38517
36103
33976
9424
7856
87177
49021
59345
75760
62790
17148
8262
18900
83716
43143
16037
4743
7129
66849
60767
40967
74643
49158
19275
13828
66059
68393
50593
96909
82166
2643
14042
69877
28428
76761
55515
66388
62583
41300
70368
26453
21955
11112
26105
97376
64484
29004
3885
69477
16184
90433
19233
21210
80018
94877
80509
51975
51951
44602
51420
49717
63529
71280
78568
41761
49326
31763
55402
58475
64832
34141
47425
6498
1410
40152
48819
86316
53522
20511
46277
17722
76969
33719
47962
81553
27216
59302
8606
45188
14795
38578
1655
3586
72907
16404
88755
5402
19095
50824
20078
23603
2607
75358
19547
81669
95221
45939
4136
4493
14213
23359
55182
31690
70099
57529
81299
85532
24579
79746
30835
78336
61002
64625
92832
46180
57770
2579
7377
44788
28693
74988
21009
86551
53657
92945
7908
43027
47663
70994
97764
24695
38526
48826
92267
76160
30375
69697
72696
6687
77573
22202
57584
84150
87656
68998
17643
92435
41132
15162
10099
92643
8695
98389
83799
61918
86289
44275
85572
50654
10212
87293
33280
45533
10398
24885
36893
8552
52335
17704
96662
33863
59202
32163
99589
16120
83869
94956
48209
47626
6040
62186
72568
22754
14771
50348
38059
12616
309
58954
37180
89878
44172
21149
13773
96082
49277
98377
6366
69520
72483
85447
87320
73856
87876
2417
18305
22391
68909
41575
89563
59995
49216
98905
91086
60877
17524
89640
94156
73481
37903
12858
42759
20923
8472
72062
83
18598
94809
25986
62519
82410
39789
65119
54062
36155
70542
91013
78849
72220
58829
73929
33545
54435
27256
57712
96555
831
63590
86854
12882
57233
3489
25895
98881
71009
28031
70633
87281
42893
77732
24112
71668
92478
66642
36933
67289
28965
64078
97818
42627
13233
59751
80698
23737
34766
24524
58695
83188
54883
87897
10923
26578
63746
27540
66236
16132
36344
30353
28278
85489
59598
56251
16544
32938
42118
81418
24854
52622
49708
24543
10129
77295
35261
46311
42551
6189
15232
19697
49543
11103
49872
24625
16169
84369
5671
46967
43924
98932
85593
12961
94416
33030
8301
17139
43421
74585
95167
37110
19620
73679
43442
85068
33188
42725
44639
62464
22898
54398
64789
81693
59916
46625
25507
45743
52323
46329
41544
86783
59980
20405
8811
15464
13163
5695
5936
28303
70484
72443
53953
44083
31565
64985
73710
21876
55878
60721
35758
9162
77982
48658
67728
27735
47785
85261
99289
75458
92347
217
92661
45463
53803
16645
20633
24302
56916
98664
53223
42841
23801
13535
14856
33173
89850
27140
68970
26398
16736
27097
72989
33902
17731
17457
26362
33048
29291
3171
29487
47828
36185
20295
86948
39219
38001
49589
28629
9156
93387
56461
71222
43070
44834
34025
34073
3196
28098
36445
60834
48020
84708
8844
21042
57599
89145
5607
60187
26798
61716
31705
62833
69944
83191
34202
38694
54926
83542
57059
12848
1975
46735
71845
87357
77033
84556
60593
65018
48594
73249
44819
60700
22822
22962
56498
39560
7248
15262
52543
50638
2784
55948
59025
23868
93235
461
87757
36356
62540
56708
68348
82416
5759
91077
68683
86005
62385
45978
80628
18720
4905
21616
8039
83210
9766
62296
42838
88059
51566
32547
35550
78290
97016
80277
96686
76395
38239
4810
77811
88089
80045
33039
92917
59501
18442
44693
63859
12745
19462
88776
38501
94822
35688
40790
51963
99302
4169
96610
91825
62845
49811
76587
248
60987
78547
74158
92801
63419
17612
51984
42856
90745
62345
69550
34376
61381
60373
71204
79407
62742
52643
31608
92130
78113
88468
84989
44367
50168
51200
81702
85096
50055
51703
41251
29816
59089
50104
50293
82807
27979
14390
9867
33127
86625
9403
40412
10090
58399
90812
63465
43473
19291
46396
96287
32816
82502
43003
72513
22336
18274
10141
78867
44965
82282
55881
11799
90510
18543
47934
28126
1355
43305
67447
56272
4438
84302
85090
44034
57703
64759
67688
17078
39951
49939
35251
4868
76420
17002
75071
76526
23136
17130
62497
79130
40513
94483
7102
63111
72080
63941
94834
51294
99311
99616
52585
2213
51737
88743
63761
74845
19071
8133
30362
72144
10492
8445
90632
88840
6254
3614
29874
23859
4419
76319
48990
74387
71189
15253
23478
45801
10370
79056
36680
45756
93342
46836
81308
71024
4822
97593
62290
23060
49256
25727
14148
50608
21247
26890
38404
43223
6791
2564
42344
78678
87519
78681
23844
12406
94703
75516
20255
37912
73163
29160
68442
44449
28599
45621
19837
75617
15577
58710
27555
7029
3745
20868
99076
37763
32752
26584
64148
58008
36030
90235
95835
71363
16712
5951
73230
60846
34681
30387
68046
38199
11735
40699
21326
27002
18705
79245
92695
98835
32789
53354
45609
52988
91794
24451
702
78666
92392
65030
76114
18570
23768
90403
18320
90122
88306
22382
24225
13077
5079
2475
23798
27472
76374
63337
59855
75309
10175
50962
65729
83179
99939
80457
78772
35975
56901
73026
15070
34995
12339
61136
59763
61561
45527
54639
75785
63517
35386
10587
93085
9379
19538
43
86106
1386
34964
70160
1865
75089
92032
65809
98221
59449
86677
24180
31171
74292
61158
30140
635
11756
82465
65448
10444
53623
36063
36313
31901
39899
22776
18152
99869
54029
26474
47596
62119
70023
35053
52045
93183
55710
97446
82816
78351
4725
83902
90485
98899
63715
16709
39121
57621
72153
42872
97440
9235
42026
66602
91105
97126
92710
15763
53614
77500
23380
15891
17203
45682
7627
49689
54218
75245
10477
92878
16462
25028
52082
27332
8249
2512
57013
79926
43485
59955
16874
6803
50339
58170
49006
97043
34488
16315
58863
96961
84061
34827
59568
55485
72312
18979
53736
22507
2884
87183
91889
50766
79728
95859
99390
67600
37751
35950
68171
57544
55457
22120
9647
48679
69455
78583
85190
48194
38303
87244
42359
6580
6635
50220
28782
28806
8219
26233
16321
72584
34696
70206
49500
37610
86164
2976
87766
9101
84232
71933
47577
23212
58490
9787
81055
28077
82145
55927
81080
20972
77958
6421
72736
66764
95160
81336
76691
33365
61210
31382
92090
51520
28415
20087
87046
97257
19452
2744
44794
78415
91688
66663
70923
14850
30521
24939
26841
36240
98255
36612
38672
72812
83375
79413
23273
53489
72309
25333
22693
57203
7358
55314
59406
73148
27121
61545
91245
76490
14649
14722
58368
17096
97980
63447
17222
76789
89039
20450
77921
89512
86866
25406
62522
10245
96064
87323
85621
10608
34256
62378
52897
57273
7074
88358
14512
12394
93573
6290
46131
70115
29917
85288
6812
12922
82758
64090
45179
13294
40064
63807
63294
9849
51917
69779
50129
64600
28061
47974
333
28403
84311
23258
77561
75779
76569
61988
21903
88437
44129
27930
22144
61603
91065
38807
79365
27771
67655
88193
96293
14277
51853
95685
25629
36554
34839
28620
42222
71012
95902
79838
47147
52915
14826
22407
7593
16773
39008
67237
98288
43277
56333
51890
95206
65980
5915
14066
26630
8402
26377
87153
13846
19626
99762
72889
56867
13178
35419
23597
36982
36777
28376
10203
33228
43134
31940
49662
21445
33240
18326
41395
23893
82444
91639
64512
26746
70694
23713
99064
75748
22172
4255
60672
43833
93778
64350
4474
42374
38910
42518
36438
86561
60370
156
98646
51102
41047
13984
84006
7868
3342
88456
90055
31772
55570
19669
69803
71915
52390
54972
24164
88968
89179
5427
94562
27576
54291
36979
73581
824
57724
60801
16929
79947
98542
37403
73954
27808
94318
86893
90421
94208
45945
43387
68833
32538
83170
46729
3736
37372
50629
37845
71076
99964
93073
28898
65888
24433
29612
29685
94736
80066
72403
11057
74622
95649
40757
66016
81467
17621
50950
98414
51600
55430
13349
24442
94233
45951
94642
12595
87201
71760
94385
55039
17923
48685
90003
81583
53019
60254
57407
54477
7721
44404
73694
11460
48151
46555
93421
69864
81196
15122
42466
48649
92658
45389
95875
73188
81528
9198
80597
16062
81388
86179
23044
67878
67475
13605
91449
32270
65937
44352
66221
40479
31662
44556
45118
45395
38968
71293
10251
21287
19596
42957
11942
4731
99491
57129
8378
70536
3678
66675
29130
85386
26932
31092
50019
21689
98588
21436
76084
65503
59772
75297
59113
84028
55274
82691
55243
91843
67331
46363
93808
5762
47693
39609
55842
15552
14933
77009
62546
39390
12351
80573
68924
65455
11887
44282
28367
50443
25904
10431
19608
58613
53946
61954
51438
21723
32282
54035
7288
38553
18934
99512
92356
75632
34952
29554
77765
94532
96766
91568
97190
55662
43183
86228
49183
53162
36039
55759
24186
82071
55341
48871
89679
53965
17490
11576
60895
66623
75190
57959
24509
64197
96998
65989
19184
54535
93836
12162
52378
11667
73652
20331
29340
8100
63172
96216
7688
88978
45670
65082
32154
45344
25849
5854
42310
46152
11771
80219
80301
24259
41218
93491
806
68082
12632
19034
9638
95698
24039
59928
5820
32453
62702
64164
22989
53846
70933
57776
97941
19553
80567
21576
24292
64921
71747
72452
47129
55796
55375
6922
58622
97410
62607
78046
87711
63981
34385
83780
84055
59165
93516
76771
36533
11966
40589
93033
52878
23945
81608
27787
32001
37653
20069
25150
66080
66330
69849
31672
47806
46222
52936
45438
95536
36518
34580
54661
80933
678
23118
68232
12049
82779
25425
91453
41596
36863
23246
78876
78101
14158
79661
89451
29410
40183
77662
56421
37885
75641
76868
95969
28443
22077
67511
31797
96000
55048
98780
23292
73826
95130
32868
30826
61222
27598
8967
21348
82621
19715
73459
35279
90119
19501
66263
83155
62165
87433
97559
22059
86188
20359
64448
66868
55765
23642
72028
97471
51612
39975
50785
52073
6150
35071
97468
13102
39707
73682
36942
84592
18952
47403
26597
41306
67316
23032
69022
8194
70804
66254
17985
60669
96113
67099
74558
75260
6559
84113
61268
34266
21015
78162
42420
77634
13477
95734
6446
42606
78803
90342
54764
18427
60483
54743
11289
89576
3577
52189
94767
98761
33616
53678
12146
49509
72806
10120
54175
95472
94339
22834
42655
7035
65903
95762
29035
24021
19864
35901
52247
5875
21662
52732
73359
57935
76883
64155
95759
4780
10993
38349
47202
91340
35248
27604
75898
19352
58158
8533
2353
21082
58909
57575
39325
41590
76175
45102
995
71106
4200
50681
17872
70475
83732
80259
85218
62195
69596
82892
74427
47480
97849
71283
31839
76813
17353
82511
70185
6843
10907
99198
88205
39118
42499
5448
41233
25187
12223
40235
15281
70466
1618
87946
34861
97281
36655
37626
24396
26969
80478
9388
14621
89249
2424
21628
38041
29725
74192
88990
60138
79963
77125
693
30610
61289
76362
9833
47086
51038
85257
35981
18906
17862
69034
2381
76880
41166
85175
30188
1273
48041
67533
62232
86463
94513
47315
78696
27891
98139
57813
30692
61854
89258
99872
34806
44108
73758
77018
17609
47190
30945
29450
46933
92725
84110
34675
18439
51523
54947
27198
44736
77118
9174
94758
68189
82483
21232
81775
97068
58225
54554
12491
34632
87302
23154
35773
91959
29471
48026
79297
36255
90928
4975
49192
81977
42170
39133
60999
70652
25269
26420
9610
9266
39795
76301
27720
24076
95926
57300
48606
84641
89490
82648
69507
77396
1243
64356
9696
67948
54862
6476
4712
6199
24231
90192
38282
52567
35746
45847
69666
42273
42392
76261
43638
35608
65839
64716
43915
45795
28815
83243
33793
35819
95185
75950
24329
46549
56922
40772
54783
5246
66276
47178
97272
49802
39695
32840
86921
33442
22529
92115
36390
86091
11567
7279
54752
76246
98069
72706
32566
27408
39164
19257
92869
98725
43882
13718
75571
81247
15806
58982
91938
78580
39457
72364
30262
48121
13547
2283
16639
49695
8738
95142
89856
70231
96933
32395
33088
35618
27845
54239
18528
23221
66456
98942
57221
69977
66984
25477
20395
69199
17319
75348
9910
83899
199
41663
30628
87543
47812
4007
29828
98493
56049
7300
30976
17322
39316
46879
52094
32526
29935
48978
88404
17182
68406
7660
81083
30903
54529
61277
61796
64139
40650
38718
40287
92853
81983
5512
92377
90479
54377
53446
37812
28913
79935
49982
87864
37259
88163
28657
26960
49051
25779
7016
96366
77146
47352
71042
7718
63691
30143
71308
25498
23545
94269
45408
76670
74396
66135
18369
88501
20487
78071
34180
34467
23026
983
28086
73865
29676
86429
66181
2189
15992
14081
76636
61075
96039
14115
69419
31016
74064
4297
41068
42017
5182
39045
97315
89200
49823
24369
71311
40793
65555
95551
27298
73002
15784
38703
54264
70649
76557
88480
80753
48926
55869
64502
32630
9592
1343
27646
78486
37070
26688
37488
541
90513
78345
68857
5268
95829
34153
23075
25916
59458
21427
58500
63831
64911
42814
18558
39966
28855
20231
69388
33774
2210
43180
7917
84778
35895
37940
35877
69230
41367
60404
67054
79273
5167
116
77085
91150
28141
61698
80616
82575
52594
98533
54279
80311
27619
89023
83011
95078
87671
94037
4709
78229
68955
83619
52689
29322
5668
71155
50077
69318
31412
66428
55332
34430
34418
3217
763
78205
6589
58237
93009
78925
86451
15980
74045
66492
47049
2161
39939
59781
20377
15738
98404
49564
94391
89979
3303
76978
15537
92536
79398
97696
1313
35669
18824
11261
42673
73160
4349
30311
40928
74036
57972
3269
37562
9562
68918
64798
98172
55472
30655
85203
47880
49979
22416
1743
35312
34452
84385
88492
39371
79154
9357
27866
47230
81928
9531
35782
96161
22678
57349
2613
97175
69135
47742
84125
18088
9095
69657
50791
18516
79505
12220
5839
56791
70356
48349
63410
409
74207
13257
4209
66514
94855
89097
3272
48032
14606
69648
33695
13089
44376
92673
20145
27302
40171
13645
16819
27671
18146
51478
1777
9058
72626
37098
12653
61677
38682
10810
49769
64856
81226
10056
50641
74521
61426
66379
19303
16358
59809
96189
24537
92518
77067
20789
43555
83289
32123
73255
2225
72892
74235
44562
98349
17838
44928
40821
91483
88141
49866
91126
24753
13004
35172
79825
96329
67930
36500
76542
46665
93256
51545
96503
25162
8466
60920
21827
18772
53699
7218
71586
84287
75315
28235
25315
70517
44486
31336
53589
28321
60859
26697
37473
46894
42502
90656
43976
10553
15510
99912
66535
55463
22281
73392
56247
47739
38083
50290
15052
78711
29365
48392
72391
80109
13022
88938
43039
59141
56366
74448
46149
70133
2350
97715
78837
99759
41788
70911
86518
13956
14466
89606
57538
65473
35032
66349
27347
59742
69010
29105
15391
13895
65677
18360
11817
10633
34778
99558
24616
76291
54877
33841
22535
43079
9336
88688
94321
1063
38376
35868
30936
4639
959
92454
20322
67341
34943
48111
26056
1053
38242
87699
78156
38639
87443
55542
53299
50718
37928
98438
44855
22196
10306
73639
6693
99646
76423
85102
35221
89216
81998
34333
52710
46814
93741
43058
5137
79026
40729
22468
40522
97483
82026
8881
47095
95441
64390
92228
65622
69260
79603
3159
60413
10935
59940
97641
1398
76359
54859
26020
67463
94248
76255
38865
9296
15516
73642
84748
71470
20743
30671
78098
62974
58515
75770
57419
44166
81782
4148
88791
13736
5808
87839
14570
98194
95804
63422
98292
71698
54188
49595
64048
77488
24839
15043
85679
93671
73945
44422
11405
10373
64896
21637
52790
84461
23932
20139
21106
22260
34858
58817
8872
60062
20286
10349
9961
6043
10422
46631
96439
13038
62668
54642
86149
25037
39225
46619
43998
28733
79313
54969
90534
16568
70829
71232
55918
74085
22098
87058
67399
3122
90821
65766
31275
77729
67795
84787
56150
54505
6547
7132
80485
39072
16501
56550
62021
16
27369
47565
37024
37970
28907
28580
97934
18479
77808
71250
67820
98145
41245
9876
73502
50092
69794
71595
88004
88929
89887
62415
97526
6977
52015
52140
33811
62058
8545
42780
69159
51047
25065
81208
98865
40983
18393
43647
37198
38022
25657
40455
37278
14310
20896
14243
74955
69288
69043
23105
16834
47382
2845
42426
85422
49735
67386
67185
6070
31226
29764
98877
2485
98975
69858
32776
87369
18055
55607
69672
9018
59885
85804
88483
34922
27659
36466
3299
18879
85724
7749
91511
88627
6916
18693
82871
71778
77439
93393
42121
33967
60059
63065
52530
38138
50901
81287
17652
52723
55802
94965
20878
46763
45585
35093
84672
69571
85785
41095
90467
58576
31269
44999
64890
87882
92157
98823
72342
32078
22956
67258
46430
12504
79758
68418
49799
20047
42405
37998
85035
43598
85776
63480
13669
33194
36835
45765
22318
21756
76053
82105
85706
74698
60929
56443
5991
99170
26764
29075
44642
91965
67460
33826
56501
87848
75672
26612
88019
72690
81769
88074
93262
59632
52439
33332
64332
94086
48575
86655
52509
12085
82245
28986
19211
57374
58115
63956
8652
95008
57865
45130
32999
92542
36860
70069
88324
51398
42569
75373
70719
52405
72199
93305
51679
14136
85123
16080
95942
31922
8017
65265
46213
43879
27033
73215
69816
79575
70148
74949
48249
94928
79584
74857
83698
80359
87525
6226
27289
70014
73874
23752
76923
88318
14689
10285
79496
50663
5796
67029
41718
30005
67731
64255
19785
80762
55433
82688
67273
16214
74247
80335
72632
8494
15683
26499
97568
19935
50275
23429
57993
14548
64316
48108
19489
41752
73035
6272
2265
68778
54459
17258
85660
66721
58442
56522
89496
64106
35434
8317
66318
41849
25376
29996
24009
63056
66123
52292
13782
45823
27506
21897
80549
70862
87378
56183
50428
78983
41648
78446
8201
75809
74662
89042
16086
50705
58762
8231
47846
1215
4114
74289
21528
23639
34546
31067
99482
239
11463
25358
33658
34910
45789
28196
76911
10456
31614
16196
48749
33893
94895
82926
69611
1795
10672
17759
24741
71894
37949
64698
66340
86823
30088
65787
47632
73240
60093
92829
74076
32016
21116
15326
34113
44913
20112
97919
81366
1484
2106
10972
89319
95282
91239
96003
60868
73984
34083
48536
93409
85615
13620
52695
13749
13868
47114
77671
29026
72959
49943
13099
1822
74265
11237
80808
65375
50977
20722
22925
2402
88138
18943
59910
87851
94211
43042
43519
39863
93061
66196
56098
27515
50239
2158
35462
98755
78324
9513
69242
59513
31312
28519
11344
54490
85273
93943
25928
41922
16681
50358
99024
22452
6312
11435
53425
33555
15607
41819
4319
59525
19065
14585
66303
88678
21595
85322
74616
73920
48856
60541
40342
6382
62775
3455
5533
34784
84549
70582
45508
51749
80906
46256
80265
74433
15156
48884
82981
55323
85685
32978
23823
15955
96048
18125
93876
15342
42963
83390
55509
52360
68573
69462
41562
80082
30768
8051
94275
11442
15586
21036
17432
65061
223
77195
27393
79358
8082
56586
73780
25058
324
60553
68479
65134
16605
56989
376
9736
96802
5741
87034
68122
78638
38956
30463
67939
70038
68665
82215
83295
37122
51835
361
61637
99341
6409
90772
26001
90848
60358
8762
74686
30704
60743
17670
78086
56348
41639
31815
14188
93924
77201
80158
10593
78476
4593
82334
50412
19449
95679
73194
7535
65619
40833
30662
34730
80777
29542
95386
33573
91205
41416
82154
84440
50132
12079
31080
37958
96540
75986
7502
7889
21457
4996
82093
26243
10843
35846
59433
86951
60196
77302
75013
3190
49625
56623
87818
68796
12302
17911
13404
55854
60328
40223
34131
83582
39509
14020
17249
25699
43952
91742
96738
48139
12018
25611
35084
40851
43265
77326
20569
20319
63346
59693
59949
66526
30576
63273
62656
32319
23435
43015
13526
50373
71885
68339
98090
34125
90384
43100
67203
13675
27323
41883
31843
88642
29606
35636
16678
11765
57026
56174
96985
26206
5372
2247
3907
64878
57502
28702
20615
88157
80915
13392
93628
1514
94449
15693
85166
46799
56473
29633
538
51343
44727
20218
59842
65394
6656
5582
39820
84626
32386
32676
13566
22645
97233
17948
64243
48868
1664
94492
38886
86393
47236
47883
79209
25443
1902
38599
72016
16956
62009
44809
44016
79954
75666
44764
75205
54081
82291
75971
37266
17975
61847
18583
93055
32306
56357
48755
38111
5225
24653
59812
89338
12244
68616
84223
70942
98047
89933
61905
72965
474
49375
64405
35923
39527
53922
79978
70328
9992
74640
2903
46067
67145
55228
54047
98990
78318
75608
13923
32139
15720
28837
15882
39298
22602
22547
16456
17304
25702
1923
86817
62421
91504
67505
37458
61219
78788
86017
39515
94974
39652
14396
80149
49286
14036
89161
8960
60792
28293
93110
76133
54325
2698
70905
60044
92588
68192
62305
37687
47718
81232
36530
76755
82850
27683
4273
2533
95792
25132
83448
34186
30298
52009
65232
84888
36564
35392
73746
79841
54352
1981
59498
6235
10233
31943
22
11902
34046
2860
33204
22584
14371
32844
49354
90867
31959
15705
91373
72126
84012
78373
13209
32349
53339
62436
91031
23465
16202
4059
49558
80405
63453
31727
50382
24976
87571
4834
1752
49540
55292
35303
41953
35108
16443
41453
1297
66489
32645
10074
54133
16742
858
13321
66248
38749
20838
96778
81272
41462
74766
22886
45875
13791
14097
7667
36490
26868
92627
14441
94651
44391
13068
34659
40119
42331
76844
57361
18921
18119
68357
63797
31858
44986
81513
28943
11643
8716
61106
81803
28541
96381
76514
85648
54349
9726
38315
50589
7816
65381
43732
7572
40192
4963
37787
77332
5985
266
52805
36423
17768
99085
67582
44156
178
92029
33097
65299
90931
89750
63978
50556
64069
97202
68699
47306
73411
88288
10273
4935
37229
66089
48176
81870
16999
52942
86988
36246
73514
41193
60242
97965
13462
37851
57740
29343
42292
95893
97757
65564
99784
63355
10221
83918
69526
73810
2829
32105
94666
56897
85007
6986
31788
72178
89527
26182
11689
75962
48722
19852
75467
28876
84879
36396
57074
45923
68735
25739
15098
46448
24485
97782
89548
86112
18335
78553
65745
15983
90525
58606
29908
75522
65812
7999
30289
78296
22129
21543
50486
67215
7435
61091
24122
74903
25806
87015
57743
85758
110
94993
18662
70289
20856
47605
39100
93442
11210
99659
46283
84488
35566
69397
75599
92682
9577
38630
74833
61362
87565
98795
67826
52759
23835
41868
1569
23685
85953
50806
11527
42945
23536
40207
73346
21372
35300
52262
43168
54368
23658
94990
83069
94608
69175
8982
12766
34528
7303
38843
57642
79542
37153
40552
15909
14878
53367
35953
15076
71418
51252
80246
76679
36585
12681
15006
74054
39747
73325
83722
21888
57395
39209
32956
34168
91181
58729
56202
63566
83429
98911
58072
85999
42685
25004
27173
45066
55353
17515
78626
41694
42313
81485
79615
5628
66926
50324
61945
5002
68308
59183
15870
94373
61558
81882
65278
66788
63389
38776
66352
49344
84513
88569
12452
53891
6666
87079
37238
79453
12262
19007
50248
57682
83506
87735
79429
52225
8680
67969
99149
54709
61292
35376
10682
69358
