3936
606
6428
2518
5434
2581
110
5643
4582
6460
3814
554
5622
4469
1028
1307
7844
9390
9634
3508
7035
9849
9698
4863
1475
1586
7621
6788
3325
9039
8616
6659
7811
9525
7973
3187
6904
9585
9315
3983
1861
7226
5210
811
4974
5712
434
6597
5452
4352
8519
6637
5778
6827
6377
278
4007
2281
6802
7018
4601
3461
8141
7058
6244
612
4118
9629
3655
8956
8749
3795
5826
1897
1189
520
3739
7831
7545
7717
8395
374
4621
9664
1705
6339
8668
7586
9561
3128
1915
8202
3068
7259
3394
8640
7613
2924
2345
9171
3245
2907
7165
5790
8212
4349
5839
983
96
4264
8888
3626
1142
4882
5363
2130
2251
461
5594
9452
9461
1633
2670
9437
3994
823
1324
6054
581
3602
1484
1743
28
655
5732
2165
2187
135
9331
6365
5158
2802
1681
2966
284
5006
5238
3893
3914
5026
6993
3719
5065
3224
6838
2672
7289
5651
6482
1694
1566
6034
4274
5286
6733
1382
6085
4162
3955
5763
2004
7595
4950
4308
5556
8073
4036
3710
2696
4613
8522
3964
2688
6694
3162
694
7739
5951
6766
2494
2211
3097
3120
1644
5384
5947
4745
4389
9856
2644
7855
2783
9493
351
3419
8087
3533
3489
7898
7360
4100
4428
7745
5899
7955
8032
6682
9517
3275
6511
3763
9838
7095
6937
6414
5529
6890
5851
5342
1151
8024
4327
1348
7414
3781
5843
4784
2026
446
5134
1783
8708
860
9504
9129
6024
5724
7396
9274
315
8260
7565
4297
7069
4122
9042
4497
7124
8338
4205
2704
37
1161
8572
8534
3428
5318
2171
794
3178
6819
2058
4080
1612
9241
9910
3261
9066
3354
3019
496
4839
1298
916
6555
4228
7913
4250
5937
2294
9368
8846
5511
1661
9222
2362
8641
7491
5638
9559
8880
8503
5226
1657
7439
338
2856
6916
3197
4570
7632
9614
9073
6114
1885
4842
3474
5125
2371
4515
9990
2195
1015
8700
9718
1038
223
2914
2352
9263
7242
4136
1952
9788
3220
2040
5166
8967
5357
2208
1311
9419
3255
9864
868
4990
2792
2018
3344
5618
172
5107
2757
4436
777
293
8446
9023
4658
3376
1287
8984
510
5984
8263
4938
3903
6461
6162
2724
7680
8977
6436
7154
8679
8851
3039
5574
1428
7183
6450
2487
3666
3681
6706
9298
8901
7101
8429
5272
6960
8176
4860
5031
3748
2238
833
9964
5407
4876
4110
3381
9959
6132
7656
2770
7139
5471
5564
8762
4829
8869
6234
2065
6647
767
577
6047
7302
8468
1400
4635
1277
4313
7516
6930
6126
2847
4909
1595
9281
9254
6620
8730
1923
1211
4479
1733
6531
2432
2971
1460
5491
5752
1258
926
4370
2895
675
4524
7148
3551
6103
7009
4283
452
9379
9391
6080
1496
7030
9934
4733
8651
6184
4456
6141
2141
722
9921
1376
6392
8811
9423
8295
1727
6307
683
9659
8752
8602
2042
3862
5866
406
5662
4419
969
368
3945
8794
9051
5192
2657
9681
3972
8052
6325
47
8182
2328
3132
2117
7822
4047
1114
8779
7441
5301
9538
4192
2885
7604
9142
2541
1462
6941
8436
1901
2230
3802
2095
3883
6792
7339
7758
2394
6981
5116
5013
9208
5819
3201
9327
8589
4813
9600
2596
1791
90
6222
3548
8318
4993
2450
7992
5888
3643
9481
7558
1997
871
1356
7685
1234
3403
8686
568
7707
472
1522
2425
1767
2083
7319
4551
7785
8419
4176
2933
6582
6863
8010
1673
16
6855
3573
2331
7116
6896
4406
731
9305
4892
7291
4340
5396
2734
4501
3001
1774
8303
1626
4217
1817
9890
979
7197
669
7361
8382
8349
2551
2718
4727
9576
7464
5674
6876
154
8044
3362
2615
4929
8804
7280
7459
7349
2457
3855
9769
4081
2947
5533
6000
7578
3924
5510
2999
7776
3307
7768
7940
4761
206
8933
5047
8375
7984
9003
2320
8494
848
8405
1830
526
7901
6359
9727
1850
9994
481
8895
8595
8928
8568
166
9159
9777
9641
5905
6410
3640
7925
347
4754
7405
2567
8290
257
9169
1544
9133
4160
2405
7471
6315
3566
59
7232
7321
6663
3498
2243
6209
8123
4393
8822
992
5218
3581
784
3595
2622
3026
6720
6679
6019
3721
4711
6572
9344
1042
9609
9211
2837
1140
2308
1519
5293
960
9443
5695
1268
909
1192
9085
8068
934
2862
5704
4051
6342
7484
9917
7666
2875
6752
6602
1079
6152
7867
3317
7427
3335
6627
6748
8458
2107
895
6095
2576
9818
115
3058
6384
2772
5099
6961
4809
1752
5051
9744
394
4488
8917
5974
8367
8135
8167
5182
2604
4675
1092
141
9800
6270
886
9355
7645
3620
7943
4682
7377
7727
1105
7507
5795
6846
3446
1874
5149
2412
3293
5808
6277
1366
1540
9011
1442
2278
5087
4692
80
6298
6471
247
5176
3154
3288
8275
3780
8243
1602
2812
7967
2388
8783
5878
5467
8231
3760
5331
6526
5915
8107
1807
4953
3049
5609
9116
217
6501
8323
3233
4546
8543
6255
7218
1556
2132
1411
3677
3073
6173
1403
7266
4239
1059
9827
6780
1503
8946
7045
2530
8099
7795
4018
9679
759
6973
7085
1945
3838
232
9731
1437
4068
2266
7886
387
5589
5550
3527
5330
5416
1836
301
6193
804
8475
6213
4186
7385
2475
7880
9702
3082
747
4967
1
8490
1128
2636
9978
3873
7697
8154
1070
7204
5252
4260
6008
5266
5371
9547
1860
6723
5429
9478
4373
66
2748
6290
9806
629
4779
9185
5742
417
8017
7080
1202
6565
7172
9943
4449
3513
6548
949
8717
639
1978
2825
9238
4024
8358
2951
9110
1938
4538
3451
644
1090
268
5250
5690
9893
5077
7529
7810
194
2504
6065
2988
8835
3849
127
8198
8999
9402
1573
4148
4705
8228
2072
2462
3432
2531
1714
3146
9760
9200
548
1176
598
186
4641
4917
532
7536
5487
3824
6499
4799
5449
4668
325
1331
719
3693
1961
1990
2160
1230
5924
427
710
9874
8119
8734
4571
9099
8560
5962
1009
1250
4594
8626
3108
