1938
259
2281
1710
4741
1085
68
3604
456
3284
4868
1746
3224
3953
4273
4304
3196
1188
853
501
4423
169
4558
1509
2804
2456
381
1921
1587
2570
3661
3822
3877
2090
4852
4251
831
771
2377
4385
2078
2759
2204
3588
219
660
2783
226
1518
4108
3817
1627
1972
601
4072
2348
1730
2611
416
584
909
4170
3535
77
1230
2514
2318
4573
2408
3807
1271
2274
1452
2746
3714
4755
1818
2952
60
2991
3305
1918
4263
4618
3062
1674
4100
2336
2293
1994
975
2003
1351
3499
4286
4514
706
4981
474
1066
4921
3162
1402
3156
4894
1909
1986
4227
997
2066
4375
4435
199
1867
2104
440
3358
424
545
4503
2329
2834
1431
235
1781
527
4848
575
3423
1349
2771
2905
805
3519
4684
113
4028
3263
351
4018
795
48
1295
2116
3730
868
3364
2091
924
4466
1965
750
4801
482
2470
4148
4485
4972
3699
395
3843
3899
2019
1824
322
2368
877
3115
2626
1319
4873
3659
1413
938
1128
2266
1842
4998
3385
1392
2219
2716
958
100
344
635
121
4402
1648
711
1637
268
1173
2763
3980
2600
1057
1192
5
4543
824
1333
2123
3190
2935
3926
2257
3233
2732
2440
4811
4634
4531
83
1036
3965
3275
2887
40
1941
3132
4297
3752
1427
2729
2915
3578
4441
1261
2030
4242
3460
1652
3551
2539
1120
2979
2443
4207
3059
2057
1368
3595
4775
376
4478
4648
2686
2819
4970
4239
3244
2167
1003
4183
2797
2558
2530
4601
4887
2872
846
2481
1616
753
2301
1286
4723
1839
2966
520
2850
1801
899
3855
3649
3207
3471
2176
465
271
641
1098
4044
3008
2922
3462
2581
3741
3032
2397
4399
302
2634
1204
3045
3787
4135
3686
1546
4350
1954
3779
292
406
4156
538
4172
1668
2225
3762
4068
2657
1497
2543
1485
1572
3617
3934
1026
2645
1570
2242
11
4458
3075
4627
3407
3631
1448
563
4828
153
3834
2607
818
2866
178
2661
3292
3254
4659
2949
4491
1019
1469
2039
209
3624
1245
4766
2829
2574
3438
2182
3100
2506
1596
3130
3862
4192
443
1521
3012
890
3216
2150
3379
1301
4118
107
671
2498
620
3546
1102
3708
4699
628
4087
2478
4217
4664
3340
4414
2045
593
4129
4002
3483
3906
1770
970
3412
3022
687
3950
4040
1472
1753
1858
3999
4315
2152
3083
2691
185
3312
1217
4676
4933
3349
981
4598
1169
3108
4331
496
288
144
138
2983
1042
4356
1715
738
728
3526
669
1738
4732
1075
2240
1871
3503
2384
4566
335
911
1137
1687
2194
4798
3981
3734
1608
762
3392
691
1390
4709
3882
4330
2359
314
1777
787
1557
1322
247
4839
1145
4054
2897
362
1251
2858
1887
25
4917
4363
1235
2140
3911
2680
3565
4907
4719
4787
2414
4959
3179
1895
551
1539
3323
1156
943
2704
1792
4948
4528
4590
2427
3444
3142
1373
1691
3800
3676
