20438
45946
25440
43677
19462
23644
22431
49279
2500
6356
34765
12987
12859
9992
2245
27819
9209
20374
6879
4331
15180
25724
31685
25411
11236
22274
97
9369
1642
44605
41211
45398
14365
47237
1256
40448
16659
39063
46543
41597
4223
47175
28251
22977
46686
11638
4326
1301
47252
37801
38830
19072
49332
7671
24041
9536
47939
26948
45626
32427
38706
9252
36176
44574
12288
24137
37453
44452
27015
10416
16630
4691
17551
31403
6841
31661
22423
23591
17383
16166
38201
15363
33829
14296
33149
17286
3415
22547
28164
10534
25995
36213
35041
45858
5159
9289
3902
14756
26017
2056
21419
34859
16079
753
7902
39441
1362
24474
18042
5042
46665
21726
48383
32984
187
16395
46822
45900
20035
31151
29352
18789
37296
29502
10166
19938
39510
46607
15453
777
7370
10421
26212
48716
12465
29746
20359
42032
8857
725
9490
20871
26319
8367
40561
13430
48066
24640
7839
31368
30744
29731
45408
23527
49532
7982
45565
2009
26156
45131
23395
29685
22609
28354
22863
33188
8434
34705
30462
34322
46598
21473
36908
19899
9575
19994
39238
38468
19477
16604
1030
6542
30013
15433
39107
10973
43636
45086
34780
31495
25173
23993
18999
41486
30785
29792
45514
44765
28826
42994
41070
31238
14152
10303
46721
42452
47876
39330
47138
36170
29819
47283
32744
38556
32262
32126
17434
28319
21978
6859
45240
20298
21778
6885
41984
13245
12023
38839
5510
17148
13263
14188
15101
6914
36965
37932
13884
17798
32833
33729
44726
40293
34105
37568
18157
41420
37638
42641
46653
2625
35320
3640
30983
34246
46969
31086
17418
748
23653
11622
26563
23502
47507
35686
1577
4593
42574
15253
29220
40702
22934
20702
35483
17450
15929
42400
7110
26105
18294
3544
9293
41707
18015
25844
44898
26691
39721
24599
25475
49061
46422
34725
49425
29166
5413
44309
7595
4165
1140
37237
11620
24221
2865
15357
19503
19912
44568
24663
2044
2340
15896
41529
19828
36110
8399
29070
26597
13965
11312
18039
45183
15889
40006
5997
26867
31133
22461
46818
21579
266
40903
7036
15085
34861
28997
16274
36884
19924
425
2356
44361
15654
12757
4781
4862
22718
43693
3393
24793
20586
43726
46238
37424
49125
38982
27326
15185
38032
49946
28670
6583
33103
40221
31464
27051
36025
35839
39376
45298
26536
14988
40615
3359
33530
966
10329
19149
29906
17348
14916
24709
7930
46862
6331
28600
46361
4590
24735
16694
47963
14721
11730
16926
23490
29889
29752
5973
25939
17005
25358
27297
532
38564
41556
35387
8240
13341
41967
4557
5643
8054
42089
16352
38952
36532
14629
35007
17978
37999
47066
36803
49393
38178
44082
28815
34647
9977
29564
12819
9693
33425
31354
18639
23198
6350
3203
38350
36912
10836
10395
32271
26342
23989
37539
4126
15577
35341
18978
7605
29926
2912
24579
28782
30936
45795
4172
48725
46583
42528
8957
3386
44390
7172
10448
3754
5428
7659
48131
3466
27494
49448
34060
6029
6041
3232
49669
10898
31037
332
4764
25190
25702
24914
23024
34063
10744
1964
37523
9122
16704
30214
45737
11553
10317
275
22022
5817
10622
42745
36428
21232
36232
7084
49685
23292
22626
15989
31319
15552
47732
44870
2482
17397
30048
17815
23545
41745
22558
24151
11478
25586
22733
48615
3370
36748
5669
30777
17724
37722
18737
24645
18819
49300
47730
21178
38430
24204
11448
39565
36313
33654
8739
27567
27503
25512
10074
27787
29081
31022
25377
13828
42786
21396
18863
12278
42438
42214
34719
3672
10438
9496
48565
14699
15076
46193
45330
27753
44077
20026
1262
39080
30321
2846
40549
4549
27384
881
19887
23462
49488
43708
1951
6162
26800
29790
6943
49602
26781
22230
2559
43653
2804
7630
21055
7952
38413
11142
12894
35973
42252
40302
40197
49268
48113
41442
12732
7412
35589
25812
21674
37107
48913
12685
28274
22397
7567
3797
37163
40026
38360
35648
2727
42208
23954
36139
28364
37201
13604
22301
17522
37818
24369
1484
47605
38541
17740
29368
6072
38439
37174
28637
40723
23064
25306
46540
466
16790
19726
9888
10784
43320
16968
26467
48998
26259
41140
37826
4813
32139
25942
18944
1346
40984
23331
12127
44349
8478
38860
38946
11355
12043
23494
21814
34168
34127
21312
30231
28774
26072
24289
37882
38669
27967
33736
45778
37003
10053
39386
15003
45130
15336
26832
17664
14780
30584
38744
41478
45224
1732
17032
18883
38407
46752
18058
25980
6308
19224
45211
18726
31717
48882
1005
40760
647
31545
38097
2906
33484
6563
48420
47944
23974
47443
21261
45429
26174
28850
47095
39959
35271
45154
27431
21645
10375
21557
6460
19716
31099
3327
13001
43458
32998
18601
33280
47309
18335
35445
38761
14063
9835
243
42592
9556
47408
30298
29271
3460
27077
40323
8422
49581
18496
11953
44339
43847
25507
4407
27779
7306
5214
20742
15230
25002
5384
6241
22295
34380
17154
5369
25237
4749
45907
17206
42405
4287
26975
49376
10186
11847
43517
48740
21631
4342
25867
5915
46126
16732
9304
9119
29981
22750
4531
49091
37902
10473
46924
36579
11092
10610
7407
12383
1848
2566
5539
20968
7464
7129
689
10407
40513
15140
9743
49653
46251
20055
43644
12436
31414
18111
43020
23891
41732
22617
39614
46067
20168
45099
20771
40870
18699
7424
39824
26272
29590
11895
35946
1188
9423
48758
14683
11968
19387
20951
4831
32366
2549
7776
7572
43276
16860
43999
37978
6467
16332
27515
35523
11411
35253
30477
5770
38379
15938
29529
7647
18549
19291
34081
11590
19652
30028
1233
33178
44802
2677
10456
38978
34629
18648
34798
13329
26951
22994
45496
7015
27646
48406
18512
44993
48661
24198
18909
27622
11066
1838
6936
29204
15310
26453
25040
37012
41546
40656
28013
18404
33405
31476
44977
33359
483
20545
25068
43102
33698
21145
26099
49363
20144
46218
47358
47034
40154
5019
40717
28856
45420
27764
26761
12618
41956
49160
38030
19813
9266
19878
44133
4140
34173
29041
19204
22449
26055
11370
21155
14118
34745
49886
21717
34504
46148
31691
27192
36095
37746
26702
21607
14805
38601
9470
37844
1528
23800
12790
16068
37072
27399
12542
2031
22756
20394
16091
43613
12395
41427
4908
17602
30538
32399
48623
28055
49863
23101
21532
33262
10563
15481
5295
9372
8486
31379
405
17023
6438
28006
4480
44669
10845
40348
27982
30961
16451
30341
9061
46288
22965
493
45173
16999
27413
14663
33927
48592
15717
20508
44057
15383
30501
4729
36481
8567
46714
32099
9987
2204
44277
12351
48855
21340
11347
36461
5225
27134
20238
9142
28672
13672
8164
6772
43035
49386
13155
18683
22138
6128
32689
23412
16216
6498
47547
24065
13079
17406
80
16143
47558
29494
43711
28457
7346
368
20003
26680
49822
19254
25751
26737
40926
18842
23610
39702
36448
27526
36204
11879
12410
5073
38537
47219
3518
8327
9661
42792
19185
26088
31778
18343
14165
39513
31638
40667
10013
17106
17692
23563
5448
17713
21882
11498
17367
43821
1224
45333
40784
46769
38726
24534
10853
9313
13854
13924
35094
31391
11760
704
10505
24076
27863
35434
40012
20847
40317
33951
8021
12569
18630
16401
19124
23557
11530
25101
25342
37598
35708
32598
13738
42443
31922
35804
34903
47246
30689
48801
36365
34263
27108
43238
10549
1929
44660
35741
41343
5741
41782
42695
47594
30767
304
21512
32459
8790
28629
18593
37346
28893
44594
167
29305
17682
10109
41515
24083
8005
46785
27535
12833
42830
14576
30893
29627
16160
46567
9751
10111
25916
20495
7815
16555
17191
18805
12081
34351
46876
39437
41930
28469
32799
20246
40386
11281
16477
30530
15743
47339
9089
11852
49178
13637
44440
44016
763
44834
2471
36651
7935
12327
9173
1690
3042
19373
44637
4264
17048
16268
43163
19541
37475
18279
2102
17016
44590
22526
48902
37737
29447
17173
18071
49132
20324
42605
6258
34617
34133
29157
46354
13997
217
8558
4181
15407
32343
45658
15539
2118
44506
5652
31743
25051
42583
31537
37627
25083
716
45266
1934
14084
32787
41451
14397
48986
41259
12266
17234
48
5726
4929
39742
7009
48214
36158
24881
3534
21746
12003
31145
2697
32863
14606
13846
12824
48937
26505
8907
22898
2778
15470
16485
38187
40455
49759
43813
9891
44202
44498
27167
1789
18537
30869
42670
46982
31580
27355
41729
1420
36939
42540
46454
28579
27901
41671
26330
48469
18094
18705
24427
11275
39975
41642
20673
15836
32181
40673
27460
802
43212
13027
34389
37032
48537
39058
26186
28539
29900
18311
47344
37191
32587
39260
2652
1278
6760
39086
6200
21346
25142
44936
30364
10921
35207
27657
388
8841
3228
36777
36556
23058
1064
44881
19367
142
3982
2385
28530
25152
2398
31453
33399
33071
48302
8927
49750
48783
19344
19741
38579
3026
11693
15693
36831
44092
5008
29259
43487
19768
40339
42898
37603
3339
29674
42507
15128
15069
16018
5555
678
26426
33875
28327
30208
33019
4462
17676
18918
46996
28945
24764
16684
38776
47472
20597
25924
43831
39493
26200
4447
1172
21792
29845
25631
40136
30953
23865
24244
31209
23
17626
38067
36384
36037
6711
47851
44379
18244
7946
31295
26235
12307
22786
29542
12749
9525
16950
36063
25625
28026
47187
33629
1885
5179
9862
133
19021
23905
7699
36727
6147
20646
34337
33063
32889
24177
16668
49199
19420
36825
30854
44291
28087
15792
12642
34092
41085
377
27671
46470
14477
32927
48124
1990
33703
8611
48815
33194
34012
37360
10122
21821
36596
48189
4029
14530
24334
19907
36522
40351
37620
33857
30112
14150
35495
475
45310
35984
860
3145
5936
13723
35138
47654
37221
47118
32229
24025
13196
23679
48841
49502
39182
31308
32569
8817
24010
15203
23539
18290
34427
5893
13576
8701
38782
28139
49230
15471
36782
12038
45829
9408
17930
37241
41720
24910
8866
11175
2445
26900
5190
972
39805
18183
39011
81
33205
33446
297
14405
33762
3650
6661
44927
7255
6835
19579
8384
14266
47210
29191
7319
38526
3949
48578
5929
43349
28142
31214
3006
41999
35474
23435
12249
44558
12172
20215
40212
31257
46933
12935
36635
25316
21857
28722
23884
31753
42872
26987
32256
38498
43941
31528
32880
38582
23385
1459
34151
36857
41318
8994
3109
8796
44790
3057
31814
36797
17307
49730
13257
33901
46898
39560
16497
568
48330
589
2927
23919
43389
13378
37154
8970
45649
33808
36042
46419
1204
2947
4252
18754
16869
16822
6640
29964
19950
22141
41106
3917
37545
30819
40461
3745
44330
39913
2741
31562
29293
20224
18371
22475
39267
8779
43969
22037
17458
25695
42359
35038
9908
34928
35016
49253
15053
13442
32737
983
45580
26264
20986
11336
32303
44050
40044
33933
39048
41169
8297
36879
14135
22091
38791
6322
41221
28800
47129
37410
48369
14591
49624
21360
33059
46393
22367
3573
26308
2860
18586
17949
23237
3493
32810
27048
16390
1311
10592
27341
46801
20185
40181
5883
14557
37557
7200
9075
36818
3214
49030
19010
8342
25828
42617
14840
36545
39477
33562
32636
49213
9722
17569
40621
12525
6136
24845
12551
15566
43860
43133
12291
32955
4796
15679
6054
29433
15288
23221
7912
25675
43563
11027
878
11162
9034
33614
38443
39022
23128
39908
3266
17708
14484
28908
11132
43224
18209
42054
1673
49999
49164
6987
30515
32557
34415
2326
10821
17507
43918
18456
42006
46958
14200
48108
11188
14455
22599
46856
11823
34845
48528
36669
37681
4459
42412
6595
3829
46442
12070
44285
16932
8764
43761
24291
3165
49082
6955
38656
30904
9168
29345
18931
38596
46558
24235
35143
48244
15528
8574
48678
41150
16958
12919
23858
5691
8686
32624
11303
22883
23011
20266
21921
2189
42072
27547
7375
42371
20453
47838
2463
20255
10248
9354
32200
45931
4690
13295
3611
5
21802
17644
18413
3295
43583
18390
37752
45704
46016
17855
2836
14934
12883
15047
42939
25388
3260
4987
47622
42277
14058
17846
21431
12951
45437
49518
17884
40265
7752
25191
16770
24585
35785
31605
26804
35080
41857
46117
20102
24271
20473
2889
32009
6962
2317
7140
32435
23612
45047
21300
23325
37066
23772
20569
5576
28177
48156
17836
17074
6382
22825
35561
20945
34957
38816
6574
22326
39368
5379
829
24341
28292
42164
48034
6081
9240
44320
18328
12996
13144
12706
37655
3119
27176
36512
30576
29992
46021
22677
2437
38250
7515
20795
43805
2143
13086
20345
45807
31
3608
15978
15510
11489
24936
21070
17804
12595
27021
998
6220
319
37433
35221
7149
17893
47896
25954
24982
1159
20632
7393
25788
38715
13471
39338
42093
27939
21952
20971
17614
49305
17875
26938
18969
1288
26771
39150
39118
3965
25445
47776
40952
44466
19152
48237
27303
30405
25770
3307
17258
23171
37839
32146
40392
15143
44420
35634
24129
39879
42461
29633
25133
17267
30913
16973
11371
44733
24447
1212
25269
19797
21833
26713
22353
43352
10914
39174
35666
41610
44825
5826
48334
18123
18200
8208
33289
11019
11400
28498
28214
33831
4317
936
41045
9339
19495
20551
40764
5343
36419
42363
31182
7247
5112
22500
43506
42849
870
7354
32851
24469
17771
29340
23700
43760
47078
26690
38146
20760
42908
25857
9919
30570
36565
3557
7381
28737
43070
14885
30947
46705
7184
1360
7859
31641
6312
8878
35212
17275
19118
815
25071
26166
31487
49819
16192
24035
6171
24114
2811
9597
36358
9711
43206
14440
30610
33082
12076
38398
34275
41074
16222
34577
31786
32117
19443
49556
26859
34453
35734
5324
3274
7294
1474
5713
7480
21430
48687
27201
5399
9041
8307
40606
18425
18746
20466
39634
6612
434
21047
13833
33683
24823
8675
32244
2230
25460
1778
1374
42200
8539
16582
43097
8541
26490
5108
37923
3873
16463
22129
32706
1381
21287
39693
39274
27082
23150
15038
48430
41669
23736
25521
17223
15011
45673
11388
28196
35756
38015
21897
38128
34516
29467
16614
32358
12678
3597
16636
24451
42550
8883
49935
21789
30266
38897
37775
20408
38622
34296
46311
1507
23366
8639
9223
1903
18990
35247
13138
24964
28742
17998
25370
24682
41324
19338
11213
2996
38192
37662
16044
26029
44858
48392
35370
40433
17089
4354
25983
1082
44262
2953
14126
38079
31891
25210
19536
48006
7056
46904
28188
36057
28066
34499
48174
21962
20131
49579
32601
30143
40490
45669
10367
22638
23246
14612
19614
16298
19175
27425
10203
7781
19585
3151
40880
43792
43744
40539
11644
34543
34739
30332
42754
20319
13032
9342
30439
11944
33416
44941
35843
1810
17547
3434
18528
31627
45977
48862
4049
11991
29700
36297
2294
34697
25258
1853
8378
4232
22066
48507
18392
37703
40970
15154
29400
21705
39345
19014
695
33024
10634
5861
7663
8355
28481
9804
915
10192
8831
5706
13170
7094
25840
46171
3629
9562
15497
12255
6186
10036
10981
21187
5068
34896
25493
47663
28122
7889
42568
9542
41761
32177
31701
24950
20617
44188
44526
33986
31554
24312
20411
26902
24355
49859
7334
9586
22313
48197
48649
16185
24392
39998
33239
47678
28916
34252
35329
13019
3940
21842
16773
4018
11204
2782
1818
41875
32406
36284
8262
41814
32724
47703
9011
45107
10068
6202
14101
17139
43479
28428
13109
41826
3403
45116
40731
12606
9157
19733
24375
30140
13741
33550
35123
11110
35824
44259
32908
39296
13289
20891
7163
2639
33790
43152
48343
11437
13788
41698
33042
29854
24527
45688
42266
2793
41010
41268
35885
20528
42734
3808
29575
17186
9005
40059
11780
47867
4760
47278
396
6412
45064
4848
11504
31827
17960
19048
46946
46631
21210
22539
34826
17518
4657
42132
12653
41187
35906
32082
34234
35332
31519
3080
14953
4033
18363
29598
43937
32892
27578
25602
42701
1717
34820
37961
17580
13613
49546
15641
6710
15943
31128
11269
42106
458
49007
1053
22172
49834
41773
22901
49915
27881
23319
24753
3666
48496
13813
19164
6449
10288
8730
34833
36075
20449
44022
28864
33478
19399
27128
11912
32163
14519
46491
37446
6997
30430
46473
28754
36846
30071
44062
13895
49619
16678
40366
29172
2732
12876
12700
29267
36017
7723
7825
13593
27331
16758
2767
898
48359
34787
35302
37952
22268
7261
617
40587
44475
19869
16376
18142
41100
38120
35546
28647
11669
5942
13129
1900
33941
28766
7230
34441
10221
6800
28347
38006
11532
22643
11321
38221
28989
22840
22655
40697
19306
11908
31060
45878
11600
45037
40847
21505
33715
19686
46210
49955
19359
36738
34478
6739
42186
21685
39969
45192
43596
48230
33597
8283
31106
29290
47016
23279
27744
18029
23255
46842
30124
43270
6363
47329
3484
1742
43438
12475
26050
11228
7586
15860
49357
6295
15664
44677
40597
23584
48832
10558
40380
17119
23629
27833
3658
30411
45952
47907
30594
8942
28566
11565
23165
22953
9214
44961
11573
21911
41401
13334
35592
13492
18718
21242
12517
36123
46679
1999
23354
29972
24564
2718
10091
14570
6823
30620
4720
20282
10660
8622
11770
13457
43332
18880
11738
4622
46731
27720
18924
19710
45147
48633
5465
8751
25568
4143
12970
12978
5309
49112
4213
14034
27279
65
44904
22260
41440
23421
45354
22880
6229
42336
31043
32319
42882
43284
45002
8494
4825
2161
46244
48058
28264
14463
19269
49802
20205
43184
36113
35085
45168
24840
28437
24383
39797
7065
43425
24956
2154
49312
14235
17475
33295
19059
25683
19977
23075
40081
33155
1011
21659
28690
4076
5460
26447
47059
7636
4084
32934
9621
26514
48453
23790
20940
40035
20786
28284
5523
40412
13543
3997
35628
31289
27236
6476
4363
29612
20813
43149
21949
34212
7329
47313
46380
16819
8913
28420
39931
32036
9813
12102
43122
41276
30976
32506
8104
12577
21541
40996
38672
49108
10087
39283
45600
6514
49076
37082
9618
7732
34919
34751
33846
17058
10878
9769
28333
21735
9110
22844
1597
37862
39310
45817
44010
30272
10387
29328
37378
39683
33228
27111
30660
43543
18139
6896
37507
39394
20911
7717
49909
39191
26401
45311
36194
12311
10294
17217
12096
35940
26926
10358
32483
11707
30060
5433
26034
45540
5565
515
24859
115
19860
12764
46529
49648
7863
39815
27006
36089
2175
1691
1148
1241
27268
11129
36248
48557
43871
20685
23098
2417
1116
39768
17640
26992
15278
33674
23034
40508
441
12162
7900
12632
37046
32285
26917
41128
46647
35927
42951
44162
47582
32480
35508
2520
9601
48433
16129
12337
31959
48769
39832
10938
19100
15751
28072
15598
47713
49349
12417
49186
23688
38505
3193
23812
23281
27033
37981
16318
24407
38486
2936
40479
28441
47991
41199
1825
33318
16535
45727
37122
4632
2341
959
22982
43921
179
3510
6037
8608
4271
4955
35856
9057
38318
10218
13396
12630
35409
37000
34316
32523
27851
41791
24878
5314
26352
31884
41561
10618
11922
10642
26063
25776
37214
19567
33574
47371
15813
13558
11976
14209
2289
24619
15735
41903
34980
39121
13761
15442
38103
23969
47915
28516
27614
15998
11654
39414
38923
42423
4242
35553
16643
19137
12118
33259
18566
252
37581
21087
28695
22690
2402
30098
29914
15633
35613
28612
31247
16901
7485
7801
45368
18952
950
28966
23830
835
6978
21756
36271
37336
21129
35875
608
31673
22571
8973
16883
844
4525
10483
20856
2308
36350
3779
39591
36379
32753
44036
39852
36976
45020
14841
48775
49526
9441
23006
7509
34589
10499
9459
6861
49740
48743
34946
11004
42222
16507
30031
27314
18660
39248
10808
27372
43976
18667
27480
17423
44986
25333
33519
11675
37096
23119
40078
16449
32334
32061
2706
2533
47741
23449
21581
48653
3971
44793
41657
12502
48378
39673
27823
45919
1078
3347
8895
4665
30698
45698
38758
17481
26471
20832
42727
12345
19631
26386
19785
5782
41012
6408
4108
33869
16875
4381
36648
14657
15423
40949
15841
47001
5089
31228
13660
16288
44617
15111
10268
9935
40580
7541
38738
12539
4802
18761
49779
20488
43023
7494
35058
21279
48697
4777
12861
47156
25408
40859
27735
33373
45839
22202
31974
9874
37301
12146
5477
12771
16517
15803
1566
660
16366
19426
37143
48443
39152
27929
48588
41533
37281
34684
40815
5198
5138
48090
7045
8414
37485
42684
46102
45994
36150
47883
45751
48603
47786
23928
14249
26366
21901
45441
23041
32679
13218
6508
18799
30303
44191
39002
21404
45583
21445
49898
21026
21035
43198
37275
39863
36702
34025
1757
39467
33466
13714
46741
9922
19243
35721
12488
24329
2199
28119
11689
48201
35283
26885
10949
27091
32773
210
14898
36948
14443
9516
7743
5030
20810
26130
23401
26398
45026
11086
1536
31902
46511
16056
30668
15590
25013
47431
24051
31992
16742
26111
5520
6801
49288
48943
31858
11745
4067
45386
16207
40932
42914
10280
25873
22927
42768
29722
41636
39882
7961
8332
6656
46328
34664
40114
31002
17130
29099
24892
24485
39924
43076
11840
43409
33751
16543
40900
35610
19776
31611
30320
27640
22020
43953
48075
3714
41619
9643
33136
33458
30805
21007
21169
29009
31737
21993
1877
19274
12223
1400
41807
20119
49231
22420
30489
14672
14782
32491
35653
5262
30172
15914
19516
25428
48263
22004
27805
509
35418
12198
25322
39162
14548
20069
29230
31965
11295
35697
11815
20992
45638
26006
6522
40163
2073
42927
15519
15349
23850
29319
14510
47027
25882
14734
3885
36480
8939
18467
44126
8249
33507
41863
35775
8017
21621
47518
38370
10795
32470
7993
20199
49019
26612
14635
3034
31850
44410
38083
15166
31193
25213
6672
10003
47635
46883
16521
28837
25554
25641
19234
27146
13434
9473
14493
27222
3710
17588
19040
14533
15627
23188
39660
22501
40914
18432
21224
25287
45286
3570
14046
44483
39031
327
24497
37188
9279
42815
21454
20121
13794
7526
14415
16439
28405
2669
27367
40523
26284
34229
49970
36338
47167
20272
16832
45719
2263
45786
2361
45768
16239
3956
46261
43299
29035
41977
40831
8989
6115
1168
1606
35360
14213
44774
23151
8593
30629
32207
30550
41291
14383
24259
20717
15952
44422
34183
17785
3785
38616
31586
21100
38157
47843
16330
42989
38643
28959
29149
19842
34116
45080
34307
43604
11605
49787
42023
4853
43662
42655
5359
12456
35106
47199
40174
22114
19680
24520
49714
8693
7686
43364
2587
35515
31014
42150
14351
8449
2648
22692
4677
33539
42473
34141
17321
42119
44393
27971
43310
29770
34610
14826
43499
33883
30884
27556
20015
38917
3728
1767
12056
34940
24656
19802
15603
42304
27880
5254
22483
17359
46140
10763
17336
30109
1728
22851
46435
38848
14768
33559
13534
39737
22912
420
8808
8080
42971
12906
4932
29372
37797
5604
21981
39713
30384
7216
44149
40247
16341
30391
41243
39589
41051
44697
33918
13526
32157
4398
29015
356
19698
8123
24186
48481
47103
41837
25463
49047
4577
3693
1613
26500
42011
43903
26580
7709
24726
23087
14711
41118
34482
31347
47765
9685
6281
14928
20334
23580
6814
38875
8655
25744
46227
4418
10029
38323
5039
19211
2251
22191
25663
12496
40792
35578
8088
32642
5582
19069
3763
44111
47481
37363
15375
47422
37023
560
19451
2593
29876
16245
34653
39209
1542
39097
44542
48710
13276
36951
4375
19106
38390
14350
5285
32761
17061
41498
46299
42171
16988
27729
14818
33663
10773
32329
37118
32531
33999
30355
22335
25095
24869
44105
13807
17591
46697
20910
13181
37916
39846
30733
35195
12371
6380
49677
15026
36391
14992
16803
21306
29648
35064
45279
15418
37252
21378
19401
21564
32049
38285
39577
20862
29421
18357
20580
45882
47089
16842
20827
13862
47451
6728
15195
3122
40804
31875
36403
32021
14071
14962
9508
2982
33364
1323
45989
9241
43627
10158
21105
32378
29455
18303
13772
6394
35399
5903
37763
46035
1587
11469
16308
36863
2239
22048
19596
16132
37786
28542
26296
40282
34557
22666
32691
13566
797
4738
22710
38251
47960
29941
5858
40427
27842
33040
25600
45469
20081
669
7236
46190
25396
5758
29552
9787
28710
41373
10337
30251
18471
19195
33242
2015
2576
2099
8176
14705
45961
47617
31073
29479
15543
16088
2123
3449
33126
21384
5614
16799
10752
6235
35161
1633
20041
4709
45202
1449
39646
11033
27663
43172
22347
16031
15786
20698
16102
6907
4519
27587
4056
13685
35991
42518
48147
47362
9092
46796
31795
7459
42043
22390
31112
8254
2961
31836
8526
2089
21595
44811
47223
7280
16575
38480
12137
13918
2758
10958
6279
13091
30227
7555
31948
38997
36504
9955
5671
38968
40403
12809
37496
38057
28652
6606
32238
31339
13950
4120
37465
39316
15099
7157
42350
37513
44916
38303
43572
35674
38279
42859
44745
29024
49401
15902
26142
33973
49144
41623
41399
15825
1435
38299
3380
44539
1793
40889
12427
16416
49473
48823
17292
22942
30672
6536
39452
39780
29239
36696
27286
24146
10140
29519
25803
31724
3736
4294
37388
25045
24543
16
27892
18104
1291
9777
29715
34565
4609
43398
46059
25023
34801
8315
3069
43982
19645
30250
48549
26223
24692
25544
38520
13390
27596
4210
47983
32949
46489
48977
23664
9794
31867
9432
25129
48969
7116
36010
45923
5164
30457
17986
32654
5843
14750
22168
22054
8213
32549
26722
1702
33639
15683
43004
18223
1623
26758
9383
20629
20928
40232
38166
26250
12204
36672
528
4157
35813
29827
33161
32572
42626
5098
36493
36620
13239
44358
15299
1409
11937
10869
38041
42316
26848
16030
36251
14255
7847
25651
38219
5622
47576
44516
27707
43464
229
15400
43531
11545
8828
41033
42295
40206
19439
49872
30843
37140
43885
38460
18671
42946
45054
22762
12584
5735
33437
2823
20653
29807
49975
33335
37323
12725
36606
13057
13939
7796
13976
10901
10703
18166
10964
22565
48020
4912
49413
18616
24434
41892
41160
11155
30153
26334
43248
25902
17768
14278
8117
23140
2454
36226
28879
24805
43790
2681
26554
26209
1465
9131
10683
23478
30001
41579
48252
3100
36686
30645
8454
20536
32969
24927
44684
36268
30878
8513
48478
8590
41935
7284
17823
9679
22233
38688
43049
48894
39409
41334
10885
24419
43442
27244
46576
18010
21940
24270
43418
35427
33602
26816
344
23940
23380
18821
571
13669
17461
28975
4424
36590
49433
5240
28092
7612
32108
36629
31931
24212
43081
37856
43899
33098
17493
25795
7444
41173
6768
23205
30088
11193
49926
10674
13907
18853
27913
46081
47150
8469
31437
34432
21523
28373
20176
30198
24102
18239
42061
1664
19282
8405
4970
15241
36925
16895
24505
27994
18212
3019
32517
17539
44629
7030
34961
14098
29120
2070
109
9968
15703
22106
1560
39545
34284
38939
12664
28226
32055
49567
31768
32848
18575
34368
23765
34467
25898
39425
28885
20762
41582
290
30791
9415
22287
14852
22809
36304
35467
40259
30378
23511
45244
28303
34031
21254
44753
28389
26970
23806
34884
27483
10590
6559
48099
34638
23717
48272
3089
34003
45545
21485
47269
29653
21218
31447
47797
45841
23835
14644
11988
24558
44843
43113
40632
47397
17934
37400
27158
18252
48879
28399
42159
43326
41202
29137
29960
13584
46628
17374
28106
30755
31266
23345
24093
39536
26590
3834
35120
5954
49201
10720
47757
1128
28510
25243
49059
38881
1500
44227
6261
25719
5872
37053
33498
24816
41364
40558
9845
121
10816
32815
34597
21692
34046
31595
8646
12713
36716
2874
9829
42638
13180
34343
40685
14023
48520
34533
21499
4993
34527
9633
14864
14907
33390
14792
11429
33811
11451
46836
13709
44155
17907
48041
45553
36762
49598
31989
7537
25576
19758
7972
2891
22242
42775
30712
3289
13645
33643
18264
45504
12923
11512
4874
42864
26528
27466
17911
39788
16599
18554
35795
2619
6649
24749
49793
1032
43870
40830
29130
39353
37941
4009
3861
21869
4947
5146
4310
3527
48313
46618
38862
8184
39484
42322
6749
22721
35537
6104
36329
14310
46010
34391
32294
16919
10726
39621
18508
35233
44443
45252
43740
48288
49325
13402
30996
6016
37880
27450
33581
42678
13755
10998
60
31382
45455
36454
13486
26436
4487
4569
23308
46093
25278
19605
40972
42495
1331
42809
9659
39664
38131
4619
4882
5687
29938
26635
44712
37420
33321
26140
1520
12232
10462
33010
5274
3245
28476
4976
15775
13505
42281
38801
46334
3179
8042
21074
31502
26610
35894
18891
12369
16173
8272
20723
4644
35952
34873
26644
3820
25487
15616
49469
31177
11251
47805
11075
43557
35265
1043
2427
928
5336
38909
41237
26871
35767
153
14322
3187
47411
41468
11046
3685
24015
34206
47817
21131
35715
22376
46407
28589
48929
20160
42234
38335
18178
13221
25112
45603
36188
24674
19970
13305
47645
47973
45615
47570
42833
8133
18067
9702
21770
31066
1105
43372
16253
3476
42382
5486
3927
9191
1192
39220
12183
38270
36438
37674
20669
18776
44231
11405
625
28719
15871
19329
46076
30925
26746
29485
39989
11867
44220
13697
9949
17318
13981
902
33967
20093
5805
29868
5245
2976
5127
27689
9392
49245
27793
15326
17757
49700
13207
22817
23758
24785
21366
4200
46344
635
27691
7764
39530
40067
39757
24602
599
41027
47493
21015
21192
33777
14948
15317
9324
46917
29184
5054
34197
47684
31428
35917
5774
46050
23743
12444
10579
22455
6782
5500
13360
5408
9023
14290
35181
32667
49985
22791
49770
10344
21114
19834
40093
48163
32717
32972
26375
47828
6696
22214
45485
18485
28039
12159
41382
48029
21665
39896
24630
24779
19990
2509
6006
14879
15238
26661
49453
43529
20601
32619
18444
4500
22776
41849
42965
25536
10256
46305
26542
29838
17962
30443
40101
20385
20513
14429
20884
3313
32918
14002
20076
10520
28936
8507
46979
31920
4097
2601
10145
32413
45742
32074
15723
37714
47924
6156
28156
14013
29705
9189
28925
49631
8065
15769
22071
41686
21468
12211
29101
45472
1862
5967
46273
26655
33793
30633
11713
8199
7073
41887
47538
49706
8667
35459
16427
29055
23729
42246
35030
32447
2218
24993
40496
29075
28241
30286
2274
44880
49495
37650
3583
5596
1427
1095
35297
5639
11800
4509
22516
33309
28608
34079
11809
36986
24303
30161
28237
26824
48960
11117
27256
14974
18081
41942
5983
16561
8158
30063
28208
45527
15270
32020
23876
41358
5835
12015
31275
2372
21322
27605
47466
17099
36759
44645
47297
5793
46508
45379
35154
46390
9853
42127
19524
25226
6487
30822
15865
5202
21877
13042
25292
25614
46161
40777
25965
29387
8750
30706
49845
12845
10044
27947
6688
41918
739
34672
19665
28048
29665
37894
16723
24166
3856
45865
37693
47521
20740
43683
6096
31328
10529
46775
38233
10694
28559
15212
37578
34997
22159
33347
26629
23949
18836
35868
27952
47046
17742
25731
13625
23632
39950
24712
2022
29601
15970
42557
41756
196
30726
29244
27187
14177
10734
23702
16717
21615
14313
20304
42481
49032
42716
31804
12797
34406
6627
1946
39135
13465
25162
1917
7209
3132
19956
40647
35175
17170
39602
29409
44701
5549
39223
13064
14229
16002
14588
35372
31655
43253
8230
47381
37311
44954
10665
13871
6429
10233
13369
2134
46154
23217
40148
31162
30494
3844
47699
8141
1975
11886
30834
27211
17244
2527
6922
30556
48792
27067
13416
12948
30182
8098
44176
22083
14377
44242
9733
34986
38637
7876
20429
48295
24978
19552
45350
43775
35965
4439
38694
13515
29415
32219
3898
29775
547
17870
13311
28805
22410
11246
22187
37269
16117
33895
1655
4891
13958
19320
41283
13117
40741
27410
14332
33112
8031
11783
23453
33220
40130
26418
7439
6070
19083
3423
43056
23261
32822
29538
8718
36899
32384
41507
783
19625
33742
22584
41308
17656
20365
239
40275
11059
19484
10172
